0.000000000000000000e+00
0.000000000000000000e+00
3.000000000000000000e+00
3.000000000000000000e+00
1.500000000000000000e+00
2.100000000000000089e+00
1.500000000000000000e+00
9.000000000000000222e-01
0.000000000000000000e+00
0.000000000000000000e+00
0.000000000000000000e+00
0.000000000000000000e+00
0.000000000000000000e+00
0.000000000000000000e+00
0.000000000000000000e+00
0.000000000000000000e+00
0.000000000000000000e+00
0.000000000000000000e+00
0.000000000000000000e+00
0.000000000000000000e+00
0.000000000000000000e+00
0.000000000000000000e+00
0.000000000000000000e+00
0.000000000000000000e+00
0.000000000000000000e+00
0.000000000000000000e+00
0.000000000000000000e+00
0.000000000000000000e+00
0.000000000000000000e+00
0.000000000000000000e+00
0.000000000000000000e+00
0.000000000000000000e+00
0.000000000000000000e+00
0.000000000000000000e+00
0.000000000000000000e+00
0.000000000000000000e+00
0.000000000000000000e+00
0.000000000000000000e+00
0.000000000000000000e+00
0.000000000000000000e+00
0.000000000000000000e+00
1.499999999993300026e-01
2.999999999987599808e-01
4.499999999980899834e-01
5.999999999974500176e-01
7.499999999969200193e-01
8.999999999963800290e-01
1.049999999995800071e+00
1.199999999995299937e+00
1.349999999994800026e+00
1.499999999994299893e+00
1.649999999994800071e+00
1.799999999995399946e+00
1.949999999996000044e+00
2.099999999996500222e+00
2.249999999997100097e+00
2.399999999997699973e+00
2.549999999998299849e+00
2.699999999998799805e+00
2.849999999999400124e+00
3.000000000000000000e+00
3.000000000000000000e+00
3.000000000000000000e+00
3.000000000000000000e+00
3.000000000000000000e+00
3.000000000000000000e+00
3.000000000000000000e+00
3.000000000000000000e+00
3.000000000000000000e+00
3.000000000000000000e+00
3.000000000000000000e+00
3.000000000000000000e+00
3.000000000000000000e+00
3.000000000000000000e+00
3.000000000000000000e+00
3.000000000000000000e+00
3.000000000000000000e+00
3.000000000000000000e+00
3.000000000000000000e+00
3.000000000000000000e+00
3.000000000000000000e+00
3.000000000000000000e+00
3.000000000000000000e+00
3.000000000000000000e+00
3.000000000000000000e+00
3.000000000000000000e+00
3.000000000000000000e+00
3.000000000000000000e+00
3.000000000000000000e+00
3.000000000000000000e+00
3.000000000000000000e+00
3.000000000000000000e+00
3.000000000000000000e+00
2.850000000001799982e+00
2.700000000001899991e+00
2.550000000002599965e+00
2.400000000003000178e+00
2.250000000002600142e+00
2.100000000002200107e+00
1.950000000002100053e+00
1.800000000002800027e+00
1.650000000003500000e+00
1.500000000004199974e+00
1.350000000003799938e+00
1.200000000003399903e+00
1.050000000002899947e+00
9.000000000025200064e-01
7.500000000020999869e-01
6.000000000016799673e-01
4.500000000012600032e-01
3.000000000008399836e-01
1.500000000004199918e-01
1.633512560373399980e+00
1.760330243469999889e+00
1.874093881114500038e+00
1.969098889479999892e+00
2.040581320741099880e+00
2.084956747309000047e+00
2.084956747309099967e+00
2.040581320741599924e+00
1.969098889481400105e+00
1.874093881115900029e+00
1.760330243470999978e+00
1.633512560374200007e+00
1.366487439626600020e+00
1.239669756530000111e+00
1.125906118885400042e+00
1.030901110519899966e+00
9.594186792588600410e-01
9.150432526909599851e-01
9.150432526908499620e-01
9.594186792583000445e-01
1.030901110518499975e+00
1.125906118884099971e+00
1.239669756528900102e+00
1.366487439625799993e+00
9.945385961792400087e-01
2.005461403820799848e+00
2.019904279762999799e+00
9.800957202368399956e-01
6.526226417509299882e-01
2.347377358249199908e+00
2.347377358250000157e+00
6.526226417498299792e-01
1.500000000001699973e+00
1.499999999998099964e+00
1.503131737880200047e+00
1.506663107939800073e+00
2.415624837795999902e+00
5.843751622040700422e-01
5.957738197499099497e-01
2.415624837796200186e+00
2.478580763902599848e+00
5.214192360978600060e-01
4.978234274915300239e-01
2.502176572508099994e+00
4.851224179218899812e-01
2.514877582078100193e+00
2.514877582079099838e+00
4.851224179208000198e-01
1.120920202933300081e+00
1.902681615812300109e+00
1.896422056785699972e+00
1.103577943214200108e+00
1.949574130295399943e+00
1.044188020282200036e+00
1.050425869704499915e+00
1.955811979717700044e+00
2.550591051036999790e+00
4.494089489631299950e-01
1.655571331121600043e+00
1.344428668878199895e+00
8.090798707791699851e-01
2.190920129221499923e+00
2.190920129220899959e+00
8.090798707784699895e-01
3.458990825314700035e-01
2.654100917468699805e+00
2.654100917469000009e+00
3.458990825308699835e-01
1.313919900470899904e+00
1.686080099528999954e+00
2.659352545605199847e+00
3.406474543947999867e-01
3.406474543944599809e-01
2.659352545605500051e+00
8.351367718951600017e-01
2.166002253081900086e+00
2.152137178167699894e+00
8.479852803765499658e-01
2.668303721810299844e+00
3.316962781891000245e-01
3.316962781894999823e-01
2.668303721811100093e+00
3.304501545580100230e-01
2.669549845442400038e+00
2.669549845442499958e+00
3.304501545571900123e-01
1.652577721477000106e+00
1.347422278522899974e+00
1.412536612332599972e+00
1.416016214779800109e+00
1.202874344370099990e+00
1.798071183700499898e+00
7.695598274926900295e-01
2.230440172507199836e+00
7.767010802003300185e-01
2.224296155120499829e+00
2.289641227116300026e+00
7.113631491580000299e-01
6.997240103832399472e-01
2.300275989616800132e+00
1.348038624845699918e+00
1.653410449089399936e+00
1.772182477136500012e+00
1.226340598627400080e+00
1.852338036901000073e+00
1.147661963098800086e+00
2.700413436650400012e+00
2.995865633496599956e-01
2.722119851842200067e+00
2.778801481577399812e-01
2.348916814795699803e+00
6.373917055546800547e-01
6.510831852046400359e-01
2.362608294445000201e+00
1.091797767378900108e+00
1.908202232620999972e+00
1.035316421283299926e+00
1.954646076288899970e+00
1.954646076288200085e+00
1.037002514487699978e+00
1.651272209909999900e+00
1.651080354138600104e+00
8.429058202495000041e-01
2.157094179750400187e+00
2.155634235702499790e+00
8.443657642975199717e-01
2.635602296310100012e-01
2.736439770369099911e+00
2.736439770368699786e+00
2.635602296310299852e-01
6.003635829377900190e-01
2.399636417062399829e+00
2.399636417063399918e+00
6.003635829363399568e-01
2.489904124647699946e-01
2.751009587535599987e+00
2.751009587535599987e+00
2.458506460947700034e-01
2.753946517743500078e+00
2.460534822564399982e-01
2.460534822559700130e-01
2.753946517744100042e+00
1.124993368837799990e+00
1.875006631161999948e+00
8.842432439169599645e-01
2.115756756083099877e+00
2.115756756083800205e+00
8.842432439161199698e-01
5.645816262051499557e-01
2.435418373794899782e+00
2.435418373795500191e+00
5.645816262044000000e-01
1.264865292440999989e+00
1.735134707558900091e+00
7.391471700874400197e-01
2.262887857069800113e+00
7.371121429299499761e-01
2.260852829912700201e+00
9.888585632459999664e-01
2.011141436753700162e+00
1.731861237216999916e+00
1.268138762782899942e+00
2.225664522709000170e+00
7.743354772910300277e-01
2.225664522708299842e+00
7.743354772917500073e-01
1.685692232687000081e+00
5.503567909864000018e-01
5.503567909872000286e-01
2.449643209012700051e+00
2.449643209013600220e+00
1.692444080515999927e+00
2.786516459399499990e+00
2.143559520513899919e-01
1.244079502230200029e+00
1.244079502229300083e+00
1.460376287005499929e+00
1.539623712994399929e+00
6.892276333494999907e-01
2.310772366650499787e+00
1.289741930843000040e+00
1.288480390276699916e+00
2.064527147105300053e-01
2.793547285289700088e+00
2.793547285289800008e+00
2.064527147100500004e-01
1.659830094087199948e+00
1.340169905912599990e+00
4.320271218061100260e-01
2.568052284410100139e+00
2.568052284410499819e+00
4.319477155892599840e-01
1.985547818967400069e+00
1.014714658986199947e+00
2.803148189473299912e+00
1.968518105266000018e-01
1.968518105263299955e-01
2.803148189473700036e+00
1.041243809133199916e+00
1.958756190866800084e+00
2.053752580910300107e+00
9.462474190895300286e-01
5.054854885458499592e-01
2.494514511454299921e+00
2.494514511455100170e+00
5.054854885446800061e-01
1.477876504421899995e+00
1.522735278469200093e+00
1.859522217087000051e+00
1.140477782912800109e+00
8.914667915567100476e-01
2.108533208443399865e+00
9.284517634212300363e-01
2.071548236578600211e+00
1.470353202640299894e+00
1.529784804401099985e+00
2.054844646912500128e+00
9.443814322562900099e-01
2.054844646913399853e+00
9.443999103079799839e-01
1.496767209191899983e+00
1.503232790807899955e+00
1.165807174006499913e+00
1.834192825993500087e+00
1.801025261300299940e+00
1.801025261301099967e+00
2.544207281338799920e+00
4.557927186613799919e-01
4.340290881274799784e-01
2.565970911872399896e+00
1.850546562693899943e-01
2.814945343730700156e+00
2.814945343731400040e+00
1.850546562686800067e-01
1.626789819734199893e+00
1.359104410914800054e+00
1.205674086216300012e+00
1.794486921998599938e+00
1.830023569637800052e-01
1.825663764260100075e-01
2.815511001448300021e+00
2.815511001448300021e+00
1.359416273563599953e+00
1.640583726436299905e+00
1.813811015462500065e-01
2.818618898453700172e+00
2.818618898453200128e+00
1.813811015466000043e-01
5.119380065597799456e-01
2.488061993440299879e+00
5.119380065593800433e-01
2.488061993440600084e+00
1.528223177522400000e+00
2.585004510129500055e+00
4.149954898704599771e-01
4.149954898699900196e-01
2.585004510130100019e+00
1.515322054934199913e+00
1.515322054934900020e+00
7.593184806485899774e-01
2.254703778661999891e+00
7.720532003212300376e-01
2.227946799679100032e+00
2.227946799678900192e+00
7.720532003207899452e-01
7.437713767543000509e-01
2.256228623245799980e+00
4.094059029440200170e-01
2.590594097055999967e+00
2.590594097056400091e+00
4.094059029435400121e-01
1.989327542027300000e+00
1.010753857576000003e+00
2.336662080544699815e+00
6.633379194558499670e-01
6.625247504218999550e-01
2.337475249577499969e+00
1.503045318829500099e+00
9.753214547476299900e-01
2.025908443577700169e+00
3.749260851278600204e-01
2.625073914873000014e+00
2.625073914871999925e+00
3.749260851270599937e-01
1.611953188178600060e-01
2.838804681181799960e+00
2.837544052648400150e+00
1.624559473517500074e-01
2.828557157337700190e+00
1.714428426621799895e-01
1.714428426618699874e-01
2.828557157338199790e+00
2.628900185975500126e+00
3.716455748781999913e-01
3.710998140248299992e-01
2.628900185975100001e+00
1.709625634524100102e+00
1.290374365475799978e+00
7.806144330710900192e-01
2.217983806521400147e+00
2.219982422700499836e+00
7.798394843662399545e-01
2.825000464387000143e+00
1.749995356125899904e-01
1.749995356128900004e-01
2.825000464387500188e+00
2.410174744673600156e+00
5.898252553262800513e-01
5.898246901204500237e-01
2.410175309879500016e+00
1.364130045776200006e+00
1.641177356350999927e+00
8.341061184331099998e-01
2.165893881566599788e+00
2.005939477915700042e+00
9.940605220842000378e-01
2.834378940210799946e+00
1.656210597889299918e-01
1.794822869990899905e+00
1.205177130009100095e+00
2.672462110918000011e+00
3.275378890823900102e-01
3.267538306105299828e-01
2.672462110918300215e+00
7.059265133793199976e-01
2.294073486620599844e+00
1.250127688502499890e+00
1.255617958674400070e+00
2.204509091394399878e+00
7.941869581628000496e-01
7.954909086060200085e-01
2.205813041836799826e+00
1.163714283887800072e+00
1.836285716112300070e+00
9.267371253296800004e-01
2.075323500924799891e+00
2.176466887529100003e+00
8.236287673539800513e-01
2.675357462559500021e+00
3.246425374406600173e-01
2.640816571098799859e+00
3.591834289009500081e-01
8.958639331113700255e-01
2.105804899625399962e+00
2.383524345633300179e+00
6.303134345729499710e-01
6.164756543672099687e-01
2.369686565426599945e+00
9.336656802080599560e-01
2.066255690867900174e+00
8.335654856484100428e-01
2.166434514351600171e+00
1.828789579573500079e+00
1.912797354279200057e+00
1.086031781659599904e+00
2.682285400923099861e+00
3.178115336826899950e-01
1.001923165905900026e+00
1.998076834094000054e+00
1.104824886604000023e+00
1.895175113395999977e+00
2.840295116430899824e+00
1.608196315340700011e-01
6.643301273759399939e-01
2.335669872623800103e+00
1.343015342367199993e+00
1.657231531526099921e+00
2.100988792389499871e+00
8.990453154995400320e-01
1.601146814448700106e-01
2.839885318555300131e+00
2.839885318555699811e+00
1.601146814442200028e-01
9.024966689940799869e-01
2.095503176352900176e+00
2.095432028698899884e+00
9.026840126828999944e-01
2.594128445200699851e+00
4.058715547992700068e-01
2.616254869460099997e+00
3.837451305398700274e-01
3.837451305389200096e-01
2.616254869461200006e+00
6.221832937571499800e-01
2.377816706242999789e+00
2.377816706243200073e+00
6.221832937565999755e-01
1.875148709055300067e+00
1.875148709056100094e+00
5.375753247632899523e-01
2.462511643949599982e+00
2.462511643950000106e+00
5.373326691774400476e-01
1.380980577916999907e+00
1.380980577916300023e+00
2.465448223722099819e+00
5.345517762781499815e-01
4.787026588770900148e-01
2.521297341123299951e+00
2.521297341123700075e+00
4.787026588759999979e-01
5.699473883536899654e-01
2.430052611646300154e+00
1.115196873197400018e+00
1.113673816534699990e+00
1.307621644060299904e+00
1.692883822808999961e+00
1.162662728610299956e+00
1.889847612136499988e+00
1.103187100382100105e+00
1.889847612137599997e+00
1.103353402855399956e+00
9.026830360453299562e-01
2.097316963954599878e+00
1.833944926745699977e+00
1.747654279489099904e+00
1.251190723098499991e+00
7.090656223092299815e-01
2.278317495805899817e+00
2.287643563440600047e+00
7.136496742011799732e-01
2.278895216148700165e+00
7.197367976606400264e-01
7.211183903560399733e-01
2.280263202339499973e+00
1.762661001925500015e+00
1.763286660919100024e+00
1.235729519399300091e+00
1.775820220323500065e+00
7.834312584838399873e-01
2.216568741516200092e+00
2.216568741516200092e+00
7.834312584837900273e-01
1.364334986578799924e+00
2.086818302480700105e+00
9.132123136797299923e-01
2.086704152009200008e+00
9.132039821792700129e-01
1.313940871498000096e+00
1.686235470832700090e+00
1.649903545754499934e+00
1.649885273776900085e+00
1.596364302181900063e+00
1.409995437832400000e+00
1.543391891012299899e+00
6.443546074755499564e-01
2.357705382552400142e+00
2.092422311664599910e+00
9.075086421274000115e-01
1.159718283567799935e-01
2.884028171643199912e+00
2.884028171642799787e+00
1.159718283570499997e-01
6.507347425998399881e-01
2.349265257400200202e+00
1.633216378042799954e+00
6.043704915093800478e-01
2.395629508490700221e+00
2.395703624154600142e+00
6.042978876791099685e-01
1.548336517406899926e+00
1.161001163198899899e+00
1.864456393411499935e+00
1.135543606588399923e+00
2.886395078197300013e+00
1.137449916394999982e-01
1.136049218026199958e-01
2.886255008360500085e+00
1.136028124186400090e+00
1.863971875813499990e+00
1.103325399948400065e+00
1.896779658726200024e+00
1.996528574617199903e+00
1.995888245727500010e+00
8.464436352729000079e-01
2.154362887718999975e+00
1.396112252091699979e+00
2.877772774616500051e+00
1.222272253832600020e-01
1.222272253830799932e-01
2.877772774617100016e+00
9.895474690735199808e-01
9.895478998791900072e-01
4.893945903816599996e-01
2.510613644693199920e+00
2.510605409618099859e+00
4.893865232883999883e-01
6.544106768250299577e-01
2.345589323175099938e+00
2.345589323176500152e+00
6.544106768232800242e-01
1.225542622659999970e-01
2.877469569994299814e+00
2.877469569994099974e+00
1.222562833566900042e-01
2.167559107349500191e+00
8.326688230121800371e-01
1.183596524116399928e+00
1.816426988194300041e+00
1.955684726390700012e+00
1.044315273609000005e+00
8.232782603194499504e-01
2.176721739680199885e+00
9.740074418018399571e-01
2.025992558197399873e+00
3.261327941859900048e-01
2.673876028727100174e+00
2.673876028727399934e+00
3.261239712724899875e-01
1.389293202111600012e+00
2.310076977678599874e+00
6.876179065619200115e-01
6.876179065612399999e-01
2.310185400216000051e+00
1.427717321609800027e+00
1.573973264647299919e+00
1.082513518224500038e+00
1.918035657556399931e+00
1.728150387538899935e+00
1.269197073193800041e+00
1.384813999986600042e+00
1.615227913262899939e+00
1.173380807097599982e-01
2.882661919289600139e+00
3.666133598979700037e-01
2.633386640102199916e+00
2.633386640102600040e+00
3.666133598972100005e-01
4.721476619964999899e-01
2.527852338003599986e+00
2.527852284174699982e+00
4.721477158251700113e-01
2.885826915981999918e-01
2.709664075170799880e+00
2.711417308401499859e+00
2.885826915981499763e-01
2.468015584216300073e+00
5.323677715224699458e-01
5.250000000014699575e-01
2.474999999997999911e+00
1.533425672614699975e+00
1.466574327385099963e+00
1.617982689521999973e+00
1.912838697738000082e+00
2.181280288973800108e+00
8.185105627845600251e-01
8.186165215827699848e-01
2.182478868932800076e+00
2.703277962392999889e+00
2.967220376069300003e-01
2.967220376068199772e-01
2.703277962393200173e+00
1.637378603163899937e+00
1.630590835267299976e+00
1.370115802511999936e+00
1.521196461338099937e+00
1.479047856869400102e+00
1.238857554591100030e+00
1.761142445408800050e+00
9.701054349979200131e-01
2.029894565001999940e+00
1.009908917001000050e+00
1.990276508858499938e+00
1.826514835883300103e+00
1.173485164117000101e+00
5.459952435548699468e-01
2.454004756445700153e+00
2.454004756445200108e+00
5.459952435542400062e-01
2.875792900913599848e+00
1.242070990863499980e-01
1.242070990860399959e-01
2.875792900913999972e+00
1.255243933132000000e+00
1.255262411183799998e+00
8.981453299401199741e-01
2.107739454976199855e+00
1.628961496465699987e+00
1.285386377469299957e+00
4.622812480121800127e-01
2.537718751987999788e+00
2.537718751988399912e+00
4.622812480115000011e-01
1.526936129596200065e+00
1.472914375265399922e+00
1.874424192751799945e+00
1.126380604917200046e+00
7.673344283654599529e-01
2.232665571634599999e+00
2.232665571635299884e+00
7.673344283645699981e-01
9.842209281751700123e-02
2.900953592838900086e+00
9.104283953857199574e-01
2.089571604614199885e+00
5.558718432311600122e-01
2.447631034133099792e+00
2.447631034133900041e+00
5.534033658028699731e-01
1.746798320759699985e+00
1.252491755746000024e+00
1.680814015654499949e+00
1.319185984345500051e+00
2.312856853060799800e+00
6.872868400105499598e-01
6.998392151818899620e-01
2.299237727685400134e+00
2.417236104145899844e+00
5.827638958541699887e-01
9.445886380484799782e-02
2.905541136195600060e+00
2.905541136196000185e+00
9.445886380383899938e-02
4.559612706582999997e-01
4.559612706580700170e-01
2.544038729341699945e+00
2.544038729341899785e+00
1.720468821657499925e+00
1.416975505838099947e+00
1.582827730843900049e+00
1.096398115497300013e-01
2.890146563769799837e+00
1.096882538315099992e-01
2.890146563769699917e+00
2.421413764122599954e-01
2.757664800219199908e+00
2.757859603911100077e+00
2.421403960885900042e-01
8.806296693348200089e-01
2.119641853507499896e+00
3.350942910492200055e-01
2.665034955091599933e+00
1.513959897588599945e+00
1.474052568838499999e+00
1.221699676918899913e+00
1.770035760030600036e+00
2.588352350772099797e+00
4.116605738422000060e-01
6.844186107420500154e-01
2.315989019304300012e+00
7.226529654279100212e-01
2.275547410525700087e+00
2.277312003181500177e+00
7.244469857562899628e-01
2.157046262209899812e+00
8.427676289561399914e-01
2.157235342331400130e+00
8.429425998823999455e-01
1.104954063928700103e+00
1.895061270186400026e+00
6.659864389290199860e-01
2.334013561070900078e+00
1.144491437828099922e+00
1.144491437827400038e+00
2.879497663524699824e+00
1.205023364753900067e-01
1.205023364754100046e-01
2.879497663524599904e+00
2.722910203382800098e+00
2.773719840246399726e-01
1.087526264699800072e+00
9.952368216397600165e-01
1.007660625571400015e+00
2.004349759917400053e+00
1.608632075681800000e+00
1.391367924318100080e+00
1.353489953328500084e+00
2.006964705506399937e+00
8.284869213807599664e-01
2.171513078619299986e+00
1.217760000320899927e+00
1.783847360558000084e+00
1.326213125240299995e+00
1.325878013952300094e+00
2.894539661751299953e+00
1.054603382485600066e-01
1.054603382487799973e-01
2.894539661751399873e+00
1.554713882476600029e+00
1.445626016595100038e+00
1.755041642709900040e+00
1.754930204477999967e+00
9.831714942904700161e-01
2.016828505709499897e+00
6.578623311902299653e-01
2.341903254975500115e+00
2.341891208027199855e+00
6.578353694580000299e-01
2.290013172670899877e+00
7.133060212618299589e-01
7.099855897842100028e-01
2.286693978737699862e+00
2.714104448581000195e+00
2.858955514188900038e-01
2.858955514182099922e-01
2.714104448581899920e+00
2.883878144355399797e+00
1.162704887065700021e-01
2.426131364431000081e-01
2.757459631670899913e+00
2.425403683295200008e-01
2.757459631670399869e+00
2.322383922835499881e+00
6.890966849087799551e-01
6.776160771645100001e-01
2.310903315091100030e+00
1.388413200849700102e+00
1.611869764411899997e+00
1.602550762466300016e+00
1.405036497200599976e+00
1.837737108418100007e+00
1.162262891581800073e+00
5.221984759419400213e-01
2.477801524057900107e+00
1.733822381785800060e+00
2.924782819327699790e-01
2.704636140884399964e+00
2.704636140884399964e+00
2.953638591152700221e-01
2.588795128115799926e+00
4.112048718845099926e-01
4.092935641964099980e-01
2.590706435803200147e+00
1.738836429047599941e+00
1.738833992784700078e+00
2.082459670927800044e+00
9.175403290720900440e-01
2.038157201392699847e+00
9.598045931258599728e-01
9.598045931257700447e-01
2.038166687746199912e+00
2.764096777090399915e+00
2.359032229095499866e-01
2.359032229091899968e-01
2.764096777090800039e+00
4.874534834472000200e-01
2.514066337558999997e+00
2.500332163372799954e+00
4.996678366271999905e-01
1.202066622010899977e+00
1.390579028348500001e+00
1.609234757577800101e+00
2.545475287644599849e+00
4.545247123570400061e-01
4.545247123550100188e-01
2.545475287643200080e+00
8.200575930114100132e-01
2.179942406988700121e+00
1.259702185408900110e+00
8.101055782683899698e-02
2.918989442173399951e+00
2.918989442173899995e+00
8.101055782610799838e-02
2.172950857848999995e+00
8.270718318759699983e-01
1.963789364712799967e+00
1.036080539280199941e+00
2.047930466918100212e+00
9.520695330816300039e-01
7.877047770117999725e-01
2.212295222988200027e+00
1.247318849763100035e+00
1.752681150236699903e+00
9.510394411505499468e-01
2.048960558849500124e+00
7.923940746199099883e-02
2.920760592537800182e+00
7.923940746223699649e-02
2.920760592538000022e+00
7.927454491565999461e-01
2.207254550843400054e+00
4.213450429195100266e-01
2.578678316792899938e+00
2.578678316793300063e+00
4.213009249569200088e-01
2.069982306118999915e+00
9.300307384615299489e-01
1.048138946919499936e+00
1.961379751659600101e+00
1.422034069353099950e+00
2.889182046825700123e-01
2.711081795317700216e+00
2.711081795317900056e+00
2.889182046818900007e-01
1.098111244850499935e+00
1.901936990907999947e+00
1.590096122756200048e+00
2.259541154050900003e-01
2.774045884595400135e+00
2.774045884594499967e+00
2.259541154051800116e-01
2.905422100974599964e+00
9.461097863990700074e-02
1.968564644001600028e+00
1.031582207133199924e+00
1.099785286673399920e+00
1.900214713326600080e+00
1.773623763201700010e+00
1.228337969482899972e+00
2.400086498082699915e+00
6.001687923522700530e-01
5.956215181214800092e-01
2.400231977404299943e+00
1.222905952340799907e+00
1.777094047659200093e+00
1.971848712348100108e+00
1.028151287651899892e+00
1.971848712349399957e+00
1.028151287650600043e+00
5.143824873234199568e-01
2.487339976483600168e+00
2.485508670720600222e+00
5.144913292793900084e-01
1.228618087382800095e+00
2.738079272390700147e+00
2.619233756382700062e-01
2.615414039398599733e-01
2.738079272391499952e+00
7.229694422590799974e-01
2.277030557740999939e+00
2.924990355871099901e+00
7.500964412886799992e-02
2.924990355871599945e+00
7.500964412822899718e-02
4.000346207856400049e-01
2.599965379213600158e+00
2.599965379215900096e+00
4.000346207845700275e-01
2.431099564761900034e+00
5.689002977334099986e-01
1.580663386785100100e+00
1.417837052667799913e+00
2.586949291688000141e+00
4.130507083123299839e-01
4.129461743592299783e-01
2.586949284510999814e+00
5.168962986347800381e-01
2.483103701364900218e+00
2.275359551337199804e+00
7.239280417539599721e-01
1.020998356677000007e+00
1.979809349737700064e+00
2.556659501451500116e+00
4.433404985487400252e-01
2.393567793716000036e+00
6.064322062840700189e-01
