-9.129724519760838986e-01
4.690880329695991113e-01
4.576066171115059089e-01
-4.454039490959945113e-01
-4.539915849117065250e+00
1.069087936471621703e+00
5.512140934300800765e+00
-1.024768811952863068e+00
1.322811498432140132e-01
-4.486644509833174754e-01
6.121438681968305318e-01
4.866685813137401895e-01
1.065965332107214447e+00
-2.743718549150072072e-01
5.271849651870174069e-01
3.334405584482469931e-01
4.258551321203083440e-01
3.045918721460434408e-01
4.503680908083959045e-01
2.669105328706402047e-01
6.603900282222923135e-01
1.331148148975324963e+00
7.675801011134887331e-01
9.820936596189101531e-01
3.465579899218685367e-01
6.658793138874476991e-01
3.738403053829430500e-01
5.119764614233391908e-01
5.122586239137240094e-01
2.630278679673668796e-01
2.372936225052121317e-01
1.888786976783322358e-01
1.010838847188826550e+00
9.481202685861603863e-01
7.400786480137401258e-01
9.602338772698790770e-01
1.726354441714722299e+00
5.969481293398295474e-01
1.066080682517854594e+00
4.398932490333595235e-01
1.015800862843670771e+00
8.530052697084173907e-01
1.383379621183322916e+00
1.862543216709549920e+00
2.405165245129617713e+00
2.679368846047647246e+00
3.663106839633690548e+00
1.512478583547572475e+00
2.089822310174711983e+00
2.200780315904983464e+00
3.028202959472837019e+00
2.199925981743776404e+00
2.807123151789315152e+00
1.818934781876271778e+00
2.855222837221856214e+00
3.310902922599314735e+00
2.813773019341801795e+00
2.374243641552202799e+00
1.914730121241714489e+00
1.358448199620343688e+00
2.568217862265728679e-01
-2.089972942777132761e-02
-9.470410431427660480e-01
-5.043317985150955751e-01
-9.259604702005663768e-01
-1.878909010128780310e-01
-7.482257327955126325e-01
-9.423200511000309199e-01
-8.476450465474058005e-01
-8.848557973931434617e-01
-1.040759194743346772e+00
-5.475857136497552791e-01
-7.766805639286999963e-01
-1.382518814422479592e+00
-6.107199406760883686e-01
-1.022548545058166392e+00
-4.943231418172617242e-01
-1.216535635035204344e+00
-2.917031899612426149e-01
-6.758058248505806054e-01
4.474885584568508851e-02
-3.797656829017921343e-01
-8.107130721929893813e-01
-8.532851112009398609e-01
-1.566894343223379504e+00
-9.136458019685866905e-01
-1.310914183091595353e+00
-1.215361979641268686e+00
-1.920198506294089169e+00
-2.287159758492821049e-01
-8.162165017916566123e-01
-6.351079731777933834e-02
-8.370085312176197556e-01
-9.641112196682644075e-01
-1.149810888828525224e+00
-2.429497922679736188e+00
-2.418576676049566387e+00
-2.657241411446261470e+00
-3.151964101956564512e+00
-2.074639292267153490e+00
-2.026892001168334012e+00
-2.775528610775451988e+00
-3.024678627667944930e+00
-2.188850272742778102e+00
-2.553907906984623999e+00
-2.933353730447322061e+00
-1.923128612387586367e+00
-3.194045181592973570e+00
-3.005935665226414866e+00
-1.419410906593490118e+00
-1.871195496331832908e+00
-1.261660621981801400e+00
-1.747342483182980466e+00
-1.462279854620522235e+00
-8.780875254417542797e-01
-1.881022644628717266e+00
-6.719165570931059928e-02
-2.456290117687824626e-01
1.285480340583440295e+00
1.918766702173096750e+00
1.143177143687623465e+00
2.655842656462100493e+00
1.591229255986298385e+00
2.467717160180474600e+00
2.063630854345945398e+00
2.462886336622981620e+00
8.640361404563288161e-01
1.203093306236984628e+00
4.448073166650530208e-01
2.554106240915246517e-01
-1.259511790300279488e+00
-1.870880499868514679e+00
-1.150674613787409317e+00
-1.763676959730267502e+00
-2.305323814933225801e+00
-4.380541935856008706e+00
1.502191191579136942e-01
-1.692052454645620596e-01
-3.355685282561224336e-01
2.921856206698240088e-01
8.402775666455229997e-01
-6.880159889612071922e-01
5.793857998446585444e-01
-3.943234941406479344e-01
-1.228951502107362037e+00
1.184417416627774999e+00
1.025040342039341024e+00
-9.558988841721653973e-01
-9.984886833181129129e-01
9.769284890077224448e-01
-9.553899421974385575e-01
8.179586188158299853e-01
5.349072858216127324e-01
4.201982155144131093e-01
-4.472938061693520484e-01
-5.191688483613455807e-01
8.159032200239746402e-01
-7.788274530805195939e-01
-8.325806231105354893e-01
7.479051718600957521e-01
1.012978693837781163e+00
-1.013442374611612795e+00
1.737314862179087704e+00
-1.425718798949485278e+00
-2.289339138175269905e+00
-1.334635053689384732e+00
2.235507279938554692e+00
1.410170051115146928e+00
-1.210582752910036898e-02
4.766671714335091181e-02
-1.581834235461916649e-01
1.421100739025658588e-01
7.080005101696796865e-01
1.737709618698233038e+00
-7.178455843846939244e-01
-1.707275740499794692e+00
1.052664620623885217e+00
-1.066362622526320969e+00
-3.624478056582696173e-01
5.078910868911550303e-01
-2.126901472872332610e-01
1.704767892960637188e-01
-1.456016799097954895e+00
1.425143772932410124e+00
-1.902546808155443914e-01
2.076132401392286886e-01
5.462696469157071189e-01
-5.609009692714548301e-01
3.669317689919440184e-01
-3.597671614296510945e-01
-1.534894967704124813e+00
1.038643372919831054e-01
1.283198369366554292e+00
-8.701254726737507605e-02
7.579838346373974911e-01
-8.931675101477818401e-01
-7.067226462578637403e-01
8.022046191897521661e-01
-1.777372465055668371e+00
1.569847903711185655e+00
2.349941063963639110e+00
-2.669398704026500369e+00
4.890587314780233119e-01
-6.343646344231019807e-01
1.403507906061125077e+00
-1.432810515225114267e+00
-1.664280338911682922e+00
1.985030461366647847e+00
-7.491398235933504068e-01
9.486328653074711514e-01
2.191101515401567279e-01
-1.946451051369508774e-03
-2.528586531273830484e+00
2.080617748502308295e+00
4.634885293461023514e-01
-6.479063887758195195e-01
-9.913001262795417823e-01
9.003713930269473531e-01
-3.631073313175405270e-01
1.253544453646480816e+00
-1.068045045394414361e+00
5.261617709351594785e-01
6.846771751055348298e-01
-1.198391322634870582e+00
-7.622648676483727292e-02
-8.801383977286611482e-02
-8.403326198012471826e-01
6.664059854416818363e-01
1.217583376035405118e+00
2.316974936126275253e+00
-9.836995074619638846e-01
-2.020583347621658810e+00
-2.039839106127919965e+00
2.323227179416347710e+00
-7.604576915330683029e-01
1.196142936407834867e+00
-1.889630712648151301e+00
1.495967845731379198e+00
1.513312455223915887e+00
-7.053673789065822985e-01
-1.611220306282245662e+00
5.865320487509865233e-01
7.438696003112895694e-01
-7.085840071382356609e-01
-2.086477946029989816e-01
1.657881260189341122e-01
6.000778485719090449e-01
-6.697489696638643242e-01
-1.245257629637253727e+00
8.827278192780549926e-01
-1.705432203575479866e+00
1.868289504909496523e+00
7.606293264754302452e-01
-3.477811289088099667e-01
3.083211717094092030e+00
-1.805199712402733248e+00
1.289015235190033470e+00
-1.678135763602397024e+00
1.132280231005003746e+00
-1.260588435807537211e+00
1.015510688909697867e+00
-1.051245138955916314e+00
5.726762246705363602e-01
-6.206149670850541478e-01
-1.101063879752147034e+00
1.082606035647987852e+00
5.862831828867032247e-01
-5.661629733163947575e-01
5.415931646523933773e-01
-5.288195411517079281e-01
-2.895709433776539221e+00
2.831436636136659413e+00
-1.293083528905546897e+00
1.296908068720143747e+00
1.496645480690595553e+00
-1.756302555067867477e+00
-3.063563746135067878e-01
2.939063636591854878e-01
-1.591407987524412926e+00
1.913107036279264150e+00
-1.789156152126423871e+00
2.163336620418463863e+00
-1.944104450183618438e+00
1.017101704935363005e+00
-5.933339777772338453e-01
7.506287947966652219e-01
1.204564371766063458e+00
-2.454927956343877948e+00
1.856062294986953465e-01
-2.625291032715706963e-01
-9.548498063549047954e-01
7.511595084102491438e-01
6.758316468547932443e-01
-1.230487762814270525e+00
1.626561406421787925e+00
-1.602221245568662189e+00
-1.490726645237332892e+00
1.631435223081223906e+00
-6.426816049922449148e-01
6.389399561663999805e-01
1.047513212994189091e+00
-8.580124501172748941e-01
-1.525569546587392522e-01
1.653245833212528271e-01
2.096499245775002573e-01
-2.232509962524391045e-01
-1.150926504031550390e+00
1.222370311901703088e+00
-1.922602572037700464e-01
2.584496071360274927e-01
5.483323674223461452e-01
-6.510042425602526883e-01
-6.443542179138308512e-01
5.826833160012845347e-01
2.795183997226463046e-01
-3.387001394548335709e-01
-8.240634982795895791e-01
7.712057928886664193e-01
-2.106049067358867877e+00
2.488235349307768463e+00
3.610390511658982671e-02
-4.573361440264787914e-02
-4.707151111827725387e-01
2.819060264455089948e-01
1.682041495821941179e+00
-1.882225053310289775e+00
-2.400039741505118229e+00
2.433270346754083047e+00
-2.393227722442536010e+00
2.452388438716430308e+00
1.762457238844224339e+00
-1.814818402561781951e+00
-2.471903791033433773e-01
2.213886821187013854e-01
-4.547087827201061472e-02
-5.807567978410321970e-03
-3.298033547766909823e+00
2.723346969319820232e+00
4.274494482841153520e-01
2.248874995931963716e-01
-4.591976146841827977e-01
-2.046001031804723647e-01
1.474205473889989237e+00
-8.108157661406852901e-01
-9.225414585473622475e-01
1.843474311494747608e+00
6.090599129581820703e-01
-5.851535459249239679e-01
-2.995487366361757164e+00
3.063690960914162709e+00
6.488615734442726435e-01
5.409562618990324534e-01
1.344964818336276402e-01
3.639883819627604544e-01
-1.281831377166111174e+00
1.231743866279021660e+00
1.723102443576955300e+00
3.747190344502492332e-01
-1.859749186292493972e+00
7.422923641973136477e-02
1.630102812617272079e+00
-1.666244249083298490e+00
-2.279061360266603664e+00
2.273564590276494712e+00
-2.863658115725609576e+00
-1.055687024779472072e+00
1.021150034071592438e+00
-1.076108982754747201e+00
1.068737449033602349e+00
-3.826464225695730192e+00
3.497990769115920440e+00
-2.416574155399394908e+00
2.438603967011548690e+00
8.899130892970626983e-01
1.142417443385409737e+00
-1.175882887365888418e+00
-1.298335895541221197e+00
1.424457394234260876e+00
-1.431637291480174046e+00
1.315542910876370264e-01
-2.593004661193835103e-01
1.436559576184860187e+00
-1.228431260963664284e+00
1.020919627614832681e+00
-1.367287851540581523e+00
1.801905840472647569e+00
1.768931411109227581e+00
-1.761482448781861221e+00
-1.905423818661390989e+00
1.138431289112070033e+00
7.674483363890938215e-02
-3.624439019272758800e-01
-6.739743359874103557e-02
-6.498455475589448582e-01
7.109528191193033309e-02
5.432352638432871306e-01
-1.370724741600728658e+00
5.869317023720602849e-02
1.494806712821813433e+00
-1.727368026551979463e-01
2.252362200793368019e-01
-1.993147854734187430e-01
-9.883541739881597232e-01
8.421181504488501890e-01
-3.075584542183479986e+00
2.866365006726696585e+00
-3.214791100228561849e+00
3.275518398997761871e+00
-3.089692708559830692e+00
2.545628876154685916e+00
8.450640023415633140e-01
-9.374669845012659763e-01
5.139289364708521379e-01
-1.042905025338520364e+00
-2.442881930510106270e-01
-5.787374890899131819e-01
2.100544320839516088e-01
2.757894733740267612e-01
-1.042113545824520315e+00
9.913553836375024186e-01
-8.362713657507049592e-02
5.895542857976672213e-01
1.211914022699192461e+00
-1.228221748338641728e+00
-3.543442761456732537e+00
3.434410559561113185e+00
-1.949687691957424862e+00
1.954582412267092506e+00
1.007143705849537385e+00
-1.062554209089633606e+00
-3.003172026282773466e+00
3.029864526782540590e+00
4.422543344833248513e-01
-4.814115785209566178e-01
1.138933722626800371e+00
-1.718716455685719291e+00
3.337955444590558596e+00
-3.307249914476649622e+00
-2.857579938818858967e+00
2.813102861778074892e+00
3.007856882693492606e-01
-3.453804495978654576e-01
1.934526685187976991e+00
-2.168525836863555156e+00
-3.338917480594997489e+00
3.332029777875671783e+00
3.190879747142542744e+00
-2.780462714384486222e+00
-1.760883138584295737e-01
1.457244491894351401e-01
8.923565313443194702e-01
3.659448719189963839e-01
-4.407638653258434958e-01
-1.117037890186423077e+00
-2.997206184495463166e+00
3.172194931064896917e+00
8.148547860200253679e-01
-9.599879895615270886e-01
1.038403086014177079e+00
-1.268320687029560689e+00
9.465785912416287973e-01
-1.254154113682589555e+00
-7.881645393086715856e-01
6.910198291856765040e-01
1.613755319506542607e+00
-7.316250221859481595e-01
8.061684155761108528e-01
4.698416742620569186e-01
-4.969939569304717697e-01
-1.821020830785415656e+00
1.759609747006199543e+00
-3.871563112753092506e-01
3.407204319740471110e-01
9.147459445469368067e-01
-8.741987060865518133e-01
-3.176629288201467727e+00
3.077736859864395935e+00
-2.714080395856993899e+00
2.663420807483280583e+00
1.649580588541679493e-01
-2.004977546457572535e-01
-6.377331768699667780e-01
4.696577428152161615e-01
3.482038547754401914e-01
-1.315458444788208947e+00
2.192291065336191558e+00
-2.149070122434551866e+00
1.679781789119879631e+00
-1.480264967988317526e+00
-3.452898600681261754e-01
-5.302384886473939796e-01
-5.078998168712773875e-01
4.864385326309085822e-01
-1.649294272478135426e+00
1.680979633463591583e+00
-7.358282354698044703e-01
5.339585104396350479e-01
-2.590124821392155718e-01
1.555532243739650433e-01
-1.857420871361756154e+00
1.235485097192140946e+00
7.688997839205614637e-01
-8.567231331992997134e-01
1.040322088755814001e+00
-1.001230300652077743e+00
4.696594527076307202e+00
-4.716519418060593161e+00
6.464048697332887006e-01
5.190799951438603843e-01
-2.152764266420136852e-01
4.575953173108955330e-01
2.607069753497401887e-01
-2.700067834412782086e-01
-1.346838485166345356e-01
-4.254814924098455076e-01
2.147251068990984280e+00
-2.585904476895978021e+00
6.673387314129927694e-02
-1.101453750279408478e-01
-1.281091495514614431e+00
-2.334909936733648106e+00
2.364421650606857384e+00
1.992859181544775371e+00
-1.233526791882542106e+00
2.457919094026202789e+00
-2.527329030949232891e+00
-1.147748255540107509e+00
-6.288865426136569514e-01
6.895635258026689973e-01
-9.378007844536068172e-01
1.602909414825415824e-01
-6.507113496386264240e-01
7.044137657415723286e-01
4.675011293863565176e-01
1.086362592735944516e-01
-5.253558895413243945e-01
-1.761162354036431010e-01
2.712645196634579925e+00
-2.553255726975410145e+00
-1.049720971506464373e+00
9.129838321467257378e-01
-3.184234718602919206e-02
-2.440169825172264911e-02
-1.474976717261009318e+00
1.391584452176389153e+00
-1.288001299690328283e+00
-2.649180222781313265e+00
3.270226088073246551e+00
8.473266081322615717e-01
-8.890044957563979500e-01
-2.124559132751618673e+00
2.118679846648293452e+00
-5.084336025439919027e+00
3.857661674180222100e+00
-2.053802295883384588e+00
1.987547245826789988e+00
2.407921217196948405e+00
-2.873411121484143127e+00
2.505762755287817001e+00
6.802417161416302038e-01
-6.522251264844451946e-01
-9.345551505307937434e-01
1.104066634497572030e+00
9.459304832922883766e-02
-1.138289002424667684e+00
1.963579755716313935e+00
-1.937851788661703711e+00
1.314680590015257833e+00
-1.982211688490090884e-01
1.723484944896631899e-01
3.309479989258696797e-01
-4.145086284978298785e-01
-2.614299813242578097e+00
1.341687290873961436e+00
-1.606464937960436323e+00
1.600507569395551277e+00
6.223311118796219787e-01
-8.289477343582907221e-01
-1.117003569687660569e+00
5.308688795760593271e-01
-1.741097776358900839e+00
1.708327061704564054e+00
4.215591201423085632e-01
-5.036247714630310846e-01
-1.517600314629716118e+00
1.646234907951434456e+00
1.732797814113123114e-01
-2.847448445639850778e-01
1.583964672267426321e+00
7.370744748067715735e-01
-2.735230806023248307e-01
-7.579291475573735060e-01
1.064048616716877005e+00
1.416211120465172613e+00
-1.134226675830505737e+00
2.297082594092425267e-01
1.016192325169546384e+00
-2.854383609425393820e-01
-1.099076010696989902e+00
6.309010836459387761e-01
-6.200587650376572224e-01
9.483633343909805280e-01
-8.525075964105759407e-01
-1.490470077017244765e+00
1.324409473712105934e+00
-5.580909036594459277e-02
4.487530360240252758e-01
-9.528910736589825126e-01
9.228614105260575240e-01
-1.309963652264754419e+00
1.317447683767219324e+00
-3.163957220953728111e+00
2.858949977615264260e+00
2.555231353699946251e+00
-2.574781319303525606e+00
-2.455543777052441978e+00
2.305555566996039918e+00
-7.999826016331106071e-02
1.701061703755522500e-02
7.619510562784925778e-01
-7.489838537483541892e-01
-1.292603635094885073e+00
1.307045548863649431e+00
1.323326352424978980e+00
-1.173561529320083174e+00
-1.409148732575757235e+00
3.494337202093983574e+00
-2.914846100442263221e+00
2.009666981783374329e+00
-2.049818597116742858e+00
1.212442029585923953e-01
-1.350074906801441155e-01
-1.547712382405702192e+00
1.517281701928145932e+00
-1.170489785504932545e+00
9.129351960824479972e-01
1.072574635313414265e-01
-6.612181377948712913e-02
8.072424895939785960e-01
-9.826803435826904076e-01
-1.278418213194731923e+00
1.262246594759695917e+00
-7.013457817417484419e-01
7.323067841474776296e-01
-6.327300960764384863e-01
-1.478203257189645570e-01
5.320075608484176044e-01
-1.135914961166075432e-01
-1.635438549206307712e+00
1.641237740738634709e+00
-1.802239744414237288e+00
1.685886418564844780e+00
-1.366142693363441574e-01
1.213337218340395790e-01
-1.015022783742006274e+00
9.709907363021185178e-01
1.024012042676375911e+00
-1.013201395587971065e+00
1.626520724859551015e+00
-1.629741149939595513e+00
4.118398385284974816e-01
8.421797872831751283e-03
-1.533835678975944139e-01
7.663509637667033081e-01
-1.212482363936359775e+00
-1.445636219329101690e+00
1.435364360781985038e+00
-2.875053747201428589e+00
2.873831181158678305e+00
3.008873495009950716e+00
-2.111121258103245246e+00
-8.294176187763059316e-01
9.888608245062535662e-01
-1.908164916450550086e+00
1.951527796474000986e+00
-1.724548146853645436e+00
1.806105949589501325e+00
4.356235023703838305e-01
7.016098946088069610e-01
-4.935068487654036828e-01
-6.420673241053921343e-01
-4.194052834869678170e-01
1.792514127981796324e-01
-1.538769576896946045e+00
1.517112630722467603e+00
2.921309249600135605e+00
-2.923656158102843072e+00
-1.639560229020357918e+00
1.546819507586945308e+00
2.013432902306692363e+00
5.167225746898743699e-01
3.768181688890492320e-01
-4.388986173321290374e-01
8.178798479009147249e-01
-7.395798635245482977e-01
-1.119695012084388708e+00
1.077655514975471851e+00
4.363723274153025744e-01
-4.240014715992131422e-01
9.235376336666006880e-01
-6.795478865494449794e-01
7.505620857503987331e-01
-9.673737609406197757e-01
-5.924757407996621428e-01
2.827909541047317066e-01
-1.977211401243790689e+00
1.689430588117942111e+00
4.674253335045410740e-01
-5.453699832751450760e-01
7.849944508295599865e-01
-7.581786987742505923e-01
-1.073152507027211211e+00
1.066877590623157124e+00
-8.749187626336363266e-01
8.521546947032309083e-01
-1.024141053214923325e+00
1.341971201637685907e+00
-1.576943057592363751e+00
1.008081981968535601e+00
-2.972842508704182096e-01
1.075466050443279614e-01
-8.291759649332067772e-01
7.610698082081069904e-01
2.889910576750182591e-01
-1.218137504759412515e+00
1.123733391068627130e+00
-1.697576163204287392e+00
-1.146815041526531465e+00
1.685079953631337668e+00
-8.031963215242939880e-01
-2.188308120359450659e-01
1.794892764233746718e-01
-8.067221520007745728e-01
3.966021477080393098e-01
-2.924233268682938092e-01
2.009312339168713157e-01
-3.275060348446171554e-01
1.288467408518083168e+00
2.237799331492722477e-01
-5.967200712002840302e-01
-2.294446465683307179e-01
1.405312230158464182e-01
-1.887188244402124015e-01
3.811860810133554933e-01
7.194753454333113751e-01
-7.210318634928789550e-01
-1.063924802646832202e+00
1.017775781114763411e+00
4.228724129972465939e-01
1.719889722775627405e-01
-2.640403435965540613e+00
2.171796563223312049e+00
4.340781178873193147e-01
6.451140360645843952e-01
-4.661144202107064816e-01
-7.204868590394026828e-01
2.796999912787582684e-02
-1.106996530645304316e-01
-6.492603461209264237e-01
5.827084378688204280e-01
-3.957001436870121847e+00
3.714415456841978713e+00
1.518204621580907077e+00
-1.496472982650803862e+00
2.624787412220466187e+00
-2.565416822784991169e+00
-3.366951054094825535e-01
3.985700966858923278e-01
-1.058024557434951163e+00
7.467925990180546147e-01
6.323359322889424705e-01
-9.503416869162069347e-02
-8.351579469111728438e-01
-1.771514058368536704e+00
1.919137456067532499e+00
1.225671046388941754e+00
-4.449039742033497613e-01
4.102568037225754471e-01
1.362613684254083912e+00
-9.501874883286400841e-01
8.283283817547196781e-01
-8.405875865672616243e-01
-3.360996550657879278e-01
2.899292937684833649e-01
1.808295457446643217e+00
-1.645142630963549069e+00
-1.177416540012592994e-01
-9.070251578639060286e-01
-1.824506215588895530e-01
4.567070180298524740e-01
2.281091605463610339e+00
-2.403407384226047494e+00
-2.788206617151123279e+00
2.405297179504239491e+00
-4.742628837167577327e-01
7.021330809776946680e-01
8.259918406912478694e-01
-1.090475647872980458e+00
1.297785212079491712e+00
-8.488533883285405146e-01
3.288114005240982407e-01
-3.699703229753181222e-01
7.084164020195645728e-01
-9.257022721509015062e-01
-1.020127649779643431e+00
1.005823687751515427e+00
-1.888643173393501629e+00
1.990977150731597201e+00
1.095167194453483983e+00
-1.683377465705922171e+00
8.578354166488241228e-01
-9.927226276376007741e-01
-1.114149864205640217e+00
1.168242812004050668e+00
-3.302312480472293643e-01
3.476849159824135227e-01
2.374242184110274267e-01
-5.153777647173192200e-01
3.340029636502696242e+00
-3.052925586468249630e+00
2.947127476326399376e-01
-3.137060539417200755e-01
-9.598716336168044982e-01
9.539696974736926460e-01
-6.066475124856948176e-01
-4.877473613262386376e-01
2.971128648721131915e-01
-1.162347285750363834e+00
8.190514826336672272e-01
-9.888142067627127274e-02
2.042017915342086709e-01
1.127672375293519158e+00
7.056840317964415688e-01
-1.041836233400537104e+00
-6.279983408544610457e-01
-2.369706550927681121e+00
2.286987892057338101e+00
-3.301821233141712941e-01
2.487237843063053455e-01
1.708265762125542153e+00
-1.618166601551177974e+00
2.386002572054560122e+00
-2.491992000545751207e+00
-1.001968572746320119e+00
9.336702186037364459e-01
-1.121759028352397491e+00
1.168337927048140434e+00
-1.646719555743492602e+00
1.629882904232449636e+00
-8.475526562478721271e-01
8.320139397162193973e-01
-7.244155940795470316e-01
-6.357929704883817923e-01
6.194905023151734413e-01
2.641542792060566636e-01
-4.206070744735513345e-01
-2.735327408641566316e-01
4.063463992638812750e-01
2.286415052362633205e+00
-2.314502742567129623e+00
-3.836355724031957903e-01
-1.204152470496138605e+00
-4.420366523719723717e-02
5.254166530447951233e-01
-1.604343009502828543e-01
3.066201694321065707e-01
-3.158950125361122407e-01
-1.033740153749859836e+00
9.635962066203856979e-01
2.940568251440047742e-01
-2.865954726701799293e-01
-8.868568198132948943e-01
5.649551291429198985e-01
-2.011746386339586135e+00
1.919055833046739323e+00
6.361806703974618449e-01
-6.437746157337966846e-01
-1.643670139003873043e+00
5.103393625125829391e-01
-7.440207084508900781e-01
2.200131923623321883e-01
3.204632044152204706e-01
-3.321836992790903054e-01
-3.342042444274347379e-01
2.387317023181196596e-01
2.393777106465303506e-01
-1.970912565348046930e-01
-6.730126090221496549e-01
6.606295068097711720e-01
8.174845193657681586e-01
-9.756143517959358080e-01
-1.318949933139437425e+00
2.728881699557811000e-02
4.327434535945265393e-02
1.013086028036316089e+00
-1.214141375791136124e+00
-2.804915206534981831e+00
2.815001301878253592e+00
1.510551635684853622e+00
-6.050695873473743713e-01
6.985281880569443880e-01
-5.700859237645906907e-02
-5.431375743324033945e-01
1.827391935877090978e-01
-3.802554575685630489e-01
6.693898213531689068e-02
-6.482921472814341668e-02
5.190784090153489627e-01
-4.714450893570494294e-01
-1.428994271175411113e-01
1.930260113887909412e-01
-4.698169853265087847e-01
3.172285749844046543e-01
-7.990437239213050713e-01
1.232182682078277303e+00
1.654553284204249575e-01
-3.077036559506782232e-01
-2.279474670055037677e+00
2.581680400791747321e+00
4.735175488722170867e-01
-5.096509230908280452e-01
-1.335429258338534986e+00
1.467040557288951996e+00
-7.911784311470944075e-01
7.596122873742713333e-01
1.109745871942032780e+00
3.559435605797985902e-01
-9.135433013185455531e-01
-8.343446565290331407e-02
4.726866363032690144e-01
-1.913256103080294146e-01
1.791682663189169411e-01
7.567757633459822886e-01
-3.893224784514972558e-01
1.264071055120286502e+00
-8.850104115823589357e-01
-2.698035770970717007e-01
2.376952927075091093e-01
3.136000931934558311e-01
-3.538521265516292869e-01
5.873765954852649962e-01
5.368358357851140683e-01
-1.703442565767271155e+00
1.698207110594252001e+00
4.834733325097110845e-01
-4.802193309407687405e-01
1.498309548792117196e-01
1.765323629004080797e-01
-4.372961340856001966e-01
-6.884023797887014462e-01
1.865650778074516014e-01
-2.057452186227417823e-01
2.113333531325910730e+00
-2.616175277387839504e+00
8.214686315093352453e-01
4.979536907448123828e-01
-1.392761480492907378e+00
1.368232270336553924e+00
