-3.297723615593812951e+01
2.354657058642070666e+01
4.022024274116613896e+01
-5.120417320687104734e+01
4.144855546858533302e+01
6.481912788102787815e+00
3.709730934354241327e+01
1.995302742985288802e+01
-1.359766534329511778e+01
2.706176611984519198e+01
1.369427144212430925e+01
-4.492802201719173993e+00
1.466642626886092415e+01
2.406577711565967093e+01
-2.294623730588534727e+01
4.196489707224402821e+01
4.551672226712250335e+01
6.576568138723080104e+00
4.808701782559229976e+00
4.745034109428894453e+01
2.509462071163390107e+01
-1.078615832455669619e+02
2.891880592721568632e+01
1.698593508207401470e+01
8.200676060608044793e+01
2.721330155939347506e+01
4.090509558975914928e+01
3.733135592049247720e+01
3.411963953993112142e+01
-7.587365243929705905e+00
5.440239763778197357e+01
1.816805579723898489e+01
8.705378198919065369e+01
-6.044124835640330673e+01
2.681998564054438816e+01
1.018272234130284559e+01
1.002543536000136548e+01
5.462151086356741292e-01
-2.077652338731722281e+01
1.536873613309195896e+01
3.323317557026280156e+01
3.871661849319403359e+01
2.819969219353217582e+01
4.045990732579887350e+01
4.216511081897946411e+01
3.951873732903967351e+01
2.852409543324669983e+01
2.551399825645480846e+01
3.305601786625688732e+01
1.753872389049903191e+01
2.265591991116201598e+01
5.478224949856879533e+01
-6.083891442507972869e+01
3.108763588767876129e+01
1.761292821427377930e+01
2.718333690884216480e+01
3.015007582160787081e+01
2.467620376748128308e+01
3.350239624898982527e+01
3.966254211901266302e+01
2.507303937276780914e+00
-3.178600969822036149e+01
3.571652091251786487e+01
3.277532405896278078e+01
-2.700944890406312027e+01
6.190036680019937165e+01
1.091303149375459647e+01
2.539193211159928154e+01
5.718766784061205755e+01
3.970176950673786820e+01
-3.489404560208090977e+00
-2.700720459605783930e+01
1.779339167182229531e+01
-8.674894931008749310e+00
-1.662632551995237407e+01
-1.344656630729573621e+01
1.030488053856357489e+01
-1.358865344377377227e+01
1.594554032538727562e+01
-1.127013482087214946e+01
4.256449796282882403e+01
3.051466727591517625e+01
6.170106159598415019e+01
4.752856294113254165e+01
-7.860409561276560098e+00
4.235672555223570157e+01
-1.318230128196412920e+01
8.097156036492236808e+01
2.595425740866719977e+01
1.238426430622319074e+01
1.511180924749161569e+01
7.456446993500823517e+00
3.563859680253371920e+01
2.646964106440274378e+01
5.479577146166323587e+01
6.136849536336753452e+00
4.488965615205884063e+01
3.096545486055588015e+01
5.610133382911958932e+01
2.047438691480774153e+01
3.277629667583390471e+01
3.723633249191489369e+01
2.603144403306597710e+01
9.284608965140344594e+01
4.165400645658054657e+01
3.299820619261949162e+01
5.467469382680430101e+01
-1.124938228584278477e+01
-9.705170368328653652e+00
-8.030722993510808649e+00
1.753298866409846468e+01
-9.710285587922562911e+00
-7.868526478710065497e+00
5.808295536463094066e+01
3.077646226291460962e+01
3.325414333903320596e+01
1.886014767722774366e+01
2.742367186524881006e+01
4.597496341450530988e-01
2.351927895518323197e+01
5.484268654170314505e+00
3.280527804201548179e+02
1.360372500532793349e+00
5.181750435974868196e+01
2.616178000828369221e+01
-2.584631509452468663e+02
3.877266490924683495e+01
4.782959348844344305e+01
4.329168959240062264e+01
3.517918615784101632e+01
1.446767292508500624e+01
5.805851066047357278e+01
1.383660417518148336e+02
1.196563890090184543e+02
-7.276327079543382581e+01
5.995773964514386023e+01
3.675770894131335353e+01
1.070147373752940325e+02
-6.824850891412666876e+00
2.680045344742582358e+01
-2.003843415054056365e+01
-3.178251347443121766e+00
8.071912810380329262e+00
3.989355748782764266e+01
7.977947762937685638e+01
-2.595180224854557949e+01
2.154184071671829770e+01
-5.947045210168257512e+01
-1.206794149932587601e+02
-2.935259921372916381e+01
3.765426021090604536e+00
7.541693417385867626e+00
3.881975509159943272e+01
1.033066503873649395e+02
1.186623713313193740e+01
1.020664427874059754e+01
3.383024644334082232e-01
-3.756041144561700662e+01
-7.740737399421010245e+00
2.096184133925484083e+00
-3.620860955001909076e+01
5.619616364166815536e+00
-1.359248948762517983e+01
-4.022359072917483758e+01
3.122848671418012856e+01
4.984763046257380381e+01
-5.154250433906439355e+01
4.008825848763565958e+00
1.272462168484968892e+01
3.840744415001974055e+00
2.085276315081426901e+01
-1.192597817850534199e+02
5.507774424273434732e+01
-1.063780139434292771e+01
3.471282043057145472e+01
3.065387236811589133e+01
-4.283383465077605479e+00
5.120696018078869827e+01
3.950378571840884234e+01
3.715485788879060447e+00
4.146761241637308615e+01
-4.369210009283656149e+01
1.130589587962792031e+01
1.921657029023681318e+01
2.018559636152593129e+01
2.036389581944430205e+00
3.726341081523826659e+01
-1.158253057900055971e+01
-3.136322409961418600e+01
9.771799567756070815e+01
1.424195510690537603e+01
2.434299774687934459e+01
1.349305887607389742e+01
2.509309553100413126e+01
9.894129223986182353e+01
-5.383208843696426982e+01
2.238861534337252834e+01
-7.452623765371164666e+00
4.677934945381110055e+01
3.092319908392312655e+01
-5.771918914649044297e+01
-1.781543569556262341e+01
2.451683696526270850e+01
-2.607297667819466369e+01
-7.681103069878251866e+00
3.800081861965255570e+01
9.022835818726292700e+01
7.079316745452523207e+01
-1.409351482552694179e+01
-3.199451603940615674e-01
2.030632217211832469e+01
1.206591214317040794e+01
-5.648991841358496302e+00
-2.319422425798509835e+01
9.818336411603919345e+00
8.407270191982778584e+00
2.501195141291653812e+01
2.589566222259583839e+01
9.123386805406511257e+01
1.065452191241157891e+02
5.304615735356530593e+01
5.611109894810129006e+00
8.674196603470338118e+01
-6.536221593116211537e-01
7.406039716761264913e+01
6.342587383587094507e+01
2.543056113009926378e+01
1.547427664823073279e+01
6.961454290620945073e+01
4.377951306017865818e+01
7.126021393796686709e+01
3.806413606121819981e+01
2.002559185401483077e+01
2.777400844791628032e+01
7.013700761685714546e+00
1.220993890046731849e+02
1.312367253227903063e+02
3.173843686933085095e+01
5.357167966432364636e+01
-2.175549534294636800e+01
1.078067377189089910e+02
-6.203546542515425699e+00
6.970781605330404140e+00
1.302036921712891804e+01
8.159779821307809655e+00
1.019809344483744340e+01
2.833407229653573278e+00
2.641434003196535230e+01
3.930963678252653892e+01
-1.354555760756730542e+01
-6.126845460513559161e+00
1.276889015212647749e-01
8.853127463438892164e+01
2.047622214986396827e+01
4.838108075568099409e+00
2.482470864707720892e+01
-4.852831804311097841e+01
-4.231507454071195440e+01
6.642940830831337351e+00
2.218138355560022390e+01
3.644768989198190923e+01
-5.656724766572404306e+00
1.277786786282042542e+01
3.036709666225312176e+01
3.980878421486988827e+01
2.651020692476733842e+01
5.971021958973714305e+01
2.006036306451167661e+01
-6.681481291058100069e+00
-2.347377979934521264e+01
3.625274213586376959e+01
7.024011839234003851e+00
3.928092924159243893e+01
-1.873878217981828342e+01
1.471245441723968739e+01
1.194524377079093114e+01
3.142547740463843908e+01
4.294354736749226475e+01
4.656969941230433108e+01
1.210744927316023478e+01
6.095949998994290908e+00
2.846260732827971651e+01
1.009812931088352350e+01
8.133068266025330217e+01
3.862564315541678184e+01
3.318904282640463776e+01
4.031218866842669257e+01
5.979040343260155765e+01
4.467238062013233701e+01
7.083921339283590690e+00
9.862625166830971679e+00
2.835704520059084643e+01
-2.116719168864691625e+01
1.659392418259490043e+01
4.300580679094294112e+01
5.064895433464541696e+01
2.298825910443234832e+01
9.049723732062531667e+00
1.340564222443908982e+01
3.508964289559965977e+01
2.177567753204522205e+01
2.705452810488837301e+01
-1.105114971856770190e+01
-3.454465119111956994e+01
6.402856013377098066e+01
3.552196458253818889e+01
2.324000575121337064e+01
4.649792289042120785e+01
2.629734723266412644e+01
-4.380503784847196869e+01
7.681916708383345060e+00
6.332901224355338599e+01
3.265197873351174707e+01
2.838263738547092885e+01
7.326528427238701013e+00
6.952272626239066255e+01
4.718434469258837538e+01
2.667839832374858133e+01
6.589256353675560263e+01
-1.764995027862862287e+01
2.584433542721184196e+01
1.225637778571523562e+01
1.312625994234046445e+01
5.082315837306307316e+00
4.633389398982721730e+01
4.583008494575344827e+01
2.449314282026021772e+01
2.028226751726208477e+01
5.242896047030316709e+01
7.631530942703913922e+01
8.509295490862143652e+01
3.147901372492877670e+01
2.461186173783895015e+01
3.732273557975825184e+01
2.234925684333996188e+01
3.500240426948697969e+00
-1.246903130611820387e+01
4.804123290772935206e+01
5.390465613535275935e+01
2.840129969577706248e+01
4.535678611202315125e+01
-1.880007205738121190e+00
5.828660521745688605e+00
1.240092774449178847e+01
1.112973955124062186e+01
4.101375179030855911e+00
2.117123041732809696e+01
-4.105811428577977296e+01
-6.442695147706615444e+00
-3.101095620582712797e+01
-1.154149065709112776e+01
4.153082477434048059e+01
-1.050122748907394588e+01
8.621178330668785250e+00
2.721233799064874148e+01
8.611867628451685164e+01
-8.089693417884221560e+01
-1.648887141122014199e+01
-2.918214900686164128e+02
-9.549272475958453299e+01
-7.604916088319451539e+00
6.158627972998778688e+01
-6.731001973157326290e+01
-1.337849529632445389e+01
3.589322601600808582e+01
1.517417273200519787e+02
1.460903194343885581e+01
4.978325176492322868e+01
-5.124021418295731323e+00
8.656129897457405775e+01
3.245104065483632638e+01
2.692711958518386339e+01
6.104707020236642023e+01
4.069470042110693697e+01
-5.481016862040475957e+01
1.863390996761383178e+01
5.015583991152808352e+01
-2.237784439050314589e+01
-6.424866077009215637e+00
4.714129283634746770e+01
7.356773013189567223e+01
-1.191080070021183657e+00
1.528356236715720851e+00
2.708444534542478266e+01
2.198544550404202980e+01
-2.513421572145240290e+01
-9.273142994275167439e+01
9.068455300372441741e+00
1.354551757821811009e+01
1.983439172189714839e+01
2.434954742199366962e+01
4.785756947997827382e+01
7.698655562180880452e+01
-4.916616927778798640e+01
-2.685436192401883204e+01
3.578162625268395658e+01
-6.058645953843422660e+01
-2.136562425482465954e+01
1.203614339406495048e+02
-7.155366955211144386e+01
-3.095983825824416780e+00
2.335969146138783614e+01
9.963100087203626742e+01
-1.507743275492568991e+01
2.927620579711436122e+01
2.561728824885521760e+01
1.119803575292350075e+02
2.017647221172644123e+01
4.420640972778456756e+01
1.985833122772246284e+01
-1.556534220533201918e+01
2.061609186646501612e+01
1.725370231323920933e+01
-2.864417289467586514e+01
-1.241784044584151587e+02
2.696312741993216378e+01
3.427386964142209536e+01
3.314052705332389337e+01
1.240761716892457756e+01
2.492606611116232784e+01
-6.104294221563905332e+00
7.463277089451658242e+00
-8.635724047353418698e+00
-4.162490992323757411e+01
1.542691761883123114e+01
-3.270623147690702126e+01
-1.047766298610147828e+01
-2.147946363592059527e+01
-3.807749601824484387e+01
-1.339702154447749365e+02
-2.796450839193419569e+01
-4.909418887618957505e+00
-7.546071078651221953e+00
-3.497814600046255862e+01
4.782227352350567884e+01
-4.430790597522764074e+01
-1.738859745097715859e+01
-1.525014425887242275e+01
-1.437844269001911890e+01
-1.121020911883299931e+01
-3.528873600634599939e+01
-1.108597845527722470e+01
4.339777088683884188e+01
8.611381767053227776e-01
-9.312225706255464530e+00
-1.884846117584043412e+01
-2.653156895145523464e+01
-3.361407977320560292e+01
-6.735935964464379921e+00
-3.596810896668344526e+01
-5.308547441218754770e+00
-4.926389946230781192e+00
-1.645822058004401356e+01
-8.823061199547980493e+01
1.036073053628094272e+02
3.427437252357194986e+00
-3.918398187193982807e+01
-2.970078004339161737e+01
-5.465435643333886873e-01
-1.913625032486525583e+02
-6.079091840295670401e+00
-2.741275507658655286e+01
5.534369054696694157e+00
-3.729305542552455677e+01
-2.284606881339968609e+01
-5.260648437975469882e+00
-1.283319723818118341e+01
-1.486138952867756302e+01
-7.026736881510708521e+00
-4.830384435555689748e+01
2.488591625593157630e+01
-1.546275196399734142e+01
4.743044416234397431e+01
1.862732704113210680e+00
-6.910895142000742908e+01
-1.005548333653080029e+01
-2.954201063997676968e+01
-1.608690808381734527e+01
-2.223347000127413864e+01
3.528971129061861056e+00
-4.245056636940051931e+01
1.458095832622887222e+00
1.815769960511380887e+01
-3.557461190684868768e+01
-2.760461636032335875e+01
1.959068442511700781e+01
-3.003714534238872247e+01
-1.528353414847725666e+01
-3.260552363467595427e+01
-5.719921532283240140e+01
-9.194148304437284480e+00
1.711011744677982094e+01
1.546813318545257410e+01
-1.524803996192311750e+01
-3.993662981047950211e+01
-7.697322148659591079e+00
3.753526933804972998e+01
-1.156448037957824582e+01
-6.362410339414368821e+01
-7.607944258152450345e+01
-9.223120399465221553e+00
2.877946355323301120e+01
-2.852376200529937833e+01
5.895995027660426935e+00
-4.070845736256541869e+01
1.472659453026629173e+01
-2.297980179621928087e+01
-4.682775590735424487e+01
-4.401842922909030165e+01
-6.066869408987960810e+01
-5.602050535125878916e+00
-1.743084731305086521e+01
-5.892120329225033259e+01
-8.449509380582535201e+00
-5.708427725330849967e+01
-3.293563514633781608e+01
-1.210257967648651167e+01
-5.227677910674143646e+01
-2.623051957168440040e+01
-5.706095904096604698e+01
-3.451271867364024359e+01
-2.101301487819713998e+01
-1.212574174700896279e+01
-2.422592134331962299e+01
-8.852108542809148162e+01
-8.259813097889129097e+00
-8.804776332394784077e+00
-2.899966681133251001e+01
-1.036486239536172747e+02
2.599415240714906972e+01
-5.284554277133873157e+00
-6.340856549600773917e+01
4.390846671507743793e+01
-6.208048134898094261e+00
-9.099585179783002786e+01
-3.804907516042135995e+01
-1.783687400359261943e+01
-1.476202355729947868e+01
-1.912870533950860263e+01
3.871249427370436536e+01
-2.369797036196005280e+01
8.487392167702013523e+01
-2.149577472580277515e+02
-1.458023328856131684e+01
1.514957909157607574e+01
-1.991273787136561069e+01
1.151914140988337181e+02
-4.748526762672206303e+01
-2.806979849702361207e+01
-3.877993946496851407e+01
1.297133072461989300e+01
2.435618218264237811e+01
-1.388715051467396489e+00
-4.992268414785158370e+00
6.447008591205772632e+01
-3.337867506144683460e+01
-2.570851752571581983e+01
-3.963059909796849922e+01
1.861042582380656540e+01
5.515285508828264227e+01
-2.176854813929212165e-02
-2.155778039734297380e+01
-1.440250238356865609e+01
-3.934181989809805913e+01
-3.443067366032243370e+01
-1.633951800804954146e+01
5.670809133058717322e+01
-2.348950690482928394e+01
4.862675741732245882e+01
6.171024537803003795e+02
3.250884932864727261e+01
1.163052838558620863e+02
-5.371689753500395170e+01
-3.460535556954805969e+01
-3.028587476693960667e+01
-9.052881422933600319e+00
-2.578421595737311378e+01
4.966542779167523847e+00
2.656056197388783957e+00
-1.903128625262790752e-01
-2.566140752531338887e+00
-2.431263554368386792e+01
-2.509783727957012189e+01
-1.954950167381503734e+00
9.317051338666014715e+01
-3.943012746071141161e-01
-1.448728880573480637e+02
-1.058802156299825441e+02
-2.250959047679048552e+01
-1.905140876733497635e+01
3.293125702552920586e+00
-3.916223317156753314e+00
-1.734755531080990636e+02
-9.085779566004529784e+01
2.121453853845993081e+02
-2.554906175777230715e+01
-3.136499955999578049e+01
3.168151965686983473e+01
-3.365024337392968334e+01
-5.597953095867402595e+01
-1.661095445295647721e+01
-4.254948400706056333e+01
3.608651951413334302e+01
2.114648462214351454e+01
-4.066732261267929971e+01
-7.851145291500962742e+01
-3.210312180624819689e+01
-2.043394468884060444e+01
-2.890528953882522067e+00
-5.433099653857716049e+01
-1.429525185583462701e+02
-1.372034200874578502e+01
-3.762712718182621074e+01
1.874919649972994051e+01
-4.192224248792120989e+01
-6.967328820620807051e+01
5.053234855243973556e+01
-9.995985660640135606e+00
-5.227225688952241711e+01
-4.607988703141329268e+01
-3.242814000453102352e+01
7.213691223463315794e+01
-1.180797936745973509e+01
9.370755446769353014e+00
2.522753109884709488e+01
-9.923818999338907432e+00
-2.349046241114574229e+01
-4.340528303471304383e+01
-4.155423327907304554e+01
4.281659381170359069e+01
-8.136111848172791206e-01
-2.227323957860420833e+01
-5.834802340545120813e+00
1.589178006956582756e+01
-1.779730096912002679e+01
8.072731940910676585e+00
-1.011343420441355789e+01
-2.381163156758710286e+01
-2.335308562385682762e+01
-4.451238097349414602e+01
-3.003198842151242332e+01
-3.351252463348559019e+01
5.076091997950700829e+01
-3.994556659573926538e+01
1.226771277878132116e+00
-4.088058821796662556e+01
-2.051594263526265394e+01
-1.770432783113798081e+01
-3.205919641220180694e+01
-1.695764113467024004e+01
-4.475557689915073745e+00
-5.690034428767577168e+01
-3.599935109141615186e+01
-1.180252275625140790e+01
-3.568422947899492925e+01
-9.511917398741029928e+00
-8.062541905457861446e+01
-2.126574158340829399e+02
-8.428925096652949378e+01
2.255654344674286804e+01
-5.547873872955810803e+00
-8.824844995604379960e+01
1.099641286310241561e+01
1.685709238249613406e+01
-3.436526270273124339e+01
-5.845728449801400473e+01
-1.185090456897451716e+01
8.349195671471456137e+00
-6.355150122639206245e+01
-4.492613676423265900e+01
-3.771565370781210191e+01
1.414788181808224410e+00
-7.093933839405190156e+01
-7.933692075180887571e+01
-1.768863805908179287e+01
2.266026096616033936e+00
-1.035093213673409096e+01
7.180826097876176561e+01
6.064476196509237838e+01
-3.933618814249368256e+01
1.568462161683258582e+00
6.031542229888457562e+00
-2.935212330483088494e-01
-1.992953994505158022e+01
-1.912245605506362622e+01
-3.797456924234078457e+01
-2.333011660952674404e+01
-1.927721103334612707e+01
-2.196180831399700750e+01
3.037241393621494812e-01
-1.614405803099852577e+01
-3.092384007714367655e+01
-2.727614345685014996e+01
-2.711677230317143739e+01
-8.499448585030997094e+00
-5.145440075464001950e+01
-1.105275004677285722e+01
7.475473140228190427e-01
-1.633256787519986375e+01
-5.479833709303319011e+01
-1.797352298149017713e+01
-5.152446934507394438e+00
-1.677340676763175509e+01
-1.957967466512141286e+01
-4.544453298598637758e+01
-1.103165923262000359e+00
1.538494168340776902e+01
-5.607311814363793445e+01
-3.862032625706715550e+01
-4.479002229329343976e+01
-5.433397857959430866e+01
1.951491736531612275e+01
-1.322841744733289104e+01
1.096869974042581397e+01
-4.350933926145798836e+01
-5.737741743598618882e+01
-6.355695143506031286e+01
-2.738770186175280585e+01
-1.580877165427353681e+01
-5.842243843684477156e+01
-5.647363309723179015e+01
-1.555196959667615531e+01
-3.428261909965571164e+01
1.123673115792887103e+02
2.713488500647110513e+01
-3.410345099250952217e+01
-4.182041478349495378e+01
-2.101504061691679581e+01
6.892081819868816073e-01
-6.045154586976725852e+01
4.148670041508784578e+01
-4.503969575210017240e+01
-8.565722039837292812e+01
-2.856457600395996366e+01
-3.124578459407886655e+01
-5.293973395466716170e+01
-2.186930255647738974e+01
-2.027661849754963796e+01
-3.796528909707907928e+01
-3.918179023576426889e+00
6.031567628873330733e+01
9.755732498151036225e+01
4.181584926823366999e+01
-1.522874846133984050e+01
1.766100062945182003e+01
3.395857380482433996e+01
-4.951357669843721254e+01
-2.288720418561880621e+01
-1.031815996955932846e+01
-5.151581488739437731e+01
-5.046442688809897703e+01
-9.910933988837241770e+01
-2.351708675429269491e+01
-1.326001464753186632e+01
-5.621264433690159024e+01
-2.800521418739900525e+01
-9.123799943944467472e+00
-4.821128382179356464e+00
-2.149648524242331504e+01
1.097314428325797309e+01
-5.233928001516003548e+01
-4.427651835171720762e+01
-3.489494844382846850e+01
-4.898816621686846062e+00
-1.019384360584006899e+01
-1.915442293881278957e+01
4.674139135158638325e+00
-1.723958170026087444e+01
-2.618262333350458348e+01
1.864316595078967964e+01
4.589490769154236460e+01
-3.568649185907922572e+01
-8.970539177365229477e+01
1.602732031237293076e-01
-9.701454996916233142e+01
-1.658254323173921208e+01
-4.337726717962140555e+01
2.912236194228698594e+01
3.155557525652460171e+01
3.039939470579301428e+02
6.654626982239943800e+01
4.213051544043287322e+01
1.037620280443572796e+01
-4.894602268177089854e+01
-7.687439603172695968e+01
-4.646855088053043659e+01
-6.754687258497261837e+01
-3.081464512409408840e+01
-4.020561409621436866e+01
9.186830536620220755e+00
-9.611003579528785679e+01
-4.421475990833149439e+01
-1.175993375460179990e+01
1.743391940036176209e+02
-8.752320635808615634e+00
-3.639012093548286231e+01
-3.580145726547534935e+01
-3.987936337796227093e+01
-1.061197679827119913e+02
-1.435335162180031077e+01
-7.340871335806477305e+01
-4.284338090071886995e+01
1.542511703773726950e+01
2.065822564133249628e+01
2.749123391367251479e+00
-1.318137856230737981e+01
-1.089333519818318941e+01
1.655433629415677999e+01
-3.433632141203860044e+01
-5.940534730065268576e+01
-2.934734076011346460e+01
2.354235085736466004e+01
-2.693542907849771595e+01
-5.086425457902389269e+01
4.230158045830165747e+01
3.127446901216224617e+01
-1.225954121192689072e+01
3.424861221844698100e+00
-1.515255593740348594e+01
-2.069366738777830150e+01
5.905988615298155509e+01
7.036776017989546439e+00
-1.897876800161505528e+01
-4.437679210852577683e+01
4.074793985193016610e+00
-1.575140946388363083e+01
3.825755831781336269e+01
-7.107152984627863823e+00
-1.230835305702433047e+01
-4.580898040719863218e+01
4.165408763891854704e+01
-5.350572476759231222e+01
-3.291497216877773724e+01
-4.979238904057385895e+01
7.974201753229725398e+01
6.566628500664491774e+00
1.112493585433621845e+01
-1.006142097828173121e+02
1.748236186075336462e+01
-1.115456435611625174e+01
-7.992754234320199203e+01
-2.032585275070596609e+01
-3.898209671744172624e+02
-4.154695190196989074e+02
-6.183893195668736098e+02
-1.480812415995795561e+02
-2.028359035202589951e+02
5.064798426321628000e+01
3.396566502232780067e+02
1.791078134585649764e+02
-1.792664912549121254e+02
-5.069961828935857397e+02
-4.128695314990637826e+02
-7.946327544274829506e+02
-2.170657509700862136e+02
-4.667368623163130223e+02
-4.037489759257976516e+02
8.664854742487140982e+01
-9.971732416167242263e+02
-3.046326324037825088e+02
-6.441167775447634085e+02
-6.000590871400889910e+02
-6.027199064077052526e+02
-2.434027411947393915e+01
5.002697562815694710e+02
-2.522170894333602575e+02
1.395253836314318221e+02
-2.105987882362752828e+02
-4.002138967124585065e+02
-4.028619410218519761e+02
-2.611576399301686706e+02
-3.844512234969919291e+02
-2.949971337032210386e+02
-4.674818953752716197e+02
-5.785815263005448514e+02
-4.966701363086363017e+02
-2.655359184042811016e+00
-4.006843190248033011e+02
4.894930472492136460e+02
-3.517912394523407897e+02
-1.990876658461465070e+02
-4.915642010770343973e+02
-1.081081944427735522e+02
4.852168187279222025e+02
-1.397008221443875620e+01
6.920521380893123364e+01
5.850115029580910004e+02
-2.561492352841663092e+02
-1.012337251127577673e+02
-2.181334565998531048e+02
-9.206654778768916803e-01
-3.411064602353584974e+02
-9.254310379871482439e+01
-3.910933198711905447e+02
2.783390539773847649e+02
-1.212346711268436650e+02
-1.714012134387179742e+02
-2.812904964265225658e+02
1.275802537787858597e+02
-6.614705170452592711e+02
-2.541825014379278684e+02
1.660835501539787344e+02
-3.941208601717013948e+02
-1.433091779974310782e+02
6.194531751296168522e+02
-6.964839526462145614e+01
-8.155058921835157548e+01
1.696538994917983985e+02
-1.151714994907376024e+02
-2.037516347705760467e+01
7.448039441351384085e+02
-4.743498145171253100e+02
-2.285601441256813473e+02
-1.494141912453111161e+02
-2.528602235708455055e+02
5.564508640661358641e+01
-1.970855359152258188e+02
9.003963870851036688e+01
-4.184274123030429848e+01
-1.659758991404460460e+02
8.789398254830423696e+00
8.560908950111701188e+01
-2.593323663775536829e+02
-2.146283717980961114e+02
6.267147117749509562e+02
6.910150733749848939e+01
-2.551354401937829266e+02
-1.646396905484840261e+02
-7.217547468578570147e+01
-6.131456468406770455e+02
-3.665507995238436365e+02
-2.665165180757886105e+02
2.740648516999484485e+01
-1.997519484354191732e+01
-1.475195470015997898e+02
6.268555932243298656e+00
-2.372825451923264666e+02
-4.522184316309725887e+02
-1.577230401498131585e+02
7.270513080444837897e+02
-6.168589217178612927e+01
-3.555906832504646076e+01
-3.094484271151041526e+02
1.612849733909038150e+02
4.616408343991986385e+01
5.089632096399803345e+02
6.406209576426184071e+01
3.148409034818191685e+02
1.322444420130251501e+02
2.359224962050757881e+02
1.737414806124307542e+00
-2.405057541279212501e+02
-1.394452942211354980e+02
5.879587217459094717e+01
-1.936071630577802125e+02
-2.451453565254374496e+02
-1.466593503819148623e+02
-7.291474201833334234e+01
-3.116822812123571111e+02
-1.443933363661009537e+02
-2.469844622519663915e+02
-1.420648417841593698e+02
5.271969094139138861e+02
3.509824415734460672e+02
-1.716226346098819988e+02
-3.517948502595438640e+02
1.284555158333120914e+02
-2.692432374378460622e+02
-2.702278107058197634e+02
-4.212449366637868593e+02
7.771650729681400094e+01
-2.060254877382360803e+02
3.670108553856676963e+02
-4.542525206987522779e+02
-1.675802089835557069e+02
