-2.749529142574330676e-01
-2.733207949698552852e-01
-2.732412843836771743e-01
-2.689477472149479631e-01
-1.944696541765049136e-01
-1.796852119252205227e-01
-1.875802850980050340e-01
-1.663004458655901741e-01
-2.189968438669491757e-01
-2.154213014841629692e-01
-2.198615910388144190e-01
-2.312164327799349772e-01
-1.819463188823890187e-01
-1.664164150767676043e-01
-2.950852728469253727e-01
-2.970744353269775817e-01
-1.651930490835201437e-01
-1.390742175867741848e-01
-1.318263899288411589e-01
-1.266006598576838449e-01
-1.365372166986956737e-01
-1.610271411550780185e-01
-8.669919192009838127e-02
-9.699912217195628961e-02
-7.191856042960852180e-02
-7.889907978117224885e-02
-1.911209668787466898e-01
-1.647701469850544886e-01
-2.564930445056197716e-01
-2.326161397676020093e-01
-2.334401095682508975e-01
-2.337885023409914109e-01
-2.266214764450343866e-01
-2.392589665724833836e-01
-1.276651931653976779e-01
-1.202438894566877775e-01
-1.121384750153501808e-01
-9.828526843054016804e-02
-8.842641097870918010e-02
-7.922221815671662282e-02
-7.762658044776635236e-02
-2.868092528862682955e-01
-2.871904837570758429e-01
-2.002678942583329957e-01
-4.625158613731336632e-02
-4.952637684306522570e-02
-2.396040178618337110e-02
-3.098000130535762814e-02
-2.051843638595454433e-01
-2.243841261195941572e-01
-2.344437984190809732e-01
-2.115679566794542721e-01
-2.448803134230451151e-01
-2.899090979782042998e-01
-6.528562761929582181e-02
-5.746200836977593401e-02
-2.323218959945611561e-01
-2.151258814076415504e-01
-7.877020329935799370e-02
-6.175909392914634422e-02
-2.480943524792350308e-01
-2.519032388962000324e-01
-8.252194412693333869e-02
-2.891412626802824515e-01
-2.686547763324197424e-01
-2.094234828865529918e-01
-2.315180079112908462e-01
-2.174900835679659250e-01
-2.061066414428527616e-01
-9.164370330906761175e-02
-1.125855199293337161e-01
-9.294857786187614435e-02
-1.842369842496375532e-01
-2.817263259029436084e-01
-1.245489326436744620e-01
-1.384565417705960477e-01
-1.603165284282280223e-01
-1.199755274803496474e-01
-9.907455455105049213e-02
-1.520595378401031483e-01
-1.615481110858492664e-01
-2.701904604022731249e-01
-2.550539675635557502e-01
-1.646133426035634728e-01
-1.763971376978809014e-01
-2.531655271479301694e-01
-7.340170762964577655e-02
-2.890520504136372959e-01
-1.682496311525397414e-01
-2.741673536964621127e-01
-2.095813635842905254e-01
-8.339904927048039096e-02
-1.806256366326848828e-01
-2.282491797038404546e-01
-2.315864645587268067e-01
-5.730840425319887188e-02
-4.857353440984300136e-02
-2.824909972302340200e-01
-2.729414262436816174e-01
-2.957648101651075834e-01
-2.487898945994468924e-01
-3.765739313585505371e-02
-6.290565251046027762e-02
-7.905463213572488934e-02
-9.147451646094177657e-02
-1.911735590853469724e-01
-3.905752825027616892e-02
-3.110158013384158385e-02
-2.642111361091917798e-01
-1.439166382073922834e-01
-1.470298816360573468e-01
-1.214706692664270643e-01
-1.389885746090425700e-01
-1.727830979968053293e-01
-1.643044660869009688e-01
-6.051031978160501673e-02
-6.225364130056155326e-02
-2.964081019870813405e-01
-2.877518555725486205e-01
-1.611789183050310048e-01
-2.814564294831901070e-01
-2.668784879032038426e-01
-2.933048857549607202e-01
-6.976023084623406145e-02
-2.077837250085103060e-01
-2.326163281672946892e-01
-2.325250371488744860e-01
-1.488263517851896589e-01
-1.657462938705988875e-01
-4.476898007299710824e-02
-2.875776038608842122e-01
-4.067899249969524761e-02
-5.863090898348572583e-02
-7.149288471195264227e-02
-1.060750846692984223e-01
-7.684849483058737996e-02
-7.509987132887356587e-02
-1.866966442321487674e-01
-1.878549085173571165e-01
-1.197817309807006625e-01
-1.924689708037282121e-01
-1.269905164395797037e-01
-3.294445722174559055e-02
-4.371477666860515421e-02
-1.620023391860902010e-02
-9.091236787234533573e-03
-2.406734086418150231e-01
-2.491028147377842006e-01
-2.526100247880666005e-01
-2.684957383080329163e-01
-1.273703817159969054e-01
-2.029453146421552057e-01
-2.099157989793689061e-01
-5.542082652588894987e-02
-6.245376038381470624e-02
-1.500114038704129793e-01
-1.668851575737432535e-01
-2.930461803028744372e-01
-2.197408643742154166e-01
-2.356417312502943340e-01
-5.254661228563658332e-02
-4.271580087770741191e-02
-2.755488154347127128e-01
-5.917777216605784457e-02
-5.034743015682934669e-02
-1.318386028070874239e-01
-1.019983954255465619e-01
-9.299627257076366338e-02
-9.026048478613424297e-02
-2.311227957118435761e-01
-1.170011351842369929e-01
-1.406564818551508111e-01
-1.009102455801996062e-01
-1.009014853519262372e-01
-2.302335927951144889e-01
-2.581656179009504393e-01
-2.213999543991829744e-01
-1.886538690787035455e-01
-1.464266771675953316e-01
-2.117037544569306540e-01
-2.418169079249159747e-01
-2.061302694475876940e-01
-1.724907321742966959e-01
-1.958167702752692529e-01
-1.090492294813957264e-01
-1.435383358268720322e-01
-2.639946176715441406e-01
-5.790330219541806045e-02
-2.742300851564458131e-01
-1.848854601664339792e-01
-1.608408470341350371e-01
-1.777076931122164860e-01
-2.256742674362433587e-01
-4.742656364255290469e-02
-2.355684628115889689e-01
-5.473022462344917516e-02
-1.734181929994168814e-01
-1.887027772329393227e-01
-4.676110954537900793e-02
-2.013032963646532725e-02
-4.787232836614026266e-02
-3.799801447828425605e-02
-1.124365558454228781e-01
-2.203960360609025781e-01
-1.178351732537275959e-01
-1.228652472453079791e-01
-1.384374009813844342e-01
-1.084699543441494107e-01
-2.785796116813709158e-02
-4.614995071589275688e-02
-1.554926247681226725e-01
-1.105145859064402408e-01
-1.791067960876629728e-01
-1.714391780456701597e-01
-2.724436195961738028e-01
-2.214370449154606513e-01
-2.188294021167744019e-01
-1.908855843831596677e-01
-1.433414102227137388e-01
-2.559505921897172187e-01
-2.774699813076106705e-02
-4.996215056165045909e-02
-2.497519861990850354e-02
-2.390594663797847644e-02
-7.288866677187322285e-02
-5.199873924205673792e-02
-1.364861080146952954e-01
-2.412361746601592583e-01
-2.406088227569000426e-01
-9.405560407670277012e-02
-5.666014139151077239e-02
-2.956408055834098825e-01
-1.940002637213611714e-01
-1.711285096921643101e-01
-9.685485732701858141e-02
-2.682997155865297079e-01
-1.204213971892646173e-01
-1.244001052265947954e-01
-1.082437994947037796e-01
-1.309883103283291106e-01
-1.136370647807913720e-01
-2.111320983428701947e-01
-2.869753323489823149e-01
-2.289001191858881512e-01
-1.233784619957493250e-01
-2.961408753667277294e-01
-2.725359005065016715e-01
-2.169040980823275788e-01
-2.412258187714343693e-01
-2.302732110858979608e-01
-2.059361147680302817e-01
-2.500338854514175257e-01
-1.618116726248018666e-01
-1.692028255201561693e-01
-1.566202766407787939e-01
-1.700822656655254506e-01
-2.540004389460978618e-01
-1.933249678031419283e-01
-2.759841258656546281e-01
-1.624379283150036157e-01
-2.638142864975496771e-01
-1.859677274141414705e-01
-1.411126795837331360e-01
-9.971596778680687223e-02
-2.542423005080247655e-01
-2.697710856659555831e-02
-4.451665997821999121e-02
-2.446617279206350637e-01
-2.163945966566689916e-01
-2.025253979939104221e-01
-2.454057669978561007e-01
-2.161043021807668163e-01
-2.677035186865817096e-01
-2.512059373829814701e-01
-2.840880874895880259e-01
-1.586579932192439812e-01
-1.363644606050216646e-01
-4.245549774795452647e-02
-3.384111827896823382e-02
-2.272240284329425930e-01
-2.950172748435246350e-01
-2.136907225630547136e-01
-5.869707384919038706e-02
-6.374974616984015185e-02
-2.178652724582459399e-01
-2.895543119350427741e-01
-7.626206714417922694e-02
-3.322147967305671967e-02
-1.007077006246288736e-01
-2.850977750449102885e-02
-1.561647541937801094e-02
-2.436584366705578097e-01
-2.208071887016244128e-01
-2.461621633105441909e-01
-2.472853743040648311e-01
-4.167905308538913389e-02
-6.739611329257741423e-02
-1.583659369141281886e-02
-1.634080546582401816e-02
-2.301916926889619741e-01
-2.413274391831925214e-01
-6.943146652777659744e-02
-6.273522434913637869e-02
-8.183631053962919788e-02
-7.267122935183867316e-02
-5.443538248855523537e-02
-7.434220577354394566e-02
-2.538184501690510797e-01
-4.044788995926832526e-02
-2.460616770823108035e-01
-2.674035181521508542e-01
-2.911666512930398687e-01
-1.410543923055459503e-01
-2.113669688645656297e-01
-2.369734808279747584e-01
-2.616680705221085534e-01
-2.102899321612130834e-01
-2.277128807240417496e-01
-2.938261144809671266e-01
-2.882501021949919751e-01
-1.832411214728915660e-01
-5.936582818600456835e-02
-2.679633456653221502e-01
-1.142189678431699412e-01
-1.491026514256421354e-01
-1.378901788994102429e-01
-1.943735072418180110e-01
-2.627403402391921272e-01
-3.364860658417996586e-02
-1.624920681713209469e-01
-1.374897439185209791e-01
-3.045157074291906726e-02
-5.189737427419677945e-02
-1.452462095095674866e-01
-1.219324667115795624e-01
-9.312914149811764297e-02
-6.863656225762225505e-02
-1.577843012844570292e-01
-1.654509621039794987e-01
-2.461904652069031238e-02
-3.427386758965794006e-02
-2.865820318777902442e-01
-2.759134374263433886e-01
-1.164547100408329233e-01
-7.761161904607116746e-02
-2.217272442594653281e-01
-2.255555552887144322e-01
-8.690661722696953195e-02
-1.148626871303197183e-01
-3.272809759519361428e-02
-6.963294585989160401e-02
-6.776912431359642663e-02
-1.314678359894769499e-01
-2.834107163173710808e-01
-2.094027021608624028e-01
-2.966019625212482080e-01
-2.901226808511473965e-01
-7.812368934037357271e-02
-6.440585787225915071e-02
-1.977182012792523258e-01
-9.683609443360903513e-02
-6.004641022889183749e-02
-5.324539122636506860e-02
-1.252321593426606039e-01
-1.497406021909633740e-02
-2.807073123889850530e-01
-1.693093986827736430e-01
-1.837498576139588724e-01
-8.211322411742826011e-02
-5.173737530390416089e-02
-2.468494516615462320e-01
-1.929867472063489797e-01
-1.487756400133479762e-01
-1.255392625087376479e-01
-1.458564947581255100e-01
-1.556327874347485929e-01
-1.452603769285730761e-01
-1.560957861289499482e-01
-5.333671658116945907e-02
-1.742045554628617876e-01
-1.525059651465456301e-01
-1.873461650498263187e-01
-1.942383915182743503e-01
-2.890921548026169074e-01
-1.222713648403704438e-02
-1.599290515939794655e-01
-1.465162467892891507e-01
-3.072813545216200246e-02
-1.920501763536129336e-01
-2.651514208742791756e-01
-2.424519869098199776e-01
-1.904312500731450419e-01
-1.779001627549740838e-01
-2.574305112219827940e-01
-3.984490495523601572e-02
-9.779440578508269422e-02
-2.611422122979508154e-01
-1.272949145476575394e-01
-2.337823735468627928e-01
-2.636951127226912495e-01
-2.704129435964378603e-01
-1.291188597489662526e-01
-3.161294473985507003e-02
-3.994549058908843792e-02
-2.182380704898256862e-01
-1.166789916838354563e-01
-1.444654460230841986e-01
-2.023621729476029474e-01
-1.760479847276027743e-01
-2.281141512305818742e-01
-1.693582198210381307e-01
-2.196066109935512212e-01
-2.102402063588950931e-01
-8.719488993099555607e-02
-2.861280949013736419e-01
-1.426204579913954162e-01
-2.853670262524323764e-01
-2.948729002576650493e-01
-2.739714845558981482e-01
-4.871160656422611479e-02
-4.785405892137523792e-02
-6.321069048797615941e-02
-2.723440961733452625e-01
-4.377084580408824310e-02
-2.499515878836397753e-01
-4.316843007488584127e-02
-2.759194596634440555e-01
-7.704856850787240863e-02
-8.761051560946926664e-02
-1.801587402699155460e-01
-1.592133955296218539e-01
-1.160194552676670071e-01
-9.024440812796870326e-02
-2.064403402603331439e-01
-2.768184376623184506e-01
-1.202976201930419653e-01
-1.065789791266251868e-01
-1.184069222063681981e-01
-3.452995802522607072e-02
-3.899776599757517892e-02
-1.085773052132263800e-01
-2.812337542332954410e-01
-1.813038841918235555e-01
-8.269257471979006568e-02
-8.544647543705792547e-02
-7.588876006666632479e-02
-2.447831063170209098e-01
-2.534335619017188401e-01
-3.560222503177380704e-02
-2.613063149238858962e-02
-1.392131421872474517e-01
-2.411900005772682487e-02
-2.215990941497531300e-02
-1.851572362499231614e-02
-2.023256046981392400e-02
-2.958203472544266299e-01
-2.762861339434555807e-01
-2.343058196542286420e-01
-2.671304775669851028e-01
-3.299929413830741953e-02
-1.696504654337385176e-01
-1.536351790431478292e-01
-1.745355223838963299e-01
-2.643445540577601949e-01
-2.157289388102658911e-01
-2.607481082360377789e-01
-2.675993114927798788e-01
-2.744983600123137024e-01
-2.550470208992443033e-01
-2.694802415418613428e-01
-2.792623663876634410e-01
-1.226377170597133526e-01
-4.618602773591831689e-02
-1.090891364906920874e-01
-1.335575232135242929e-01
-2.863212106609318575e-01
-2.129971689810175595e-01
-1.536667360379561365e-01
-1.145986283273441597e-01
-2.631966114968672943e-01
-1.355824740955823282e-01
-1.307381354715040911e-01
-2.163745270462928139e-01
-1.047495246806377789e-01
-2.117320237900555124e-02
-1.797877127518705542e-01
-1.798467202135413112e-01
-2.316248711563103080e-01
-1.480864401353808035e-01
-2.423346457953455269e-01
-2.818108867786770499e-01
-4.121512861970999531e-02
-2.234233858699512798e-01
-1.463468809906829926e-01
-1.953534964273766217e-01
-8.729972947652230031e-02
-2.027320021010580176e-01
-2.120000657610719152e-01
-9.319443024651527518e-02
-2.821185634342043280e-01
-1.904410273069906401e-01
-1.979293384727360550e-01
-2.891199529679660540e-01
-1.124805437356242582e-01
-1.049075750529981643e-01
-2.165150419943953353e-01
-5.935993727809826120e-02
-5.030048473725452080e-02
-8.411235275310643966e-02
-6.979214315727544360e-02
-2.757988452315467409e-01
-2.824676652333830140e-01
-2.123208275767418940e-01
-1.652983449638528168e-01
-2.218024772960908997e-01
-1.127489698940409013e-01
-8.259307089262341028e-02
-1.027381974911441564e-01
-1.903023552893179024e-02
-2.583941259698033927e-02
-3.574181851054441389e-02
-1.178307800467994111e-02
-2.245364484652472570e-01
-1.999247035210615087e-01
-1.674620798004895217e-01
-7.719303469751571944e-02
-9.730321317902976275e-02
-1.748028223239819212e-01
-1.717559741423172193e-01
-1.927793181558426772e-01
-2.786112556338836144e-01
-1.615818723886411623e-01
-1.462894678660278946e-01
-2.388078653031504572e-01
-9.080076595946445783e-02
-1.039328360287841424e-01
-8.114911934081935063e-02
-6.722036034104543478e-02
-2.601991150357937932e-01
-2.627675802700736862e-01
-1.641123540956047899e-01
-1.650192048775721287e-01
-1.727487741340948679e-01
-1.355516868374412320e-01
-2.668759736088672785e-01
-2.670594975199112042e-01
-1.469252516626945448e-02
-3.578077309281180174e-02
-1.400292233429661568e-02
-1.213172426341933841e-02
-8.092391458826390938e-02
-2.050153544430095148e-02
-6.484154568209092584e-02
-2.927382765213555893e-01
-2.515837986185218145e-01
-2.420161768060961893e-01
-2.961931976992444593e-01
-1.840909835795105087e-01
-2.395629907787322210e-01
-2.947615020638368333e-01
-3.011845748767629644e-02
-1.872686902655674307e-02
-1.309465112314666703e-02
-2.868474671627656014e-01
-2.904653990328704416e-01
-1.536678153390284018e-01
-1.788164235129344470e-01
-3.898377199069948812e-02
-3.506813457168286158e-02
-2.363571045278939076e-01
-1.754788284326042613e-01
-1.589095138331559631e-01
-1.355917418193696711e-01
-1.523711647903961131e-01
-1.226291161943059843e-01
-2.671779080199380707e-01
-2.738047300591225919e-01
-2.225470762178563267e-01
-2.199713406543791494e-01
-1.329453944638658014e-01
-9.662762968855446999e-02
-2.827597447216673165e-01
-2.870448752903118628e-01
-3.335626252372777406e-02
-4.981981962324858598e-02
-8.093029197164743060e-02
-2.757876890868322661e-01
-2.180670019857831876e-01
-2.710619288825894240e-03
-8.060411442863624210e-03
-6.470835830878127019e-03
-5.189827461156384936e-03
-2.807015207992120676e-01
-2.160325194470292254e-01
-2.758107909456846696e-01
-2.262648768889234663e-01
-1.367136768599155061e-01
-1.615403622285742080e-01
-6.673515599253465602e-02
-4.175271285462651971e-02
-7.472789542349914105e-02
-8.763826851444907196e-02
-1.436198053544561204e-01
-8.567571248305781706e-03
-2.012212278445576208e-01
-7.424903440886629347e-02
-6.858941000890629580e-02
-8.397274671871503282e-02
-1.892789390349172152e-01
-1.933666316422385234e-01
-1.943083593771530171e-01
-2.938317306974943532e-01
-2.711973070637446748e-01
-9.093406193399233839e-02
-6.787428035362018386e-02
-2.027671652186333884e-01
-2.776992914456732908e-01
-1.278161815224913289e-01
-5.179244340958195914e-02
-1.077045990126610474e-02
-1.267455547016989488e-02
-1.361806192837882942e-02
-1.249323069180819160e-02
-2.060641782728714899e-01
-8.167007623866207044e-02
-2.937926461442345039e-01
-2.698743356128958659e-01
-1.448470430199540471e-01
-1.104260052833510308e-01
-9.640961958245593266e-02
-2.871409204886745115e-01
-2.246482411421593661e-01
-5.830589005892154730e-02
-9.026086036214302222e-02
-2.287216654971811480e-01
-2.246250963387367849e-01
-2.035052598989642025e-01
-1.520771450999977015e-01
-2.960952261916257600e-01
-2.163354088473362358e-01
-2.235424941216393735e-01
-2.773450307444252361e-01
-9.729558129913959408e-02
-2.854237919952375413e-01
-1.028285886567607693e-01
-1.712322084486186946e-01
-1.764797894074777163e-01
-1.368794543715607381e-01
-1.400144265145796818e-01
-2.091512648075288805e-01
-2.876899512022538241e-01
-3.952427518448632660e-02
-2.687712929754247360e-01
-1.716235369218726547e-01
-7.932708334333325728e-02
-1.125493151561508670e-01
-2.657484957005701864e-01
-1.226130572674529046e-01
-9.871530519084029121e-02
-1.298619270307910245e-01
-2.884285645410136212e-01
-2.916174474623479118e-01
-2.929581002718825156e-01
-2.837011225623199406e-01
-2.861893482397131483e-01
-2.917278709034715756e-01
-1.688794556234488042e-01
-1.535766367671327626e-01
-1.625252794604359619e-01
-6.654710605547625724e-02
-7.541862206207779196e-02
-9.404663547815897418e-02
-7.048385902614316689e-02
-7.507016388493634174e-02
-8.228934993577716184e-02
-2.899534871773363220e-01
-2.906475687170210764e-01
-1.701877556265148916e-01
-1.641381435263288002e-01
-1.362818684886439868e-01
-1.391375142893374883e-01
-1.429529859272062053e-01
-1.460798188508061479e-01
-1.292168340310356212e-01
-2.949569354207315364e-01
-2.951386708869978004e-01
-3.086209332797213226e-02
-2.521781108410646108e-02
-3.747467504004728389e-02
-5.049354740947446102e-02
-3.978362903511663273e-02
-9.917085576518413700e-03
-2.123417705747821793e-01
-2.228594331166550147e-01
-2.180278019444094884e-01
-2.259833082257707917e-02
-3.220260988109406586e-02
-2.731582844218876857e-02
-3.621018823893922683e-02
-1.432429811328731206e-01
-1.504157850526839924e-01
-1.201772705288195880e-01
-2.567375172281494700e-01
-2.677227202436733844e-01
-2.663634646120863203e-01
-2.707415133684973885e-01
-2.738264723695076341e-01
-2.713314471436357178e-01
-9.478183333983199177e-02
-1.010673242201770017e-01
-1.023281107343555346e-01
-7.759233206670107519e-02
-7.538558459117872257e-02
-8.649744180044967312e-02
-5.179146014262384079e-02
-3.419353642775144198e-02
-6.071878896622193850e-02
-1.765150918273248465e-02
-8.645931930515703134e-02
-7.377721707963598441e-02
-7.879580350932281763e-02
-7.181813375819136314e-02
-6.878373731819663328e-02
-4.753797540432513208e-02
-1.392933493894841362e-02
-2.310022765799310540e-01
-2.326888407424876348e-01
-2.276675009043610809e-01
-1.758678122363938612e-01
-1.935889914817024160e-01
-1.850662486207869106e-01
-2.155990725641511105e-02
-2.085399719585285527e-01
-2.107300876562665792e-01
-5.848028688960072580e-02
-5.079078732800112322e-02
-5.101258144111533999e-02
-4.571620921423490136e-02
-7.165169872663611217e-02
-1.100261615231067913e-01
-1.122821050242269331e-01
-1.417016490234800363e-01
-1.320191578270396848e-01
-1.392150384504228788e-01
-2.024749372328807917e-01
-2.075487558669436572e-01
-1.996599782706536819e-01
-2.285575547872849833e-01
-2.299178907544785211e-01
-2.197070460554235438e-01
-1.553243671798685555e-01
-1.455192779030505812e-01
-1.579062143038597599e-01
-1.162145845513013337e-01
-9.743354315832954138e-02
-1.024411017858469497e-01
-2.443159650448471498e-01
-2.325178111275330306e-01
-2.338273892709612778e-01
-2.857846887816426623e-02
-1.393426652140582200e-02
-1.593732034242604720e-02
-9.116355820728169702e-04
-1.217827970473386520e-02
-4.920003983119940541e-03
-6.783720504003014351e-02
-7.746701694649187064e-02
-6.471648274976983528e-02
-5.959521720067249839e-02
-1.377246246230441062e-01
-1.253079313759390967e-01
-8.923150591889149330e-02
-8.858023222910701988e-02
-5.651050740572172160e-02
-4.129012138562652978e-02
-2.275901105537391986e-02
-9.047890396251801609e-03
-6.978061343232396310e-03
-2.181659435930122584e-02
-2.296689732809414630e-01
-2.195656074355542275e-01
-2.300304152639484623e-01
-1.878905106163249183e-01
-2.015330012022006623e-01
-2.012861075927171728e-01
-1.999468621219981090e-02
-2.842078703229302186e-02
-1.805373978863163836e-02
-7.810001069992330951e-03
-1.359578452117916024e-02
-3.266627891671915261e-04
-2.280974242064214008e-01
-2.395027890345480526e-01
-2.265516535393306830e-01
-2.350027830432620812e-01
-2.107023404525064925e-01
-2.053560509359339259e-01
-1.747919776237503164e-01
-1.709657909514187835e-01
-1.680449552432585480e-01
-1.420554728555106783e-01
-1.563952032210259302e-01
-1.257623506034412642e-01
-1.360108553005729137e-01
-1.153612181965353450e-01
-1.034415832511611233e-01
-1.052988945861444009e-01
-9.475435311222969725e-02
-2.947087134747922166e-01
-2.932369697639994888e-01
-2.952402152557008219e-01
-2.627416665773258941e-01
-2.728285550536766468e-01
-2.711284751515362079e-01
-2.717228887989627806e-01
-2.776816370607950724e-01
-1.216443946462013037e-01
-1.083784577337654764e-01
-1.161678673246371030e-01
-1.193168774608466126e-01
-1.115603118796589521e-01
-8.496917396997419325e-02
-8.702585008714301684e-02
-2.433468025708180049e-01
-2.458360117342686668e-01
-2.733572722768643493e-01
-2.707459022082405742e-01
-3.427230903935873235e-02
-2.472784036440473995e-02
-1.214155415883450273e-01
-1.320034414199948714e-01
-1.146968019251038973e-01
-1.253560765074566430e-01
-1.168139503233768667e-01
-3.664302332106372101e-02
-3.277480166309100496e-02
-4.582647910287717535e-02
-3.573847741655270666e-02
-2.363473459670442298e-02
-2.570337720329750678e-02
-2.651130809449472880e-01
-2.658353117142910338e-01
-1.471412433972348610e-01
-1.318989104880631813e-01
-2.269103892307513248e-01
-2.359471408269785131e-01
-2.426613600763421197e-01
-1.378521065086986963e-01
-1.238101974478820338e-01
-2.198543514081491845e-01
-2.112562006323247532e-01
-2.238180534926223764e-01
-1.517739124139761697e-01
-1.344246063207646946e-01
-1.478534258065880846e-01
-2.406757914906235696e-01
-2.431148776779682719e-01
-2.511964718744816305e-01
-2.495636591649821046e-01
-2.814050070597464703e-01
-2.768049670201969126e-01
-2.831968715061658481e-01
-2.908961746999957354e-01
-2.906606862027517058e-01
-2.898554792264298463e-01
