0.000000000000000000e+00
0.000000000000000000e+00
0.000000000000000000e+00
0.000000000000000000e+00
0.000000000000000000e+00
0.000000000000000000e+00
0.000000000000000000e+00
0.000000000000000000e+00
0.000000000000000000e+00
0.000000000000000000e+00
0.000000000000000000e+00
0.000000000000000000e+00
0.000000000000000000e+00
0.000000000000000000e+00
0.000000000000000000e+00
0.000000000000000000e+00
0.000000000000000000e+00
0.000000000000000000e+00
0.000000000000000000e+00
0.000000000000000000e+00
0.000000000000000000e+00
0.000000000000000000e+00
0.000000000000000000e+00
0.000000000000000000e+00
0.000000000000000000e+00
0.000000000000000000e+00
0.000000000000000000e+00
0.000000000000000000e+00
0.000000000000000000e+00
0.000000000000000000e+00
0.000000000000000000e+00
0.000000000000000000e+00
0.000000000000000000e+00
0.000000000000000000e+00
0.000000000000000000e+00
0.000000000000000000e+00
0.000000000000000000e+00
0.000000000000000000e+00
0.000000000000000000e+00
0.000000000000000000e+00
0.000000000000000000e+00
0.000000000000000000e+00
0.000000000000000000e+00
0.000000000000000000e+00
0.000000000000000000e+00
0.000000000000000000e+00
0.000000000000000000e+00
0.000000000000000000e+00
0.000000000000000000e+00
0.000000000000000000e+00
0.000000000000000000e+00
0.000000000000000000e+00
0.000000000000000000e+00
0.000000000000000000e+00
0.000000000000000000e+00
0.000000000000000000e+00
0.000000000000000000e+00
0.000000000000000000e+00
0.000000000000000000e+00
0.000000000000000000e+00
0.000000000000000000e+00
0.000000000000000000e+00
0.000000000000000000e+00
0.000000000000000000e+00
0.000000000000000000e+00
0.000000000000000000e+00
0.000000000000000000e+00
0.000000000000000000e+00
0.000000000000000000e+00
0.000000000000000000e+00
0.000000000000000000e+00
0.000000000000000000e+00
0.000000000000000000e+00
0.000000000000000000e+00
0.000000000000000000e+00
0.000000000000000000e+00
0.000000000000000000e+00
0.000000000000000000e+00
0.000000000000000000e+00
0.000000000000000000e+00
0.000000000000000000e+00
0.000000000000000000e+00
0.000000000000000000e+00
0.000000000000000000e+00
0.000000000000000000e+00
0.000000000000000000e+00
0.000000000000000000e+00
0.000000000000000000e+00
0.000000000000000000e+00
0.000000000000000000e+00
0.000000000000000000e+00
0.000000000000000000e+00
0.000000000000000000e+00
0.000000000000000000e+00
0.000000000000000000e+00
0.000000000000000000e+00
0.000000000000000000e+00
0.000000000000000000e+00
0.000000000000000000e+00
0.000000000000000000e+00
0.000000000000000000e+00
0.000000000000000000e+00
0.000000000000000000e+00
0.000000000000000000e+00
-2.749946097070500306e-01
-2.736583483672274109e-01
-2.734647910548050898e-01
-2.689253104105527314e-01
-1.945849330594945914e-01
-1.797711011925109681e-01
-1.876115234960222256e-01
-1.663142133587464933e-01
-2.193030624018081909e-01
-2.156494464245207465e-01
-2.201830808828769970e-01
-2.316887209311749574e-01
-1.819386843101363782e-01
-1.659655766438567770e-01
-2.954313918357429070e-01
-2.973409085460376189e-01
-1.657500383301924451e-01
-1.390367381590321416e-01
-1.313832734875500230e-01
-1.266231872682004878e-01
-1.367050829045976801e-01
-1.611726759627601924e-01
-8.631076576096809172e-02
-9.679304308829840553e-02
-7.205498762500105181e-02
-7.882887337857853727e-02
-1.905715635135404040e-01
-1.654709731083782720e-01
-2.566006378685853351e-01
-2.327047511478759489e-01
-2.334700951429340698e-01
-2.343319736319219859e-01
-2.269005310912130813e-01
-2.392482885023137495e-01
-1.275637228615004171e-01
-1.197287159437070286e-01
-1.202107438291226127e-01
-1.095200631446459627e-01
-2.635256091526200772e-01
-2.816637831273853809e-01
-2.759721059844712499e-01
-2.642242388813487719e-01
-7.296209227737730785e-02
-1.133060521289288303e-01
-1.103004865835948978e-01
-9.596589048733163152e-02
-1.413686781622095767e-01
-1.656505012769412810e-01
-1.401012214301746162e-01
-1.417631909825652070e-01
-2.491039581867586505e-01
-2.393529127542218249e-01
-2.750630444881774217e-01
-2.591455930447097988e-01
-2.918032321396394346e-01
-2.066164648012524530e-01
-2.072252325220645119e-01
-8.401766655635371783e-02
-1.034020801651313048e-01
-2.174521677032584255e-01
-1.941932907176248946e-01
-1.299001624445200731e-01
-1.045303449282473512e-01
-1.145284826310610099e-01
-8.991221507435195881e-02
-1.232617950103917503e-01
-2.937316988203550472e-01
-2.251503854638099433e-01
-2.831848927825987849e-01
-1.118525012637486271e-01
-9.833105248978751822e-02
-8.863006076467502825e-02
-7.924807791688724679e-02
-7.771494804326081751e-02
-2.870631051271496093e-01
-2.876815804416719136e-01
-2.013676353142394015e-01
-4.614455089985478736e-02
-4.944850423381203647e-02
-2.396108097300000961e-02
-3.096528107327670837e-02
-2.053425537277037971e-01
-2.245319385826040626e-01
-2.346849929481942265e-01
-2.116567970833485024e-01
-2.448239669871087876e-01
-2.899514967451339298e-01
-1.784773272226572449e-01
-2.125532778583086868e-01
-2.621377855943466950e-01
-2.583316014858999532e-01
-7.882373628577625524e-02
-9.394811543610694093e-02
-1.715194925915644875e-01
-1.252916310701692737e-01
-1.539479465363026711e-01
-1.262591884150241206e-01
-2.066669991684706997e-01
-1.908395364802525085e-01
-2.205713678209606510e-01
-2.804329907621734841e-01
-7.653903016850747976e-02
-8.780338390156031125e-02
-7.442359462966893768e-02
-9.032530258693609315e-02
-1.034727955763384277e-01
-6.519279678972310366e-02
-5.749729002492066227e-02
-2.322983495537896126e-01
-2.152894115576406142e-01
-7.881425152151284863e-02
-6.196920269760109595e-02
-2.483492307704080193e-01
-2.519810025239476725e-01
-8.270013565368868058e-02
-2.894799294657243727e-01
-2.688787025678556208e-01
-2.094452777535761034e-01
-2.315536728942822475e-01
-2.175853484783181746e-01
-2.063516119948349548e-01
-9.168386875410090842e-02
-1.125320263271679805e-01
-9.235810113157481849e-02
-1.845949094670945867e-01
-2.822008754889184790e-01
-1.245100296682628838e-01
-1.386390803835595709e-01
-1.604141174596001584e-01
-1.199619361978628007e-01
-9.957245826044730519e-02
-1.522510017399807958e-01
-1.614109046707515316e-01
-2.703120465704992315e-01
-2.548577234312466855e-01
-1.646119919596281400e-01
-1.770028471018518235e-01
-2.532516984976976304e-01
-1.837446014602604760e-01
-2.322802776202110842e-01
-5.927393185039704637e-02
-5.573449472658079107e-02
-4.726768593080374337e-02
-4.529284611235537272e-02
-1.787816806193223695e-01
-1.549780737719533841e-01
-1.648833537998318777e-01
-1.408871411189659972e-01
-1.922329754469525587e-01
-2.149233847813341314e-01
-2.880971386752619878e-01
-2.667368228276959519e-01
-6.545431976157828347e-02
-6.844886929647393814e-02
-1.780187332684111667e-01
-1.556687375071027224e-01
-2.401047294161489931e-01
-1.343036721168627823e-01
-1.354723336126023858e-01
-6.711297657687001483e-02
-7.321526473275986879e-02
-2.513380361892972870e-01
-2.670114272945455225e-01
-2.515358390208765615e-01
-1.590063531354092285e-01
-1.688792672577560938e-01
-5.558580446766525629e-02
-7.676651769646535006e-02
-2.850589073898087689e-01
-2.208932663766339233e-01
-2.913566580620515212e-01
-7.342590471651104511e-02
-2.890908584938002290e-01
-1.681292579696914702e-01
-2.743825857415678193e-01
-2.099774950861469924e-01
-8.351677431077750291e-02
-1.808389981598238216e-01
-2.284282183323589899e-01
-2.315275636486694433e-01
-5.702664608955240744e-02
-4.881481257309212840e-02
-2.825249172149708610e-01
-2.731571741932552477e-01
-2.959465215094522206e-01
-2.489313048091640057e-01
-3.764553498434670270e-02
-6.281544184366187611e-02
-7.901489202324447902e-02
-2.814683761045200794e-01
-9.561587331322969618e-02
-7.154915962191112089e-02
-2.793973302337592335e-01
-4.674864882891272000e-02
-2.052154826519560216e-01
-6.844614662053370713e-02
-2.881991522959346796e-01
-2.676272127038168414e-01
-2.740707197344340318e-01
-2.487609321533625073e-01
-1.392064447310131237e-01
-8.579569366455903900e-02
-5.746867229343902844e-02
-5.878911965001468870e-02
-3.394021320413519172e-02
-2.971543714211368273e-02
-5.643821960365853763e-02
-1.194874743910631087e-01
-9.178940929653731096e-02
-1.912145979533682039e-01
-3.901363661981982478e-02
-3.113745955585498978e-02
-2.644403640230926777e-01
-1.440442513710154526e-01
-1.472180160861834841e-01
-1.209204954575784086e-01
-1.390757521325546031e-01
-1.728702428654750323e-01
-1.648501750968874580e-01
-6.074428612911116077e-02
-6.213081201562745126e-02
-2.966338857274818941e-01
-2.876823202212105413e-01
-1.612138594615690201e-01
-2.819420365644443871e-01
-2.673360476899610538e-01
-2.934856546243869158e-01
-6.970222081497851052e-02
-2.083756302800388038e-01
-2.327176730734545340e-01
-2.326103880923576506e-01
-1.488630074293444128e-01
-1.658340064505840206e-01
-4.457771820057308126e-02
-2.877966186930200898e-01
-4.066678220772655672e-02
-5.858143532412081467e-02
-7.142476473664775838e-02
-1.060446757227368059e-01
-7.655290225833699669e-02
-7.497764840447526669e-02
-1.867676858372352700e-01
-1.875698825299119410e-01
-1.205686453503697214e-01
-1.923981411851109213e-01
-1.271100542351646934e-01
-3.279441057300863660e-02
-4.380736435856201483e-02
-1.621540400275059760e-02
-9.081631190474838758e-03
-2.408388377518679568e-01
-2.491200711883649055e-01
-2.526621108611659117e-01
-2.689283568258578061e-01
-1.271897263198381034e-01
-2.030420625653273914e-01
-2.098860645196202468e-01
-5.551719706157176581e-02
-6.227769739633602641e-02
-1.503473475794782632e-01
-1.676624537537715620e-01
-2.934035147893219175e-01
-2.199992190716000273e-01
-2.354787209648165625e-01
-5.244739303103116562e-02
-4.274726542368838950e-02
-2.759157179323407094e-01
-5.923768322200052838e-02
-5.055610055103688938e-02
-1.315643089073391114e-01
-1.020411266858956417e-01
-9.310503298775461845e-02
-9.048856749516082099e-02
-2.307451370373224120e-01
-1.165815735308750462e-01
-1.407263548136019060e-01
-1.012345957111109029e-01
-1.008996272678567840e-01
-2.304729816440163892e-01
-2.584215996669422255e-01
-2.207079198176039037e-01
-1.887563068887980755e-01
-1.457726034860949149e-01
-2.117842452603373449e-01
-2.420051822708840505e-01
-2.061958107984102340e-01
-1.722219704892812564e-01
-1.959782398801755143e-01
-1.090735411826231904e-01
-1.434455515101285550e-01
-2.638157150437743792e-01
-5.789829112943974815e-02
-2.748511752506170303e-01
-1.845512778716285884e-01
-1.608263213835557648e-01
-1.777271073947872537e-01
-2.252690832375092989e-01
-4.739054589114028576e-02
-2.356715206717541755e-01
-5.459383042247884649e-02
-1.732461118096967623e-01
-1.882124199791643526e-01
-4.686363756730113628e-02
-2.041371679113243229e-02
-4.784865698816158364e-02
-3.798432770252500867e-02
-1.121548204216768624e-01
-2.205066593939223885e-01
-1.182250653067935808e-01
-1.227887429914588102e-01
-1.384928218019830792e-01
-1.090202223955053507e-01
-2.770574989207335789e-02
-4.601858522387167888e-02
-1.548040182646979457e-01
-1.103974096668446925e-01
-1.792504810369782431e-01
-1.713079135914579720e-01
-2.725408211608896236e-01
-2.213994879919126413e-01
-2.192136855856315070e-01
-1.908723035272834045e-01
-1.436625141292904306e-01
-2.563019947932076437e-01
-2.772477305153673438e-02
-4.992446810333668605e-02
-2.503833385082355339e-02
-2.391264147489498976e-02
-7.292682759047339203e-02
-5.205584114235503601e-02
-1.364710275183922961e-01
-2.418546790710039696e-01
-2.404415630117384406e-01
-9.412415459893204439e-02
-5.661860482492219598e-02
-2.959133579017744764e-01
-1.941468446360995193e-01
-1.713000676767248709e-01
-9.748022618861676425e-02
-2.683333570027756076e-01
-1.204778934330367757e-01
-1.237198633250732316e-01
-1.081930034306856636e-01
-1.316484259750155539e-01
-1.132710692407641884e-01
-2.116357969212530610e-01
-2.871494075723163841e-01
-2.297123430222401952e-01
-1.232631640269854917e-01
-2.963011848510897495e-01
-2.727360646187667603e-01
-2.165830702479886460e-01
-2.417981641959795758e-01
-2.308595370472656116e-01
-2.062191537008785935e-01
-2.499566415102763561e-01
-1.611363016521384361e-01
-1.693947067178868948e-01
-1.562645643064573542e-01
-1.701773008205876292e-01
-2.545573734758821982e-01
-1.933343071379463873e-01
-2.760151204757910204e-01
-1.624315112039753650e-01
-2.638875257038305056e-01
-1.857321653777186665e-01
-1.412267860312494128e-01
-9.985005381023905058e-02
-2.543445730272629324e-01
-2.700774322518088855e-02
-4.447620835114819010e-02
-2.447348645154514002e-01
-2.166147077591431824e-01
-2.034994044892477760e-01
-2.450799812907340502e-01
-2.155635925024011190e-01
-2.676321218183441153e-01
-2.515013764607123004e-01
-2.843517356191643253e-01
-1.583365307312041004e-01
-1.366474452578587406e-01
-4.253037061692999804e-02
-3.379907228885249693e-02
-2.279613287648074860e-01
-2.951782701822208699e-01
-2.139945791250679463e-01
-5.867976686716257911e-02
-6.383625696101762059e-02
-2.181264979750636712e-01
-2.899091274787599648e-01
-7.592051758591228383e-02
-3.320992878453232766e-02
-1.003469578588007949e-01
-2.850631884131497526e-02
-1.561620153842660855e-02
-2.437298490218532121e-01
-2.211188387405179645e-01
-2.462846801641410954e-01
-2.475505915992828043e-01
-4.166128799660984150e-02
-6.727649314931666291e-02
-1.582330926952123240e-02
-1.630348837411762716e-02
-2.301900373813116907e-01
-2.416204260481340516e-01
-6.935989238106123056e-02
-6.276606854109874345e-02
-8.198595018080920283e-02
-7.276424152724281225e-02
-5.446038016616099042e-02
-7.480914834670973623e-02
-2.537974423295805138e-01
-4.038465089527862317e-02
-2.464602496072548776e-01
-2.672460993989614897e-01
-2.911654782748133719e-01
-1.409436684812231111e-01
-2.117288481442124726e-01
-2.369431661049191118e-01
-2.617388440785690107e-01
-2.105365775944050555e-01
-2.276673594733967798e-01
-2.941575205803546034e-01
-2.887295006649601148e-01
-1.832343961613431826e-01
-5.934350165538072874e-02
-2.680401555469831276e-01
-1.143651864587794942e-01
-1.491862242156461460e-01
-1.373163242153810915e-01
-1.936580745656685254e-01
-2.630797193828601221e-01
-3.359144847148036461e-02
-1.623127364920955717e-01
-1.377890997202586842e-01
-3.038845248242003083e-02
-5.167825957863527581e-02
-1.455766143853771677e-01
-1.221889532688506391e-01
-9.301861753600539073e-02
-6.866799323307454239e-02
-1.578878504898956481e-01
-1.651962731751483726e-01
-2.469418684500979122e-02
-3.435868577152284553e-02
-2.870471586512974849e-01
-2.762999026072661679e-01
-1.164791414848781459e-01
-7.781525333509850539e-02
-2.219084237166500106e-01
-2.254847705147939030e-01
-8.633409980330010447e-02
-1.150404467305068679e-01
-3.270047096404959941e-02
-6.974077035860676288e-02
-6.773430173749585281e-02
-1.315956743509041627e-01
-2.835012240683800755e-01
-2.100736440153015139e-01
-2.970117782344534052e-01
-2.905230345194345642e-01
-7.778029106530318093e-02
-6.437954897362704876e-02
-1.976978061334515591e-01
-9.690977792990899953e-02
-6.008047544182313487e-02
-5.269740757034228201e-02
-1.248668048556492854e-01
-1.518442028706654817e-02
-2.809002182577501339e-01
-1.690549070817236876e-01
-1.836685908237761511e-01
-8.176877587286852933e-02
-5.171010669405062127e-02
-2.466765024649517080e-01
-1.929029449813976782e-01
-1.488424886935237612e-01
-1.245813830320061100e-01
-1.458336185935462381e-01
-1.552766135997274421e-01
-1.451602661518270332e-01
-1.559844366337570509e-01
-5.312454946301303077e-02
-1.743716701552872894e-01
-1.522331821988386347e-01
-1.874922064772203134e-01
-1.938984148240595062e-01
-2.888964519817091015e-01
-1.198711988014918191e-02
-1.595903066595263931e-01
-1.464694167493056365e-01
-3.063955542763528023e-02
-1.927670872379551870e-01
-2.651358982995135616e-01
-2.435843975795535798e-01
-1.911495680741681635e-01
-1.778031511633093031e-01
-2.576557131282881108e-01
-3.981401131854359066e-02
-9.779919256577486453e-02
-2.622758874825879549e-01
-1.273162326212219919e-01
-2.338506166958717880e-01
-2.645639124434819300e-01
-2.706900025427677048e-01
-1.292883948228434887e-01
-3.163515579568374619e-02
-3.994730066864916190e-02
-2.186581200361684407e-01
-1.178833643352284605e-01
-1.454020756796102209e-01
-2.030167857114230368e-01
-1.762973798031433337e-01
-2.278624302715707151e-01
-1.693367538556105056e-01
-2.199832793656061325e-01
-2.103924961271118887e-01
-8.744443360387800512e-02
-2.864000880865701926e-01
-1.422842685367119719e-01
-2.854760894235258695e-01
-2.949510526092946616e-01
-2.743141043572966953e-01
-4.848314619498834271e-02
-4.795322100478478788e-02
-6.317668848998368725e-02
-2.723657687497245683e-01
-4.382460653956626179e-02
-2.500946332739453770e-01
-4.329190763505073175e-02
-2.763613478505777543e-01
-7.701357387581489466e-02
-8.761463080482784216e-02
-1.803312781098541373e-01
-1.592911722313394007e-01
-1.160797099833742879e-01
-9.026921324566719584e-02
-2.074799459524948042e-01
-2.768789373681374011e-01
-1.196187782654720838e-01
-1.067974228189726427e-01
-1.180172029754385787e-01
-3.447822420105023378e-02
-3.900105369783975900e-02
-1.091191595784800766e-01
-2.816476191657594219e-01
-1.818583213224430617e-01
-8.252163572952397885e-02
-8.585347018751972314e-02
-7.608068792674953229e-02
-2.448052847710940061e-01
-2.540983516542711373e-01
-3.552061354547089017e-02
-2.617939232393548532e-02
-1.392403817023232793e-01
-2.414255295038718677e-02
-2.212944971493943994e-02
-1.864869069503236748e-02
-2.026513036672704035e-02
-2.959707968422180535e-01
-2.767707996193061737e-01
-2.346403179431160446e-01
-2.670862446402454404e-01
-3.288659614521981939e-02
-1.697175852548911124e-01
-1.537994211624242047e-01
-1.749443626534777640e-01
-2.646271904685237875e-01
-2.158399766130220665e-01
-2.609397796941451131e-01
-2.679263834150346635e-01
-2.747172288101903392e-01
-2.552983289873544948e-01
-2.695663770718532137e-01
-2.792560802668357378e-01
-1.229216411892812000e-01
-4.639499001146536739e-02
-1.085545494464564970e-01
-1.339331319145594390e-01
-2.866316631851357766e-01
-2.134609824385455268e-01
-1.538617601641644461e-01
-1.148166387555260293e-01
-2.633296005140048357e-01
-1.350475413319337792e-01
-1.304323292296902526e-01
-2.160908941205697820e-01
-1.052749822535779117e-01
-2.104000133766125227e-02
-1.797794033301179928e-01
-1.799211103710457171e-01
-2.324211529270557575e-01
-1.480967563832740475e-01
-2.427582567800861124e-01
-2.820497995238144817e-01
-4.109460900187324184e-02
-2.239724331236042643e-01
-1.461530899234461389e-01
-1.957084031513395828e-01
-8.711530496491080855e-02
-2.026035533306674297e-01
-2.118321387895072960e-01
-9.383089112055575942e-02
-2.827176358673904599e-01
-1.901767463961183402e-01
-1.980480499197342370e-01
-2.893905342039974071e-01
-1.128035030597655392e-01
-1.044334352143854588e-01
-2.166298492851758961e-01
-5.938201395140173255e-02
-5.034882681802320403e-02
-8.385269274096127101e-02
-6.988154661817060076e-02
-2.760261545551472295e-01
-2.826414413697668215e-01
-2.128537851637672673e-01
-1.655843445752932241e-01
-2.222502941897710749e-01
-1.124098987519390885e-01
-8.246658041971574593e-02
-1.024554195925773542e-01
-1.908841115267861585e-02
-2.585039816708047458e-02
-3.569315840952991953e-02
-1.174072145239197021e-02
-2.246753880265212333e-01
-2.001510938588374477e-01
-1.673834065760060330e-01
-7.718876084329844012e-02
-9.702602565051170191e-02
-1.753570457617456557e-01
-1.716540742694457888e-01
-1.928043430695171312e-01
-2.789349847998887633e-01
-1.618557331055151816e-01
-1.463779707493344795e-01
-2.389663334410649098e-01
-9.067644880929290330e-02
-1.038511759159722880e-01
-8.103027037340113092e-02
-6.709451471652215504e-02
-2.606069431820504656e-01
-2.628950765433478165e-01
-1.636364042036728139e-01
-1.648111483656096443e-01
-1.725687621457458742e-01
-1.355229940730540428e-01
-2.673142317875975560e-01
-2.668968843914114042e-01
-1.476523450672238662e-02
-3.566493296414595393e-02
-1.396740236595549536e-02
-1.209368299225077430e-02
-8.141346444088921885e-02
-2.049868495936708543e-02
-6.478961471318632481e-02
-2.929304956325416986e-01
-2.518824025207748174e-01
-2.421134537840533285e-01
-2.963746745062135757e-01
-1.839151364706411163e-01
-2.395256648480500183e-01
-2.949861741859648445e-01
-3.006169876162599966e-02
-1.852035325264715648e-02
-1.311448032712284918e-02
-2.870565227112932827e-01
-2.905016924016206037e-01
-1.536051240420836794e-01
-1.790129087145686804e-01
-3.916321485072236236e-02
-3.514385674811166399e-02
-2.367658657991748017e-01
-1.757770598583340282e-01
-1.591439372933529106e-01
-1.356678332912573115e-01
-1.531242632372269430e-01
-1.228578786452230454e-01
-2.672376526426115118e-01
-2.743757552976108238e-01
-2.224346250579670448e-01
-2.199869315104888423e-01
-1.327128272001904530e-01
-9.657228448109023144e-02
-2.826946039055564519e-01
-2.873896281681126985e-01
-3.340352315976286707e-02
-4.988739872580614382e-02
-8.101516880210042626e-02
-2.758470512515278639e-01
-2.188154619153970804e-01
-2.715524862156026668e-03
-8.023000075436617640e-03
-6.444842260947778248e-03
-5.170048259486840006e-03
-2.803627693472656168e-01
-2.166219708653392140e-01
-2.756454213438315759e-01
-2.263667437607127242e-01
-1.369232518680821853e-01
-1.617639810195291572e-01
-6.670668668365338505e-02
-4.190951498761377736e-02
-7.481011720108543539e-02
-8.769633276781936548e-02
-1.434017455074318437e-01
-8.712857840887735378e-03
-2.016516785704388637e-01
-7.423151598147606500e-02
-6.865064882748858621e-02
-8.365825592146901302e-02
-1.893597122870545046e-01
-1.936390216517119289e-01
-1.946902572778504426e-01
-2.943079832035819243e-01
-2.715191223238259122e-01
-9.081450180527757265e-02
-6.794462547098717442e-02
-2.029943051822802880e-01
-2.782729828459530319e-01
-1.281060893441563486e-01
-5.181015963229661236e-02
-1.075174400370697975e-02
-1.259108426760544713e-02
-1.361222015014790926e-02
-1.248042288847607366e-02
-2.059646384986417722e-01
-8.138163041526116914e-02
-2.941499142700935154e-01
-2.700535413830225107e-01
-1.450737355344976498e-01
-1.107605041290113945e-01
-9.652082999843090982e-02
-2.874976060872677652e-01
-2.246029564206083740e-01
-5.828014835860666210e-02
-9.031938669818158349e-02
-2.288699012678510059e-01
-2.246693311681831340e-01
-2.036855712852923828e-01
-1.523425096740604057e-01
-2.962092613030427035e-01
-2.165766946432657603e-01
-2.235798745250423269e-01
-2.774673930947713085e-01
-9.763832907726055499e-02
-2.856790573694312219e-01
-1.030135740283318752e-01
-1.708939668133261647e-01
-1.763834404321649729e-01
-1.374066622014923078e-01
-1.399937999628056706e-01
-2.087747666291859538e-01
-2.877583322760873252e-01
-3.961397030606522707e-02
-2.695065198270871210e-01
-1.718648914216988344e-01
-7.934686261756049297e-02
-1.126223925869550141e-01
-2.659394182263718487e-01
