0.000000000000000000e+00
0.000000000000000000e+00
0.000000000000000000e+00
0.000000000000000000e+00
0.000000000000000000e+00
0.000000000000000000e+00
0.000000000000000000e+00
0.000000000000000000e+00
0.000000000000000000e+00
0.000000000000000000e+00
0.000000000000000000e+00
0.000000000000000000e+00
0.000000000000000000e+00
0.000000000000000000e+00
0.000000000000000000e+00
0.000000000000000000e+00
0.000000000000000000e+00
0.000000000000000000e+00
0.000000000000000000e+00
0.000000000000000000e+00
0.000000000000000000e+00
0.000000000000000000e+00
0.000000000000000000e+00
0.000000000000000000e+00
0.000000000000000000e+00
0.000000000000000000e+00
0.000000000000000000e+00
0.000000000000000000e+00
0.000000000000000000e+00
0.000000000000000000e+00
0.000000000000000000e+00
0.000000000000000000e+00
0.000000000000000000e+00
0.000000000000000000e+00
0.000000000000000000e+00
0.000000000000000000e+00
0.000000000000000000e+00
0.000000000000000000e+00
0.000000000000000000e+00
0.000000000000000000e+00
0.000000000000000000e+00
0.000000000000000000e+00
0.000000000000000000e+00
0.000000000000000000e+00
0.000000000000000000e+00
0.000000000000000000e+00
0.000000000000000000e+00
0.000000000000000000e+00
0.000000000000000000e+00
0.000000000000000000e+00
0.000000000000000000e+00
0.000000000000000000e+00
0.000000000000000000e+00
0.000000000000000000e+00
0.000000000000000000e+00
0.000000000000000000e+00
0.000000000000000000e+00
0.000000000000000000e+00
0.000000000000000000e+00
0.000000000000000000e+00
0.000000000000000000e+00
0.000000000000000000e+00
0.000000000000000000e+00
0.000000000000000000e+00
0.000000000000000000e+00
0.000000000000000000e+00
0.000000000000000000e+00
0.000000000000000000e+00
0.000000000000000000e+00
0.000000000000000000e+00
0.000000000000000000e+00
0.000000000000000000e+00
0.000000000000000000e+00
0.000000000000000000e+00
0.000000000000000000e+00
0.000000000000000000e+00
0.000000000000000000e+00
0.000000000000000000e+00
0.000000000000000000e+00
0.000000000000000000e+00
0.000000000000000000e+00
0.000000000000000000e+00
0.000000000000000000e+00
0.000000000000000000e+00
0.000000000000000000e+00
0.000000000000000000e+00
0.000000000000000000e+00
0.000000000000000000e+00
0.000000000000000000e+00
0.000000000000000000e+00
0.000000000000000000e+00
0.000000000000000000e+00
0.000000000000000000e+00
0.000000000000000000e+00
0.000000000000000000e+00
0.000000000000000000e+00
0.000000000000000000e+00
0.000000000000000000e+00
0.000000000000000000e+00
0.000000000000000000e+00
0.000000000000000000e+00
0.000000000000000000e+00
0.000000000000000000e+00
0.000000000000000000e+00
0.000000000000000000e+00
0.000000000000000000e+00
0.000000000000000000e+00
0.000000000000000000e+00
0.000000000000000000e+00
0.000000000000000000e+00
0.000000000000000000e+00
0.000000000000000000e+00
0.000000000000000000e+00
0.000000000000000000e+00
0.000000000000000000e+00
0.000000000000000000e+00
0.000000000000000000e+00
0.000000000000000000e+00
0.000000000000000000e+00
0.000000000000000000e+00
0.000000000000000000e+00
0.000000000000000000e+00
0.000000000000000000e+00
0.000000000000000000e+00
0.000000000000000000e+00
0.000000000000000000e+00
0.000000000000000000e+00
0.000000000000000000e+00
0.000000000000000000e+00
0.000000000000000000e+00
0.000000000000000000e+00
0.000000000000000000e+00
0.000000000000000000e+00
0.000000000000000000e+00
0.000000000000000000e+00
0.000000000000000000e+00
0.000000000000000000e+00
0.000000000000000000e+00
0.000000000000000000e+00
0.000000000000000000e+00
0.000000000000000000e+00
0.000000000000000000e+00
0.000000000000000000e+00
0.000000000000000000e+00
0.000000000000000000e+00
0.000000000000000000e+00
0.000000000000000000e+00
0.000000000000000000e+00
0.000000000000000000e+00
0.000000000000000000e+00
0.000000000000000000e+00
0.000000000000000000e+00
0.000000000000000000e+00
0.000000000000000000e+00
0.000000000000000000e+00
0.000000000000000000e+00
0.000000000000000000e+00
0.000000000000000000e+00
0.000000000000000000e+00
0.000000000000000000e+00
0.000000000000000000e+00
0.000000000000000000e+00
0.000000000000000000e+00
0.000000000000000000e+00
0.000000000000000000e+00
0.000000000000000000e+00
0.000000000000000000e+00
0.000000000000000000e+00
0.000000000000000000e+00
0.000000000000000000e+00
0.000000000000000000e+00
0.000000000000000000e+00
0.000000000000000000e+00
0.000000000000000000e+00
0.000000000000000000e+00
0.000000000000000000e+00
0.000000000000000000e+00
0.000000000000000000e+00
0.000000000000000000e+00
0.000000000000000000e+00
0.000000000000000000e+00
0.000000000000000000e+00
0.000000000000000000e+00
0.000000000000000000e+00
0.000000000000000000e+00
0.000000000000000000e+00
0.000000000000000000e+00
0.000000000000000000e+00
0.000000000000000000e+00
0.000000000000000000e+00
0.000000000000000000e+00
0.000000000000000000e+00
0.000000000000000000e+00
0.000000000000000000e+00
0.000000000000000000e+00
0.000000000000000000e+00
0.000000000000000000e+00
0.000000000000000000e+00
0.000000000000000000e+00
0.000000000000000000e+00
0.000000000000000000e+00
0.000000000000000000e+00
0.000000000000000000e+00
0.000000000000000000e+00
0.000000000000000000e+00
0.000000000000000000e+00
0.000000000000000000e+00
0.000000000000000000e+00
-2.749529142574330676e-01
-2.733207949698552852e-01
-2.732412843836771743e-01
-2.689477472149479631e-01
-1.944696541765049136e-01
-1.796852119252205227e-01
-1.875802850980050340e-01
-1.663004458655901741e-01
-2.189968438669491757e-01
-2.154213014841629692e-01
-2.198615910388144190e-01
-2.312164327799349772e-01
-1.819463188823890187e-01
-1.664164150767676043e-01
-2.950852728469253727e-01
-2.970744353269775817e-01
-1.651930490835201437e-01
-1.390742175867741848e-01
-1.318263899288411589e-01
-1.266006598576838449e-01
-1.365372166986956737e-01
-1.610271411550780185e-01
-8.669919192009838127e-02
-9.699912217195628961e-02
-7.191856042960852180e-02
-7.889907978117224885e-02
-1.911209668787466898e-01
-1.647701469850544886e-01
-2.564930445056197716e-01
-2.326161397676020093e-01
-2.334401095682508975e-01
-2.337885023409914109e-01
-2.266214764450343866e-01
-2.392589665724833836e-01
-1.276651931653976779e-01
-1.202438894566877775e-01
-1.198173513083329728e-01
-1.090422783663161505e-01
-2.634087105980551513e-01
-2.817957754362276912e-01
-2.759588734749492400e-01
-2.635488325921196973e-01
-7.297853759289318898e-02
-1.133487890268722598e-01
-1.103089569120609126e-01
-9.581834201579186860e-02
-1.416039130479811725e-01
-1.653745062248596909e-01
-1.402493025829597839e-01
-1.409470274093267139e-01
-2.488371076393167680e-01
-2.393758018203684945e-01
-2.743942696867879838e-01
-2.587729762505072695e-01
-2.915781104691749781e-01
-2.065576006924317309e-01
-2.073094137927080916e-01
-8.412759752751075570e-02
-1.035743709358935144e-01
-2.171929668198641361e-01
-1.942971579866288045e-01
-1.297786107574819270e-01
-1.049694826008899795e-01
-1.143416923787122924e-01
-9.034244197694193956e-02
-1.236229421849739385e-01
-2.935933578766010132e-01
-2.247722205980644261e-01
-2.830722709521045211e-01
-1.121384750153501808e-01
-9.828526843054016804e-02
-8.842641097870918010e-02
-7.922221815671662282e-02
-7.762658044776635236e-02
-2.868092528862682955e-01
-2.871904837570758429e-01
-2.002678942583329957e-01
-4.625158613731336632e-02
-4.952637684306522570e-02
-2.396040178618337110e-02
-3.098000130535762814e-02
-2.051843638595454433e-01
-2.243841261195941572e-01
-2.344437984190809732e-01
-2.115679566794542721e-01
-2.448803134230451151e-01
-2.899090979782042998e-01
-1.785425217497795813e-01
-2.122960962747639790e-01
-2.620449418601250025e-01
-2.581902602717987549e-01
-7.858435739697797184e-02
-9.423189268696123555e-02
-1.716932134920424180e-01
-1.249212216991489183e-01
-1.542997154991146980e-01
-1.262583626730731656e-01
-2.065190105915724883e-01
-1.903741195568206812e-01
-2.199511851953935282e-01
-2.807197319500751576e-01
-7.654940114572038323e-02
-8.773460593101113647e-02
-7.460135450538506185e-02
-9.013291739148439341e-02
-1.035441963407540272e-01
-6.528562761929582181e-02
-5.746200836977593401e-02
-2.323218959945611561e-01
-2.151258814076415504e-01
-7.877020329935799370e-02
-6.175909392914634422e-02
-2.480943524792350308e-01
-2.519032388962000324e-01
-8.252194412693333869e-02
-2.891412626802824515e-01
-2.686547763324197424e-01
-2.094234828865529918e-01
-2.315180079112908462e-01
-2.174900835679659250e-01
-2.061066414428527616e-01
-9.164370330906761175e-02
-1.125855199293337161e-01
-9.294857786187614435e-02
-1.842369842496375532e-01
-2.817263259029436084e-01
-1.245489326436744620e-01
-1.384565417705960477e-01
-1.603165284282280223e-01
-1.199755274803496474e-01
-9.907455455105049213e-02
-1.520595378401031483e-01
-1.615481110858492664e-01
-2.701904604022731249e-01
-2.550539675635557502e-01
-1.646133426035634728e-01
-1.763971376978809014e-01
-2.531655271479301694e-01
-1.829775681875411009e-01
-2.323645890150660420e-01
-5.937930706421071236e-02
-5.589273057296555852e-02
-4.716732483529238740e-02
-4.522965498508994125e-02
-1.788168049137247306e-01
-1.554555790797135240e-01
-1.648121039241352837e-01
-1.406404378464252147e-01
-1.922905329394748453e-01
-2.149905814571661522e-01
-2.876880876669272169e-01
-2.666909481326482645e-01
-6.550868904337711629e-02
-6.857989441969834787e-02
-1.783137743913985329e-01
-1.559457506676808214e-01
-2.399488716430079327e-01
-1.340903532202045723e-01
-1.353008960077591583e-01
-6.704674108752325945e-02
-7.323910088559477949e-02
-2.509636958692980646e-01
-2.659577577822123118e-01
-2.512704193964237498e-01
-1.589184580206192132e-01
-1.685446037519124918e-01
-5.586967199791852134e-02
-7.675452817064376543e-02
-2.848320689862699484e-01
-2.202389401742272379e-01
-2.911609262959201083e-01
-7.340170762964577655e-02
-2.890520504136372959e-01
-1.682496311525397414e-01
-2.741673536964621127e-01
-2.095813635842905254e-01
-8.339904927048039096e-02
-1.806256366326848828e-01
-2.282491797038404546e-01
-2.315864645587268067e-01
-5.730840425319887188e-02
-4.857353440984300136e-02
-2.824909972302340200e-01
-2.729414262436816174e-01
-2.957648101651075834e-01
-2.487898945994468924e-01
-3.765739313585505371e-02
-6.290565251046027762e-02
-7.905463213572488934e-02
-2.808922937145471588e-01
-9.564153148648742164e-02
-7.135028284176335445e-02
-2.792335800158741721e-01
-4.688710848869474812e-02
-2.047126989324791480e-01
-6.867994488119079366e-02
-2.883755316127354917e-01
-2.673933154009749957e-01
-2.736274810877669106e-01
-2.484882329221442809e-01
-1.396917675209381482e-01
-8.555201753249107310e-02
-5.730657805479138361e-02
-5.878531252579492772e-02
-3.360628896092091727e-02
-2.973131738071577157e-02
-5.644498871538725093e-02
-1.194225961728833524e-01
-9.147451646094177657e-02
-1.911735590853469724e-01
-3.905752825027616892e-02
-3.110158013384158385e-02
-2.642111361091917798e-01
-1.439166382073922834e-01
-1.470298816360573468e-01
-1.214706692664270643e-01
-1.389885746090425700e-01
-1.727830979968053293e-01
-1.643044660869009688e-01
-6.051031978160501673e-02
-6.225364130056155326e-02
-2.964081019870813405e-01
-2.877518555725486205e-01
-1.611789183050310048e-01
-2.814564294831901070e-01
-2.668784879032038426e-01
-2.933048857549607202e-01
-6.976023084623406145e-02
-2.077837250085103060e-01
-2.326163281672946892e-01
-2.325250371488744860e-01
-1.488263517851896589e-01
-1.657462938705988875e-01
-4.476898007299710824e-02
-2.875776038608842122e-01
-4.067899249969524761e-02
-5.863090898348572583e-02
-7.149288471195264227e-02
-1.060750846692984223e-01
-7.684849483058737996e-02
-7.509987132887356587e-02
-1.866966442321487674e-01
-1.878549085173571165e-01
-1.197817309807006625e-01
-1.924689708037282121e-01
-1.269905164395797037e-01
-3.294445722174559055e-02
-4.371477666860515421e-02
-1.620023391860902010e-02
-9.091236787234533573e-03
-2.406734086418150231e-01
-2.491028147377842006e-01
-2.526100247880666005e-01
-2.684957383080329163e-01
-1.273703817159969054e-01
-2.029453146421552057e-01
-2.099157989793689061e-01
-5.542082652588894987e-02
-6.245376038381470624e-02
-1.500114038704129793e-01
-1.668851575737432535e-01
-2.930461803028744372e-01
-2.197408643742154166e-01
-2.356417312502943340e-01
-5.254661228563658332e-02
-4.271580087770741191e-02
-2.755488154347127128e-01
-5.917777216605784457e-02
-5.034743015682934669e-02
-1.318386028070874239e-01
-1.019983954255465619e-01
-9.299627257076366338e-02
-9.026048478613424297e-02
-2.311227957118435761e-01
-1.170011351842369929e-01
-1.406564818551508111e-01
-1.009102455801996062e-01
-1.009014853519262372e-01
-2.302335927951144889e-01
-2.581656179009504393e-01
-2.213999543991829744e-01
-1.886538690787035455e-01
-1.464266771675953316e-01
-2.117037544569306540e-01
-2.418169079249159747e-01
-2.061302694475876940e-01
-1.724907321742966959e-01
-1.958167702752692529e-01
-1.090492294813957264e-01
-1.435383358268720322e-01
-2.639946176715441406e-01
-5.790330219541806045e-02
-2.742300851564458131e-01
-1.848854601664339792e-01
-1.608408470341350371e-01
-1.777076931122164860e-01
-2.256742674362433587e-01
-4.742656364255290469e-02
-2.355684628115889689e-01
-5.473022462344917516e-02
-1.734181929994168814e-01
-1.887027772329393227e-01
-4.676110954537900793e-02
-2.013032963646532725e-02
-4.787232836614026266e-02
-3.799801447828425605e-02
-1.124365558454228781e-01
-2.203960360609025781e-01
-1.178351732537275959e-01
-1.228652472453079791e-01
-1.384374009813844342e-01
-1.084699543441494107e-01
-2.785796116813709158e-02
-4.614995071589275688e-02
-1.554926247681226725e-01
-1.105145859064402408e-01
-1.791067960876629728e-01
-1.714391780456701597e-01
-2.724436195961738028e-01
-2.214370449154606513e-01
-2.188294021167744019e-01
-1.908855843831596677e-01
-1.433414102227137388e-01
-2.559505921897172187e-01
-2.774699813076106705e-02
-4.996215056165045909e-02
-2.497519861990850354e-02
-2.390594663797847644e-02
-7.288866677187322285e-02
-5.199873924205673792e-02
-1.364861080146952954e-01
-2.412361746601592583e-01
-2.406088227569000426e-01
-9.405560407670277012e-02
-5.666014139151077239e-02
-2.956408055834098825e-01
-1.940002637213611714e-01
-1.711285096921643101e-01
-9.685485732701858141e-02
-2.682997155865297079e-01
-1.204213971892646173e-01
-1.244001052265947954e-01
-1.082437994947037796e-01
-1.309883103283291106e-01
-1.136370647807913720e-01
-2.111320983428701947e-01
-2.869753323489823149e-01
-2.289001191858881512e-01
-1.233784619957493250e-01
-2.961408753667277294e-01
-2.725359005065016715e-01
-2.169040980823275788e-01
-2.412258187714343693e-01
-2.302732110858979608e-01
-2.059361147680302817e-01
-2.500338854514175257e-01
-1.618116726248018666e-01
-1.692028255201561693e-01
-1.566202766407787939e-01
-1.700822656655254506e-01
-2.540004389460978618e-01
-1.933249678031419283e-01
-2.759841258656546281e-01
-1.624379283150036157e-01
-2.638142864975496771e-01
-1.859677274141414705e-01
-1.411126795837331360e-01
-9.971596778680687223e-02
-2.542423005080247655e-01
-2.697710856659555831e-02
-4.451665997821999121e-02
-2.446617279206350637e-01
-2.163945966566689916e-01
-2.025253979939104221e-01
-2.454057669978561007e-01
-2.161043021807668163e-01
-2.677035186865817096e-01
-2.512059373829814701e-01
-2.840880874895880259e-01
-1.586579932192439812e-01
-1.363644606050216646e-01
-4.245549774795452647e-02
-3.384111827896823382e-02
-2.272240284329425930e-01
-2.950172748435246350e-01
-2.136907225630547136e-01
-5.869707384919038706e-02
-6.374974616984015185e-02
-2.178652724582459399e-01
-2.895543119350427741e-01
-7.626206714417922694e-02
-3.322147967305671967e-02
-1.007077006246288736e-01
-2.850977750449102885e-02
-1.561647541937801094e-02
-2.436584366705578097e-01
-2.208071887016244128e-01
-2.461621633105441909e-01
-2.472853743040648311e-01
-4.167905308538913389e-02
-6.739611329257741423e-02
-1.583659369141281886e-02
-1.634080546582401816e-02
-2.301916926889619741e-01
-2.413274391831925214e-01
-6.943146652777659744e-02
-6.273522434913637869e-02
-8.183631053962919788e-02
-7.267122935183867316e-02
-5.443538248855523537e-02
-7.434220577354394566e-02
-2.538184501690510797e-01
-4.044788995926832526e-02
-2.460616770823108035e-01
-2.674035181521508542e-01
-2.911666512930398687e-01
-1.410543923055459503e-01
-2.113669688645656297e-01
-2.369734808279747584e-01
-2.616680705221085534e-01
-2.102899321612130834e-01
-2.277128807240417496e-01
-2.938261144809671266e-01
-2.882501021949919751e-01
-1.832411214728915660e-01
-5.936582818600456835e-02
-2.679633456653221502e-01
-1.142189678431699412e-01
-1.491026514256421354e-01
-1.378901788994102429e-01
-1.943735072418180110e-01
-2.627403402391921272e-01
-3.364860658417996586e-02
-1.624920681713209469e-01
-1.374897439185209791e-01
-3.045157074291906726e-02
-5.189737427419677945e-02
-1.452462095095674866e-01
-1.219324667115795624e-01
-9.312914149811764297e-02
-6.863656225762225505e-02
-1.577843012844570292e-01
-1.654509621039794987e-01
-2.461904652069031238e-02
-3.427386758965794006e-02
-2.865820318777902442e-01
-2.759134374263433886e-01
-1.164547100408329233e-01
-7.761161904607116746e-02
-2.217272442594653281e-01
-2.255555552887144322e-01
-8.690661722696953195e-02
-1.148626871303197183e-01
-3.272809759519361428e-02
-6.963294585989160401e-02
-6.776912431359642663e-02
-1.314678359894769499e-01
-2.834107163173710808e-01
-2.094027021608624028e-01
-2.966019625212482080e-01
-2.901226808511473965e-01
-7.812368934037357271e-02
-6.440585787225915071e-02
-1.977182012792523258e-01
-9.683609443360903513e-02
-6.004641022889183749e-02
-5.324539122636506860e-02
-1.252321593426606039e-01
-1.497406021909633740e-02
-2.807073123889850530e-01
-1.693093986827736430e-01
-1.837498576139588724e-01
-8.211322411742826011e-02
-5.173737530390416089e-02
-2.468494516615462320e-01
-1.929867472063489797e-01
-1.487756400133479762e-01
-1.255392625087376479e-01
-1.458564947581255100e-01
-1.556327874347485929e-01
-1.452603769285730761e-01
-1.560957861289499482e-01
-5.333671658116945907e-02
-1.742045554628617876e-01
-1.525059651465456301e-01
-1.873461650498263187e-01
-1.942383915182743503e-01
-2.890921548026169074e-01
-1.222713648403704438e-02
-1.599290515939794655e-01
-1.465162467892891507e-01
-3.072813545216200246e-02
-1.920501763536129336e-01
-2.651514208742791756e-01
-2.424519869098199776e-01
-1.904312500731450419e-01
-1.779001627549740838e-01
-2.574305112219827940e-01
-3.984490495523601572e-02
-9.779440578508269422e-02
-2.611422122979508154e-01
-1.272949145476575394e-01
-2.337823735468627928e-01
-2.636951127226912495e-01
-2.704129435964378603e-01
-1.291188597489662526e-01
-3.161294473985507003e-02
-3.994549058908843792e-02
-2.182380704898256862e-01
-1.166789916838354563e-01
-1.444654460230841986e-01
-2.023621729476029474e-01
-1.760479847276027743e-01
-2.281141512305818742e-01
-1.693582198210381307e-01
-2.196066109935512212e-01
-2.102402063588950931e-01
-8.719488993099555607e-02
-2.861280949013736419e-01
-1.426204579913954162e-01
-2.853670262524323764e-01
-2.948729002576650493e-01
-2.739714845558981482e-01
-4.871160656422611479e-02
-4.785405892137523792e-02
-6.321069048797615941e-02
-2.723440961733452625e-01
-4.377084580408824310e-02
-2.499515878836397753e-01
-4.316843007488584127e-02
-2.759194596634440555e-01
-7.704856850787240863e-02
-8.761051560946926664e-02
-1.801587402699155460e-01
-1.592133955296218539e-01
-1.160194552676670071e-01
-9.024440812796870326e-02
-2.064403402603331439e-01
-2.768184376623184506e-01
-1.202976201930419653e-01
-1.065789791266251868e-01
-1.184069222063681981e-01
-3.452995802522607072e-02
-3.899776599757517892e-02
-1.085773052132263800e-01
-2.812337542332954410e-01
-1.813038841918235555e-01
-8.269257471979006568e-02
-8.544647543705792547e-02
-7.588876006666632479e-02
-2.447831063170209098e-01
-2.534335619017188401e-01
-3.560222503177380704e-02
-2.613063149238858962e-02
-1.392131421872474517e-01
-2.411900005772682487e-02
-2.215990941497531300e-02
-1.851572362499231614e-02
-2.023256046981392400e-02
-2.958203472544266299e-01
-2.762861339434555807e-01
-2.343058196542286420e-01
-2.671304775669851028e-01
-3.299929413830741953e-02
-1.696504654337385176e-01
-1.536351790431478292e-01
-1.745355223838963299e-01
-2.643445540577601949e-01
-2.157289388102658911e-01
-2.607481082360377789e-01
-2.675993114927798788e-01
-2.744983600123137024e-01
-2.550470208992443033e-01
-2.694802415418613428e-01
-2.792623663876634410e-01
-1.226377170597133526e-01
-4.618602773591831689e-02
-1.090891364906920874e-01
-1.335575232135242929e-01
-2.863212106609318575e-01
-2.129971689810175595e-01
-1.536667360379561365e-01
-1.145986283273441597e-01
-2.631966114968672943e-01
-1.355824740955823282e-01
-1.307381354715040911e-01
-2.163745270462928139e-01
-1.047495246806377789e-01
-2.117320237900555124e-02
-1.797877127518705542e-01
-1.798467202135413112e-01
-2.316248711563103080e-01
-1.480864401353808035e-01
-2.423346457953455269e-01
-2.818108867786770499e-01
-4.121512861970999531e-02
-2.234233858699512798e-01
-1.463468809906829926e-01
-1.953534964273766217e-01
-8.729972947652230031e-02
-2.027320021010580176e-01
-2.120000657610719152e-01
-9.319443024651527518e-02
-2.821185634342043280e-01
-1.904410273069906401e-01
-1.979293384727360550e-01
-2.891199529679660540e-01
-1.124805437356242582e-01
-1.049075750529981643e-01
-2.165150419943953353e-01
-5.935993727809826120e-02
-5.030048473725452080e-02
-8.411235275310643966e-02
-6.979214315727544360e-02
-2.757988452315467409e-01
-2.824676652333830140e-01
-2.123208275767418940e-01
-1.652983449638528168e-01
-2.218024772960908997e-01
-1.127489698940409013e-01
-8.259307089262341028e-02
-1.027381974911441564e-01
-1.903023552893179024e-02
-2.583941259698033927e-02
-3.574181851054441389e-02
-1.178307800467994111e-02
-2.245364484652472570e-01
-1.999247035210615087e-01
-1.674620798004895217e-01
-7.719303469751571944e-02
-9.730321317902976275e-02
-1.748028223239819212e-01
-1.717559741423172193e-01
-1.927793181558426772e-01
-2.786112556338836144e-01
-1.615818723886411623e-01
-1.462894678660278946e-01
-2.388078653031504572e-01
-9.080076595946445783e-02
-1.039328360287841424e-01
-8.114911934081935063e-02
-6.722036034104543478e-02
-2.601991150357937932e-01
-2.627675802700736862e-01
-1.641123540956047899e-01
-1.650192048775721287e-01
-1.727487741340948679e-01
-1.355516868374412320e-01
-2.668759736088672785e-01
-2.670594975199112042e-01
-1.469252516626945448e-02
-3.578077309281180174e-02
-1.400292233429661568e-02
-1.213172426341933841e-02
-8.092391458826390938e-02
-2.050153544430095148e-02
-6.484154568209092584e-02
-2.927382765213555893e-01
-2.515837986185218145e-01
-2.420161768060961893e-01
-2.961931976992444593e-01
-1.840909835795105087e-01
-2.395629907787322210e-01
-2.947615020638368333e-01
-3.011845748767629644e-02
-1.872686902655674307e-02
-1.309465112314666703e-02
-2.868474671627656014e-01
-2.904653990328704416e-01
-1.536678153390284018e-01
-1.788164235129344470e-01
-3.898377199069948812e-02
-3.506813457168286158e-02
-2.363571045278939076e-01
-1.754788284326042613e-01
-1.589095138331559631e-01
-1.355917418193696711e-01
-1.523711647903961131e-01
-1.226291161943059843e-01
-2.671779080199380707e-01
-2.738047300591225919e-01
-2.225470762178563267e-01
-2.199713406543791494e-01
-1.329453944638658014e-01
-9.662762968855446999e-02
-2.827597447216673165e-01
-2.870448752903118628e-01
-3.335626252372777406e-02
-4.981981962324858598e-02
-8.093029197164743060e-02
-2.757876890868322661e-01
-2.180670019857831876e-01
-2.710619288825894240e-03
-8.060411442863624210e-03
-6.470835830878127019e-03
-5.189827461156384936e-03
-2.807015207992120676e-01
-2.160325194470292254e-01
-2.758107909456846696e-01
-2.262648768889234663e-01
-1.367136768599155061e-01
-1.615403622285742080e-01
-6.673515599253465602e-02
-4.175271285462651971e-02
-7.472789542349914105e-02
-8.763826851444907196e-02
-1.436198053544561204e-01
-8.567571248305781706e-03
-2.012212278445576208e-01
-7.424903440886629347e-02
-6.858941000890629580e-02
-8.397274671871503282e-02
-1.892789390349172152e-01
-1.933666316422385234e-01
-1.943083593771530171e-01
-2.938317306974943532e-01
-2.711973070637446748e-01
-9.093406193399233839e-02
-6.787428035362018386e-02
-2.027671652186333884e-01
-2.776992914456732908e-01
-1.278161815224913289e-01
-5.179244340958195914e-02
-1.077045990126610474e-02
-1.267455547016989488e-02
-1.361806192837882942e-02
-1.249323069180819160e-02
-2.060641782728714899e-01
-8.167007623866207044e-02
-2.937926461442345039e-01
-2.698743356128958659e-01
-1.448470430199540471e-01
-1.104260052833510308e-01
-9.640961958245593266e-02
-2.871409204886745115e-01
-2.246482411421593661e-01
-5.830589005892154730e-02
-9.026086036214302222e-02
-2.287216654971811480e-01
-2.246250963387367849e-01
-2.035052598989642025e-01
-1.520771450999977015e-01
-2.960952261916257600e-01
-2.163354088473362358e-01
-2.235424941216393735e-01
-2.773450307444252361e-01
-9.729558129913959408e-02
-2.854237919952375413e-01
-1.028285886567607693e-01
-1.712322084486186946e-01
-1.764797894074777163e-01
-1.368794543715607381e-01
-1.400144265145796818e-01
-2.091512648075288805e-01
-2.876899512022538241e-01
-3.952427518448632660e-02
-2.687712929754247360e-01
-1.716235369218726547e-01
-7.932708334333325728e-02
-1.125493151561508670e-01
-2.657484957005701864e-01
-1.226130572674529046e-01
-9.871530519084029121e-02
-1.298619270307910245e-01
-2.884285645410136212e-01
-2.916174474623479118e-01
-2.929581002718825156e-01
-2.837011225623199406e-01
-2.861893482397131483e-01
-2.917278709034715756e-01
-1.688794556234488042e-01
-1.535766367671327626e-01
-1.625252794604359619e-01
-6.654710605547625724e-02
-7.541862206207779196e-02
-9.404663547815897418e-02
-7.048385902614316689e-02
-7.507016388493634174e-02
-8.228934993577716184e-02
-2.899534871773363220e-01
-2.906475687170210764e-01
-1.701877556265148916e-01
-1.641381435263288002e-01
-1.362818684886439868e-01
-1.391375142893374883e-01
-1.429529859272062053e-01
-1.460798188508061479e-01
-1.292168340310356212e-01
-2.949569354207315364e-01
-2.951386708869978004e-01
-3.086209332797213226e-02
-2.521781108410646108e-02
-3.747467504004728389e-02
-5.049354740947446102e-02
-3.978362903511663273e-02
-9.917085576518413700e-03
-2.123417705747821793e-01
-2.228594331166550147e-01
-2.180278019444094884e-01
-2.259833082257707917e-02
-3.220260988109406586e-02
-2.731582844218876857e-02
-3.621018823893922683e-02
-1.432429811328731206e-01
-1.504157850526839924e-01
-1.201772705288195880e-01
-2.567375172281494700e-01
-2.677227202436733844e-01
-2.663634646120863203e-01
-2.707415133684973885e-01
-2.738264723695076341e-01
-2.713314471436357178e-01
-9.478183333983199177e-02
-1.010673242201770017e-01
-1.023281107343555346e-01
-7.759233206670107519e-02
-7.538558459117872257e-02
-8.649744180044967312e-02
-5.179146014262384079e-02
-3.419353642775144198e-02
-6.071878896622193850e-02
-1.765150918273248465e-02
-8.645931930515703134e-02
-7.377721707963598441e-02
-7.879580350932281763e-02
-7.181813375819136314e-02
-6.878373731819663328e-02
-4.753797540432513208e-02
-1.392933493894841362e-02
-2.310022765799310540e-01
-2.326888407424876348e-01
-2.276675009043610809e-01
-1.758678122363938612e-01
-1.935889914817024160e-01
-1.850662486207869106e-01
-2.155990725641511105e-02
-2.085399719585285527e-01
-2.107300876562665792e-01
-5.848028688960072580e-02
-5.079078732800112322e-02
-5.101258144111533999e-02
-4.571620921423490136e-02
-7.165169872663611217e-02
-1.100261615231067913e-01
-1.122821050242269331e-01
-1.417016490234800363e-01
-1.320191578270396848e-01
-1.392150384504228788e-01
-2.024749372328807917e-01
-2.075487558669436572e-01
-1.996599782706536819e-01
-2.285575547872849833e-01
-2.299178907544785211e-01
-2.197070460554235438e-01
-1.553243671798685555e-01
-1.455192779030505812e-01
-1.579062143038597599e-01
-1.162145845513013337e-01
-9.743354315832954138e-02
-1.024411017858469497e-01
-2.443159650448471498e-01
-2.325178111275330306e-01
-2.338273892709612778e-01
-2.857846887816426623e-02
-1.393426652140582200e-02
-1.593732034242604720e-02
-9.116355820728169702e-04
-1.217827970473386520e-02
-4.920003983119940541e-03
-6.783720504003014351e-02
-7.746701694649187064e-02
-6.471648274976983528e-02
-5.959521720067249839e-02
-1.377246246230441062e-01
-1.253079313759390967e-01
-8.923150591889149330e-02
-8.858023222910701988e-02
-5.651050740572172160e-02
-4.129012138562652978e-02
-2.275901105537391986e-02
-9.047890396251801609e-03
-6.978061343232396310e-03
-2.181659435930122584e-02
-2.296689732809414630e-01
-2.195656074355542275e-01
-2.300304152639484623e-01
-1.878905106163249183e-01
-2.015330012022006623e-01
-2.012861075927171728e-01
-1.999468621219981090e-02
-2.842078703229302186e-02
-1.805373978863163836e-02
-7.810001069992330951e-03
-1.359578452117916024e-02
-3.266627891671915261e-04
-2.280974242064214008e-01
-2.395027890345480526e-01
-2.265516535393306830e-01
-2.350027830432620812e-01
-2.107023404525064925e-01
-2.053560509359339259e-01
-1.747919776237503164e-01
-1.709657909514187835e-01
-1.680449552432585480e-01
-1.420554728555106783e-01
-1.563952032210259302e-01
-1.257623506034412642e-01
-1.360108553005729137e-01
-1.153612181965353450e-01
-1.034415832511611233e-01
-1.052988945861444009e-01
-9.475435311222969725e-02
-2.947087134747922166e-01
-2.932369697639994888e-01
-2.952402152557008219e-01
-2.627416665773258941e-01
-2.728285550536766468e-01
-2.711284751515362079e-01
-2.717228887989627806e-01
-2.776816370607950724e-01
-1.216443946462013037e-01
-1.083784577337654764e-01
-1.161678673246371030e-01
-1.193168774608466126e-01
-1.115603118796589521e-01
-8.496917396997419325e-02
-8.702585008714301684e-02
-2.433468025708180049e-01
-2.458360117342686668e-01
-2.733572722768643493e-01
-2.707459022082405742e-01
-3.427230903935873235e-02
-2.472784036440473995e-02
-1.214155415883450273e-01
-1.320034414199948714e-01
-1.146968019251038973e-01
-1.253560765074566430e-01
-1.168139503233768667e-01
-3.664302332106372101e-02
-3.277480166309100496e-02
-4.582647910287717535e-02
-3.573847741655270666e-02
-2.363473459670442298e-02
-2.570337720329750678e-02
-2.651130809449472880e-01
-2.658353117142910338e-01
-1.471412433972348610e-01
-1.318989104880631813e-01
-2.269103892307513248e-01
-2.359471408269785131e-01
-2.426613600763421197e-01
-1.378521065086986963e-01
-1.238101974478820338e-01
-2.198543514081491845e-01
-2.112562006323247532e-01
-2.238180534926223764e-01
-1.517739124139761697e-01
-1.344246063207646946e-01
-1.478534258065880846e-01
-2.406757914906235696e-01
-2.431148776779682719e-01
-2.511964718744816305e-01
-2.495636591649821046e-01
-2.814050070597464703e-01
-2.768049670201969126e-01
-2.831968715061658481e-01
-2.908961746999957354e-01
-2.906606862027517058e-01
-2.898554792264298463e-01
-1.623948101236671326e-01
-1.518411574056749702e-01
-1.624335770343516283e-01
-1.835237175753320904e-01
-1.728762939504407403e-01
-1.431306163504438844e-01
-1.256893518133440912e-01
-1.238447244754448950e-01
-1.964335348175280660e-02
-1.857746408162644705e-02
-1.449014016978227848e-01
-1.568155407278302993e-01
-1.712639071207142094e-01
-1.700773641742537590e-01
-2.352191775776636962e-01
-2.305235729071435646e-01
-2.688978677943442142e-01
-2.616852518271445271e-01
-2.765651669515112321e-01
-1.222608617939312109e-01
-1.136715273137910570e-01
-7.737916702547376069e-02
-4.141616429782879472e-02
-4.405432444295227790e-02
-2.072681744573013143e-02
-1.665707703588284461e-02
-1.718184603084723372e-01
-1.654775802159799969e-01
-1.924514022322212081e-01
-2.025129715338468694e-01
-1.543359663932403203e-01
-1.648472088720911166e-01
-2.752615572855094395e-01
-2.822017791310756918e-01
-2.778991373738808335e-01
-1.976373549840351740e-01
-1.780920501679732204e-01
-1.888676165463450130e-01
-1.585603449919452679e-01
-1.691466253138063924e-01
-1.618977928274536737e-01
-5.343221507845721113e-02
-5.474898124238355979e-02
-5.313739299425269264e-02
-3.125083223709876346e-02
-3.907289560857234861e-02
-4.009117763283210484e-02
-1.295721626120135417e-01
-1.230712894242156075e-01
-1.599290838282829419e-01
-1.625124183829962099e-01
-1.855425025134141981e-01
-1.838146333140353028e-01
-1.938940636406614459e-01
-1.982055525403063900e-01
-1.831208351064628481e-01
-1.859922150732367108e-01
-1.093878532800917208e-01
-8.997529104335377781e-02
-2.426721730363704810e-01
-1.429350498274751247e-01
-1.469551125680691184e-01
-3.156448606639476046e-02
-2.945653075909141286e-02
-1.252037395489235538e-01
-5.542577137883978461e-02
-5.812581263267090070e-02
-5.094938741993149806e-02
-4.012217071173571764e-02
-3.392451721759776745e-02
-2.993946574419586310e-02
-1.176253467134206754e-01
-1.334334260552743623e-01
-1.672673907249499214e-01
-1.601459395983495237e-01
-8.346065479796971331e-02
-8.096220624139020827e-02
-6.967956176443343419e-02
-7.468070260779335889e-02
-1.572538690977315634e-01
-1.499664246885138164e-01
-1.983462421745589288e-01
-2.094525174358321806e-01
-2.294523849669196092e-01
-2.237184768608072027e-01
-1.716893047020147667e-01
-1.655025941720049965e-01
-1.917688361985042111e-01
-1.882764499289597826e-01
-2.205334783702767032e-01
-2.138440525332651054e-01
-2.293043315057061160e-01
-2.298231245925780319e-01
-2.380034456660906073e-01
-1.457163985276051232e-01
-1.322287278309785541e-01
-1.432981823095202945e-01
-1.179515254081054121e-01
-9.235915094759745980e-02
-1.040472002328392820e-01
-1.159094262540831671e-01
-1.316697245440433539e-01
-1.272935732187427116e-01
-1.169715297809087728e-01
-9.655201260283104159e-02
-1.079299130625744896e-01
-2.413133562644674823e-01
-2.326130572216435766e-01
-2.464803993380860481e-01
-2.402947453546121492e-01
-2.588404949972275548e-01
-2.650119668767598746e-01
-2.653870533777816787e-01
-2.056774619026318085e-01
-1.983381202793326192e-01
-2.057092420869435778e-01
-5.819248402732459663e-02
-3.718396643643345767e-02
-7.523657467954762701e-02
-2.566736300855865238e-01
-2.527793745393412950e-01
-7.291651709045630925e-02
-6.269668256713516186e-02
-7.915522671588484660e-02
-8.153500677079057735e-02
-7.862377867804506981e-02
-1.028163122935373958e-01
-2.894051585848762542e-01
-2.876712344697424650e-01
-2.306998519030758754e-01
-2.187962996707216168e-01
-1.189803446105836687e-01
-1.065875332625170202e-01
-8.328797335680818148e-02
-8.751099991705266201e-02
-1.003775531643448932e-01
-1.002653596241761813e-01
-8.179211000070180093e-02
-8.488810014022925288e-02
-2.938405926013172853e-01
-2.932652773369577859e-01
-7.682857701937306771e-02
-6.668747634365246313e-02
-5.402774083234846564e-02
-4.761930038530962778e-02
-1.613638806126336742e-02
-2.065043046941275953e-02
-2.600946115623365418e-01
-2.692701714319462591e-01
-2.583767741328443224e-01
-2.744959719308526780e-01
-2.745978820842140400e-01
-1.566717589840360969e-01
-1.752053799498058395e-01
-1.612224263494103360e-01
-1.407339724499402367e-01
-1.416351685169331132e-01
-1.335725426632178026e-01
-2.644089590639069898e-01
-2.608277815412005651e-01
-2.658745843417293364e-01
-2.563690272592493713e-01
-2.588830892592123289e-01
-1.924270610370404921e-01
-1.815338533644733632e-01
-1.715637182935370042e-01
-1.608031746427472652e-01
-1.453548226050875303e-01
-1.537388821046401788e-01
-1.210227966925685461e-01
-1.347338421303440892e-01
-1.214268985408188534e-01
-1.995092080559316139e-01
-1.765267709353949832e-01
-1.728456516518545594e-01
-1.210604396090853990e-01
-1.066484198768873487e-01
-1.894049185789351275e-01
-1.747717736984269743e-01
-1.798438067825203490e-01
-4.785935202689178825e-02
-5.313017041219707248e-02
-4.827159963797827275e-02
-5.550951717288737236e-02
-6.101459933584485462e-02
-4.947364315511339206e-02
-5.708129414245781408e-02
-7.412805495621345442e-02
-7.760027999714842750e-02
-6.816023177456885518e-02
-7.447655977722078546e-02
-8.487393928753786398e-02
-6.814935598501078995e-02
-6.531881193886124315e-02
-6.803890174150045711e-02
-2.113007333932591658e-01
-1.940807320977334105e-01
-1.960574152718819463e-01
-2.076782972495810342e-01
-2.134414032951090778e-01
-2.214847453743174210e-01
-2.926037021122737114e-01
-2.931543345422731317e-01
-2.855779046763263218e-01
-8.623032880054706806e-02
-1.117576646462164758e-01
-9.812336595328330358e-02
-1.808772342621554341e-01
-1.980963379213533104e-01
-4.754778436135952829e-02
-2.166776104687363064e-02
-3.210429177281611673e-02
-1.970993907306960724e-01
-2.020204810359087499e-01
-9.011744556076088652e-02
-8.950938778485442726e-02
-6.172809401155487929e-02
-6.730320780394266622e-02
-6.802015184407537995e-02
-6.830075453626339999e-02
-6.536410132376233029e-02
-1.723539099173286016e-01
-1.764836337678230560e-01
-6.866466873298904261e-02
-7.840211167712753115e-02
-9.130591643542783353e-02
-5.877155891614086608e-02
-5.191316197165688623e-02
-4.238354727575547459e-02
-2.831568137764241544e-01
-2.898839073735994254e-01
-2.876059556964399300e-01
-2.855701261238445254e-01
-2.891895093010815598e-01
-2.877314884933678818e-01
-2.004781000332104823e-01
-1.839085345171264096e-01
-1.646911709212219577e-01
-1.761325347884185599e-01
-2.513815994071625370e-01
-2.488369455987053946e-01
-2.468781138689257748e-01
-2.313000463077714286e-01
-2.226906266667729173e-01
-2.374090733440333278e-01
-2.576140005913374886e-01
-2.567249300993140193e-01
-2.498738577465913491e-01
-2.682332661833484178e-01
-2.627576706518698346e-01
-2.575054229469723177e-01
-2.469290436240590136e-01
-2.384859166994064417e-01
-2.437704131978980227e-01
-2.255602561267758543e-01
-2.218585554170282303e-01
8.482606919128990106e-03
-1.766674428558040466e-02
-1.745924749587041136e-02
-1.218478662452145145e-01
-1.052436892703992877e-01
-2.549609308927414664e-01
-2.596831024158186563e-01
-2.573617417578825117e-01
-1.406284196012091425e-01
-1.161467984158681549e-01
-1.247233546219578271e-01
-1.425810732218087129e-01
-1.452574528051975011e-01
-1.198118810979093146e-01
-8.741218402204029014e-02
-1.060396862610566704e-01
-5.197898176997509112e-02
-5.799496652935053065e-02
-3.532198913121557815e-02
-3.083701332688121993e-02
-6.878275986537892017e-02
-4.753302679911407258e-02
-6.402949110287248224e-02
-2.908120456624900818e-01
-2.876131973564786670e-01
-2.253834460215990709e-01
-2.298301736690848418e-01
-2.099931473544100757e-01
-1.690030577724874472e-01
-1.698272297006606368e-01
-1.621221039779958129e-01
-1.524711652919270577e-01
-1.542664442121109425e-01
-2.850578793501474806e-01
-2.854580866564983554e-01
-2.832781760299147300e-01
-2.893459936445280101e-01
-2.892547938042807631e-01
-2.649656948713238203e-01
-2.627951438843750265e-01
-2.565289315572757411e-01
-2.884257172285580317e-01
-2.875312758368341326e-01
-2.846930276264183490e-01
-2.581291279744016842e-01
-2.668283592225459966e-01
-1.663700934976446166e-01
-1.728276426085949002e-01
-1.572315837987503240e-01
-4.317935152029789975e-02
-6.018886556913946584e-02
-5.027017522384027992e-02
-3.257412318035139004e-02
-4.509525312259031471e-02
-3.278258922344673421e-02
-6.101819218963959457e-02
-5.827277704683381937e-02
-6.810540634335476851e-02
-6.315771667721321869e-02
-1.598611028378036855e-02
-2.019561055618240494e-02
-1.763473201491033704e-02
-1.549949896947998458e-02
-1.400405126855570892e-01
-1.487927307633634955e-01
-1.528560204553427171e-01
-2.097196362011499171e-01
-2.030537837108130905e-01
-1.834906560391718067e-01
-1.868890515463303703e-01
-1.697345140207071057e-01
-1.524684507759969665e-01
-1.604694414286528259e-01
-1.391991304672756113e-01
-1.422102424879281846e-01
-2.804588846044025474e-01
-2.794650403616891765e-01
-2.808935318077158128e-01
-2.755180165533745451e-01
-1.751129449893284729e-01
-1.777917470813283329e-01
-1.742156811880627987e-01
-1.825713140794385791e-01
-2.945065254394532150e-01
-2.946213821529272692e-01
-4.868856064303464515e-02
-6.049618014551930850e-02
-4.464027695272509977e-02
-2.555647365551700911e-01
-2.275200580562372621e-01
-2.423461994472442815e-01
-8.890141910818950832e-02
-9.065900637741164392e-02
-6.598574754151644017e-02
-7.451860132089406508e-02
-3.669418163482469214e-02
-3.965091356589883764e-02
-3.519311077817878497e-02
-7.528139568186238695e-02
-7.314649724398714081e-02
-5.160692154135941567e-02
-2.846275138669639507e-02
-4.750784953550397233e-02
-3.175163444254353734e-02
-3.945196733678546508e-02
-4.703598506441607208e-02
-3.335873155010438129e-02
-1.960808439869575204e-01
-1.988696994060968615e-01
-2.051204580819830370e-01
-1.949314502443116881e-01
-8.141039406335651152e-02
-1.126259900529013869e-01
-4.538700666346310447e-02
-2.115062159837819214e-02
-2.592364380146662886e-02
-2.414185090291707733e-02
-5.792273074457078563e-02
-6.714820080609783248e-02
-2.449435592159724950e-01
-2.392771787071399925e-01
-2.780411194859964130e-01
-2.718216436691165416e-01
-4.835599558992017405e-02
-4.794499338865695903e-02
-1.133481168188281707e-01
-1.178495856052434732e-01
-6.073621559946135173e-02
-7.830191296716029759e-02
-2.523288193992371392e-02
-3.797888089664410577e-02
-7.834774753591325358e-02
-8.240468673559338264e-02
-2.124535165478943499e-01
-2.220215422460107002e-01
-2.289637277890316236e-01
-2.088112505076926695e-01
-1.941288544816038575e-01
-1.854429093666020434e-01
-2.748773540747093125e-01
-2.718548836917406009e-01
-2.063733520581824132e-01
-2.195305982958680735e-01
-2.616068443248043551e-01
-2.703750220999058262e-01
-2.289378801580295719e-01
-2.081075314964977718e-01
-1.946832077755469570e-01
-1.807682243644057607e-01
-7.091985652065008194e-02
-6.284424156338060119e-02
-5.726901703765406582e-02
-4.866654881712505210e-02
-3.477035947541786548e-02
-2.961147005671452628e-02
-9.737701148167997311e-02
-6.439128295062829244e-02
-2.927147048436232191e-01
-2.915684611924870828e-01
-4.440717252396576137e-02
-2.465716715556848931e-02
-2.648142399844934936e-01
-2.552748126380579574e-01
-5.430053950801179419e-02
-5.995054691078077064e-02
-4.077445135440645879e-02
-3.508841008776489995e-02
-2.348233780414270624e-02
-3.403691758982831800e-02
-6.535830083134319679e-02
-7.491112951743232606e-02
-4.714737046530764752e-02
-5.782581408054002919e-02
-1.578529738232491431e-01
-1.442188943720003891e-01
-9.626620397250106043e-02
-1.056348804420362136e-01
-2.361469348403140434e-01
-2.362934320088614093e-01
-2.452302560775521112e-01
-5.831181517461667824e-02
-5.125398419821045048e-02
-3.203516713479218764e-02
-3.983453038755762482e-02
-3.657708579961495288e-02
-2.955337022835016064e-02
-1.085145968120540816e-01
-1.291251680983450112e-01
-1.882173956243501575e-02
-4.208009024483529148e-02
-2.958036390135452831e-01
-2.527164228725798378e-01
-2.562354376504633047e-01
-2.499344066600135694e-01
-2.474266075447673074e-01
-3.347409468805066096e-02
-2.758833932977220460e-01
-2.696109304960138120e-01
-2.765982438616638173e-01
-1.180409973525871348e-01
-9.332392346482644430e-02
-2.391699972057873824e-01
-2.261440485847544257e-01
-2.240046284467993309e-01
-2.650025214813623090e-02
-8.594672698318384096e-02
-9.327566665964208414e-02
-1.113221205165192546e-01
-1.050393206912829114e-01
-6.783492536751421775e-02
-7.462382010798561394e-02
-2.355361791176007746e-01
-2.397111586452657372e-01
-2.122235789120799077e-01
-1.937215877779784046e-01
-9.730726174221211722e-02
-7.683616068511539554e-02
-6.600439497796357913e-02
-2.712333846547272942e-01
-2.545880259641571386e-01
-2.609981936178575324e-01
-2.612287594493037934e-01
-2.591853755562969486e-01
-2.783519388021479801e-01
-2.766863823522063282e-01
-1.135196663968571912e-01
-1.146744517023382121e-01
-9.229284293304014508e-02
-1.059275219353049691e-01
-8.318893297289191302e-02
-6.135351421968620461e-02
-6.862302872780449980e-02
-5.593881220500907664e-02
-6.105092575074515943e-02
-2.699137745653988896e-01
-2.639967175598209592e-01
-1.185722713456611316e-01
-1.020493582081741790e-01
-3.314827268161021911e-02
-4.919998516774215513e-02
-2.884000432303371331e-01
-2.878899169391967439e-01
-2.055156892436461602e-01
-1.960218219936248896e-01
-1.725167241619756653e-01
-1.823009482436258044e-01
-1.354094392538025549e-01
-1.501061337868895562e-01
-1.387607425730615074e-01
-1.237194973066398640e-01
-1.188683199537451801e-01
-1.150126981510194157e-01
-1.175273605391638082e-01
-1.273644053245138741e-01
-1.027651566957626383e-01
-1.012285911128664451e-01
-1.014950089203252859e-01
-1.091275637661805603e-01
-8.640941773303520423e-02
-6.822653326970490317e-02
-9.267540428288963128e-02
-6.279419250457984880e-02
-5.691546655317555187e-02
-5.069880633602581732e-02
-2.144948027841020455e-01
-2.056897947724450892e-01
-2.861494082997293464e-01
-2.850076724180002352e-01
-1.705219964617459838e-01
-1.531913127160954291e-01
-2.022576327486714509e-01
-1.864078997250949166e-01
-1.906448369929779341e-01
-9.968237606315745458e-02
-6.917870598679867755e-02
-1.127739791888194981e-01
-8.897027172333227263e-02
-2.354891789206562114e-01
-2.192165618742158706e-01
-1.376213148277456721e-01
-5.471591356421703391e-03
-4.338813312697813174e-02
-1.955950487398699644e-01
-2.028726264760393749e-01
-2.168594178226147251e-01
-1.716868923370030164e-01
-1.811568652448311278e-01
-1.712839341829527906e-01
-1.377364977334833152e-01
-1.448161964288945114e-01
-3.602759274198392980e-02
-4.804743307906206989e-02
-3.653367858290701431e-02
-4.940133339378579430e-02
-1.045858718475955462e-01
-2.371030411617925937e-01
-1.983200765355015716e-01
-1.998730250695570365e-01
-1.687428138617587392e-01
-1.518130597860343212e-01
-1.611415003928051148e-01
-1.511890334984292150e-01
-9.654443688447406080e-02
-9.483077437187925618e-02
-6.566659889604085920e-02
-3.707719767132807570e-02
-2.922028039829162316e-02
-4.045159303288172609e-02
-4.024632379582353953e-02
-4.650888521816544385e-02
-2.730666852770471248e-02
-2.376694630231428879e-02
-1.767514513026977041e-02
-2.099209460146466907e-02
-2.388412929298748891e-02
-1.790732996175980682e-02
-2.129292178262631730e-02
-1.283818355418196999e-01
-1.196465335162990584e-01
-1.395410685197885914e-01
-1.274269646567293135e-01
-1.308226995909978485e-01
-1.133619603560940270e-01
-1.220805827618417494e-01
-1.171881347549333513e-01
-1.052680498359047367e-01
-1.035301404124042562e-01
-2.035187039471238191e-02
-1.442329622406701879e-02
-1.832475466286956067e-01
-1.713152216761308078e-01
-2.685091599861594291e-01
-2.618727699184369428e-01
-3.491979840888148265e-03
3.283858498749105560e-03
-8.094321533797942114e-02
-5.789761381994202455e-02
-8.747437754912112950e-02
-5.747310062754808907e-02
-7.002622885459691693e-03
-2.479852262022466929e-03
-9.947219111026428529e-02
-9.007644055420642448e-02
-6.498237663833839051e-02
-6.916992427304384516e-02
-9.260010418067575466e-02
-7.249989165314843498e-02
-2.460457133203032276e-01
-2.359550166981955743e-01
-2.176382184100865425e-01
-5.504906009377776716e-02
-3.981213605204631661e-02
-3.666048030870326657e-02
-6.492461411314040531e-02
-9.268444871476815006e-02
-8.328150814234966393e-02
-2.524481257839067405e-01
-2.472345485124228803e-01
-1.503577548508391523e-02
-2.009616921969029080e-02
-2.941188256706786519e-01
-2.924790529228823988e-01
-2.528742938333791157e-01
-2.455504143331954103e-01
-1.500199793124125658e-01
-1.516653113698735456e-01
-1.379308290882194643e-01
-1.859522834839260619e-01
-1.742367812015877537e-01
-1.862525229865684140e-01
-1.922134968874595340e-01
-1.759987771856887651e-01
-1.496568135891899465e-01
-2.895986084394489568e-01
-4.497629954387614287e-02
-1.741120401823889260e-02
-1.633348695912701376e-01
-1.751903339314728747e-01
-2.798936715051366098e-01
-2.824043324676147049e-01
-2.806156793196030730e-01
-1.206371297635412260e-01
-1.329255349242360607e-01
-2.036790363718704311e-01
-2.145614277758103317e-01
-8.082048647792981766e-02
-1.054999737026690587e-01
-2.891326418456613423e-01
-2.767045853504030428e-01
-2.776682025337757764e-01
-1.074071523900613639e-01
-1.058552304938291388e-01
-9.868549479253499457e-02
-1.055262114967533693e-01
-1.208488870263827175e-01
-1.225344023303266972e-01
-1.352942023906861801e-01
-1.307517549404044188e-01
-1.513097116519118157e-01
-1.399884065467253413e-01
-1.460315062942774134e-01
-2.387150533061034585e-01
-2.283905533219038886e-01
-2.350626110977233063e-01
-4.840934282986528864e-02
-8.727325049000848878e-02
-1.910819375947171161e-01
-1.980487100077819862e-01
-1.875360018640207793e-01
-1.919691466651050893e-01
-2.112545589943701785e-01
-1.596477517371565069e-01
-1.512300526785814170e-01
-4.456042853188461189e-02
-3.141766404673399654e-02
-2.189686387424172598e-01
-2.151210147074416323e-01
-1.321467826599822537e-01
-1.496711915802473869e-01
-1.486783425524517144e-01
-1.993086918257079287e-01
-1.834775628896084809e-01
-1.225356973307938947e-02
-9.304273398514398621e-03
-9.703697618954205961e-02
-9.565675510213017541e-02
-8.665738006465677212e-02
-1.813367787292126665e-01
-8.605220825727372125e-02
-7.883098831119154937e-02
-1.781836487546073766e-01
-1.922301473063825761e-01
-1.847218750863299230e-01
-1.639944670973924601e-01
-1.619140273922401174e-01
-1.635872694029990027e-01
-9.547185720421597077e-02
-9.553961725604874500e-02
-2.588081856381772572e-01
-2.540186033046841207e-01
-2.139743073251961780e-01
-2.216719193946452837e-01
-2.764955552037025588e-01
-2.708890869477932339e-01
-1.947071968494434591e-01
-1.880072077756428928e-01
-2.809542893188424761e-01
-2.835320509806303346e-01
-9.500009684678686894e-02
-9.356147775491034657e-02
-1.187062375130588793e-01
-2.683479782086394261e-01
-2.742734784633046874e-01
-1.502237739437501662e-01
-1.320289362540701672e-01
-2.633707302949744311e-01
-1.389248572783242652e-01
-1.446158891177103945e-01
-1.636960747872432398e-01
-1.612320553403779888e-01
-1.749910439085997638e-01
-1.888215334966180936e-01
-9.474403075599496793e-02
-7.858837780739212631e-02
-6.566811886881622484e-02
-7.483346405284586889e-02
-1.603920146045078876e-01
-1.620605053429770015e-01
-1.474896093279982889e-01
-9.581463456972533210e-02
-8.255831986257554378e-02
-5.747517627620996050e-02
-7.172618472091157882e-02
-2.892271436579496036e-01
-2.862521019876391182e-01
-1.327174753369438631e-01
-1.467868638061199382e-01
-3.021508011279582656e-02
-4.811795481592702484e-02
-3.172525751047690357e-02
-1.296208799781078426e-02
-3.137679340079566059e-02
-1.425113744971095303e-02
-1.633198431249957283e-01
-1.602949640853912339e-01
-1.129446739025327939e-01
-1.300219550400674162e-01
-1.141332190367685823e-01
-1.414943519102259684e-01
-1.363664696020754352e-01
-2.180416221127182141e-01
-1.852748614581442299e-01
-1.839520131352736509e-01
-1.967189219349002594e-01
-2.049698026761827552e-01
-9.510154991644179101e-02
-6.849093134308985309e-02
-1.653867965097842174e-01
-1.735868169174752673e-01
-1.520564912560030679e-01
-1.747496324466267792e-01
-1.995729272359025586e-01
-2.063868723315391840e-01
-2.506208457997169958e-01
-2.453083396568072894e-01
-2.943552576878100124e-01
-2.924907604604403133e-01
-2.946259647362680090e-01
-3.193098101380672203e-03
-1.297000221833676838e-02
-2.273514375519539166e-01
-2.201332295524780214e-01
-2.543627267492854505e-01
-2.516899445356351461e-01
-1.603167409995083226e-01
-1.819978829255318176e-01
-1.491147893091361587e-01
-1.636802130588651816e-01
-1.959031186472885155e-01
-2.184059205705696782e-01
-2.589468102205745859e-01
-8.867547890493569784e-02
-9.376732856993767740e-02
-7.825587251155943780e-02
-8.930123759482506973e-02
-7.681608180888715998e-02
-4.336894268447382544e-02
-1.571079572203583907e-01
-1.871660902245491642e-01
-2.826872313469636078e-01
-2.430250819363492243e-01
-2.752752229736823986e-01
-1.862292851209405298e-01
-1.750163255426155640e-01
-1.350726784592897467e-01
-1.382328558022610787e-01
-1.551619242500262841e-01
-1.646126448686141275e-01
-2.337874443024064441e-01
-2.095135458706540721e-01
-2.410551771586733061e-01
-4.223404190252009333e-02
-2.922806760311104715e-02
-4.224219361971972425e-02
-2.762035785716821998e-02
-4.420974795109011007e-03
4.031807028882064374e-03
-1.203023768214067785e-01
-1.300321695353162388e-01
-2.854856251586030957e-01
-2.846663662401732187e-01
-2.859858863521998473e-01
-2.208052635073275982e-01
-2.461528333334852062e-02
-1.235813771600861588e-01
-2.432334717122902334e-01
-2.418879059824987909e-01
-2.483988342104226643e-01
-1.298057093783501481e-01
-5.943137039403852823e-02
-2.793162661612756670e-02
-1.329875369967952262e-02
-1.643436013895453740e-02
-1.419883964056212027e-02
-1.818874587349512614e-02
-2.245769752945259157e-02
-2.566812156553163402e-02
-1.282336014418384261e-02
-1.237609212055836710e-02
-2.893059037368434505e-01
-2.180096921299175816e-01
-2.218900738849184096e-01
-2.179901548741134953e-01
-2.539597647522889856e-01
-2.520262223874250584e-01
-2.232513091250191428e-01
-2.206358811192442593e-01
-2.112906619516052575e-01
-2.257069703561999652e-01
-2.483248701466129194e-01
-2.508327552371766855e-01
-2.468884004867463178e-01
-1.976327686949725382e-01
-1.802682131077056604e-01
-2.797696684599910166e-01
-2.829081993076974499e-01
-2.472819837028773782e-01
-2.499872896079238238e-01
-2.461669006918207614e-01
-2.554661921876857922e-01
-2.638003230322907289e-01
-2.622826418269075255e-01
-1.683802310535140179e-02
-3.114747475362129869e-02
-2.359570628397650582e-01
-5.428727856463220341e-02
-8.603026434579486015e-02
-1.799070482585113651e-01
-2.747648303741830889e-01
-2.736850495923681681e-01
-2.723823100218983329e-01
-1.970280767764688301e-01
-1.842759855993081342e-01
-2.041054015439375258e-01
-5.251631718116121089e-02
-4.659707886925720799e-02
-7.583573625720577138e-02
-8.174568061514403405e-02
-2.718480808295534179e-01
-2.839715966033560246e-01
-2.825965399028162461e-01
-2.606777315200328182e-01
-2.480032967728010851e-01
-2.473216678887173170e-01
-5.706755591343674189e-02
-7.077909562631778950e-02
-2.050401688120364330e-01
-2.067001355363350390e-01
-2.414327119352537576e-01
-2.435759717393028989e-01
-2.220646316584724556e-01
-2.031448983195757729e-01
-2.689948553689520683e-01
-2.648500016100208132e-01
-2.302569139588568625e-01
-2.240789570582508439e-01
-2.760518362893270017e-01
-2.413380416471763990e-01
-2.450289970614053792e-01
-2.536110582932600277e-01
-2.450850897585482024e-01
-1.695434447933467231e-02
-2.947826409882392182e-02
-2.031945098793369250e-02
-4.022889659220309222e-02
-1.833966439265643025e-02
-2.258410780279937191e-01
-2.323404224270432528e-01
-1.961562501636742728e-01
-2.104005996089179376e-01
-2.020288061178445449e-01
-2.142155023400087732e-01
-2.184393075478763269e-01
-2.095479729031669847e-01
-2.133367501997946447e-01
-2.250705122746412268e-01
-2.192490946203795033e-01
-1.795596342049316230e-01
-1.928854617037867036e-01
-2.908961612914945927e-01
-2.887282102231695236e-01
-8.288500394754876044e-02
-1.641873243962224949e-01
-1.614877346373473910e-01
-1.387227872776315152e-01
-1.430906758883921659e-01
-1.358539370163934779e-01
-1.424887985592919459e-01
-1.285483460362088770e-01
-1.197171047887616163e-01
-2.854776539635435206e-01
-2.112284571578613712e-01
-2.083170135987305049e-01
-6.501476604083573918e-02
-8.159199061076105597e-02
-2.915491991321664811e-01
-2.889631009916826532e-01
-2.897664887022041724e-01
-2.207197841515576853e-01
-2.256337440422094831e-01
-2.056985152283796470e-01
-2.080292856772296972e-01
-1.891983572870029745e-02
-8.357780527891040326e-03
-7.191281896721616121e-03
-9.073915835424993179e-03
-1.258076656222996761e-02
-1.168541624907350196e-02
-2.235917305870660857e-03
-9.367233317330130038e-03
-1.346857030342223094e-01
-1.250484867067416517e-01
-9.925089934659852772e-03
-2.310803327622209385e-02
-1.778883730195782858e-02
-2.791812087713008150e-01
-2.777500322593898785e-01
-1.596601001099707540e-01
-1.728130853683849943e-01
-1.635341434505635516e-01
-1.568140295867594125e-01
-1.828051096699643274e-01
-1.855459359146957032e-01
-2.844343703675209500e-01
-4.418779567899740190e-02
-6.253810577105406443e-02
-4.367720135358921230e-02
-4.558112106796459451e-02
-2.464824987866635897e-01
-2.493088907836103763e-01
-2.360723365089439918e-01
-2.399613844406768282e-01
-2.750603757314398767e-01
-2.730589250319236383e-01
-2.515452765166393753e-02
-9.549935767720209301e-03
-1.505146055558127631e-02
-4.578605529207708386e-02
-5.954786585261503951e-02
-6.981951643316748612e-02
-2.787238033403603432e-01
-2.777738508585520516e-01
-1.253678928999057973e-01
-1.388793403883222255e-01
-2.457121865551811224e-01
-2.434960845651343297e-01
-2.523165686880911585e-01
-2.357913667248079936e-01
-2.389637301354896881e-01
-1.648269672666478891e-01
-1.555037731521854982e-01
-2.740039390631023863e-01
-2.797985335188510336e-01
-2.718152620781620343e-01
-2.696249867047519899e-01
-2.635905189504169077e-01
-2.931586980141259180e-01
-1.500849160150188877e-01
-1.325682627611824982e-01
-1.136959129409418831e-02
-4.113140036284288620e-02
-2.477252146508348088e-02
-1.123836029481646917e-02
-1.300262164621020407e-02
-1.070920306938884514e-01
-2.415803901521493824e-01
-1.193031934828705509e-01
-1.042067922563580523e-01
-1.259743894324876490e-01
-2.544761668128349696e-01
-2.565477840390505415e-01
-2.786549404353835802e-01
-2.761771225041346756e-01
-2.764814673422735236e-01
-2.399250732647161266e-01
-2.441565616520325888e-01
-2.509479442420521345e-01
-3.027397619658833000e-02
-5.021936776171727346e-02
-3.155393615903413773e-02
-1.099727433464794610e-02
-2.416415930092063735e-01
-2.546576395149822702e-01
-2.552765190267000106e-01
-6.682863994699388133e-02
-3.553979290867444879e-02
-4.187116633550065636e-02
-4.588783811971394733e-02
-2.813171914468020132e-02
-3.801718046558856534e-02
-2.462581753311637867e-01
-2.512275400069023945e-01
-2.389983143238731955e-01
-1.051190511811780359e-01
-8.209171182648900000e-02
-1.640456324461404825e-01
-1.867608386598696157e-01
-1.998147568275288888e-01
-2.088837794796905845e-01
-1.317460775709608511e-01
-1.150077701680684988e-01
-1.569887128505683405e-01
-1.494428576503952499e-01
-1.585469589428247783e-01
-2.684208308628934225e-01
-2.767929389619664948e-01
-1.172049113398923453e-01
-8.565868494093671626e-02
-6.754352445232827962e-02
-2.431045194207233015e-02
-1.209662092012990867e-02
-1.675582507710177693e-01
-1.466614876872441853e-01
-8.887189958637223275e-02
-3.456833567255972184e-02
-1.630934482440082531e-02
-1.559332810821392745e-01
-1.785165323262024872e-01
-2.045155354608907405e-01
-2.100235027690247613e-01
-4.820998073937752398e-02
-6.156216423184865394e-02
-8.700919089751549262e-02
-9.515716778743768534e-02
-1.052654773213999306e-01
-1.073789957657683702e-01
-1.496224077325067903e-01
-1.475893906385647436e-01
-1.452643806101094059e-01
-1.229240926942438278e-01
-1.273958050331332470e-01
-1.110980398788064122e-01
-2.299784890313382457e-01
-2.399114672095034317e-01
-2.157306117632346310e-01
-1.673109849983836217e-01
-1.597740281535427742e-01
-1.744504153753780040e-01
-1.052850763097398501e-01
-9.978446174839401828e-02
-1.328309173135969468e-01
-1.202607783117222613e-02
-2.395455048869224099e-02
-1.577990465081363647e-01
-1.562140314427526988e-01
-7.442771982439774781e-02
-4.988679721217126328e-02
-2.379756819033335691e-01
-2.258490818468062988e-01
-1.413180839145611323e-01
-1.297471420413230381e-01
-1.115128752271929286e-01
-1.280562508038783631e-01
-1.701606561640285897e-01
-1.617927597993210342e-01
-1.597219096967449903e-01
-1.605683242610886907e-01
-1.549439100241905565e-01
-1.405151417119716306e-01
-7.022991757764250609e-02
-7.250415635382978508e-02
-7.482962168005855008e-02
-1.707957097855964945e-01
-1.769457432170609690e-01
-1.711645124470528578e-01
-1.678777155673573385e-01
-2.417369222405749418e-01
-2.200811070570155570e-01
-6.946140003027109766e-02
-3.581770343987848021e-02
-2.484239086289213513e-02
-2.788749389384111432e-01
-1.096981952814813366e-01
-9.183435243193073527e-02
-2.431617607510919155e-01
-1.017697050985324342e-01
-2.897921526467223119e-01
-2.910112026922915818e-01
-1.029277522857624388e-01
-2.256272838082901688e-01
-2.294502367561594147e-01
-2.226337298469821813e-01
-2.874733764525312374e-01
-2.810919315596072665e-01
-2.759066965136429683e-01
-3.804239274393024506e-02
-2.901982822666545059e-01
-2.872913306592738691e-01
-2.539693523616243787e-01
-2.643133648116839374e-01
-2.693188328640176432e-01
-2.627821404959144180e-01
-1.992900709156441019e-01
-2.097954898990600781e-01
-2.595608690000063556e-01
-2.649367300246928680e-01
-1.793420939389794300e-01
-1.821163865362508127e-01
-1.445472074341497826e-01
-1.550332327462817794e-01
-3.147821414446397206e-03
-2.092319954435988699e-02
-2.082888488092049864e-02
-1.868795694615694447e-01
-1.899950156025656256e-01
-6.504009710638537431e-03
-3.813752169056760372e-02
-2.057329051661065805e-02
-7.482034949307420080e-02
-6.751212532879546924e-02
-4.672209335059165219e-02
-8.365063928742506871e-02
-6.524819717947888398e-02
-2.440126194889846445e-01
-2.409604943158954460e-01
-1.395946552930692475e-01
-1.492258985538951199e-01
-1.203684997962974623e-01
-1.019927000032365694e-01
-6.290329485591065507e-03
-7.418455051580065407e-02
-4.952667544113990156e-02
-3.097829739933044557e-02
-4.809505085720160167e-02
-2.134492182436726476e-02
-2.755424185914492896e-01
-2.519665712028482663e-01
-6.376606437254525583e-02
-2.931625305386301727e-01
-2.920086542584021116e-01
-2.937784495030889009e-01
-1.052135045329144064e-01
-1.150539752014666656e-01
-1.155440228852407658e-01
-2.553524238192828033e-01
-2.554358444786683502e-01
-1.421179141098767029e-01
-2.694921774434639317e-01
-2.732294918114331894e-01
-9.813126465228665107e-02
-1.146105942429355706e-01
-1.064352225076467401e-01
-8.442067589126264759e-02
-3.774432825734647806e-02
-5.848068292174465194e-02
-4.360813386814751252e-02
-5.311128599405397221e-02
-4.009553239223483806e-02
-1.064946480211439450e-01
-1.158408283870965561e-01
-7.513701773376420257e-02
-6.845513339655616425e-02
-2.196873747987718728e-01
-2.237152772673431655e-01
-2.351640976335554467e-01
-1.295316078403934978e-01
-1.425285753962977908e-01
-1.620490016943353373e-01
-1.550179674574070632e-01
-4.555486584922818077e-02
-5.092160861134836791e-02
-2.417713410806078267e-01
-2.431008587594212234e-01
-2.428022561606286434e-01
-2.317771395582025329e-01
-2.278800684250351094e-01
-2.807896355304940195e-01
-1.525341710408245448e-02
-2.824049173062458465e-02
-2.205125610094586797e-02
-1.873959974042025134e-01
-1.960220938095139365e-01
-1.961848210668852288e-01
-1.959757794098750394e-01
-1.443868397016652705e-01
-1.341374573673938808e-01
-2.520171656252844783e-01
-2.592631799871113474e-01
-1.114633215235335678e-01
-2.918455046278633502e-01
-2.926394507874901518e-01
-2.493628639390632340e-01
-2.529604185651977422e-01
-2.897999161581828881e-02
-6.341660057461406819e-02
-7.544230211871348624e-02
1.985052193909201800e-03
-1.425814067195795010e-02
-2.079289456810676784e-01
-2.022876152644392800e-01
-1.968653148437181921e-01
-2.080186796146835937e-01
-5.534570411058044315e-02
-8.673006062263541316e-02
-7.098700050279592444e-02
-8.542709391907431227e-02
-1.150070415301225057e-01
-1.093554622035152468e-01
-1.182633111432133538e-01
-1.128841080973451844e-01
-2.222378664062963638e-01
-2.201241216392424704e-01
-2.566568439465071183e-01
-2.469336540833065585e-01
-2.421117897781488448e-01
-2.456791217869449540e-01
-9.987268898226839275e-02
-1.115564937985591698e-01
-1.008197979858414250e-01
-1.033516086200444301e-01
-1.114986769276446327e-01
-9.985158397960007537e-02
-1.153206743624617808e-01
-1.112354433034326295e-01
-1.407366621761176606e-01
-1.428583760372416078e-01
-2.360732089269254874e-01
-2.393250967334308588e-01
-2.352645660122328342e-01
-2.490732077738448402e-01
-2.615053004789207880e-01
-2.580333442082138329e-01
-9.046421561648268495e-02
-6.422272521963806602e-02
-1.953124038071478441e-01
-1.931497653939905079e-01
-3.672204754804284099e-02
-2.325015675032360285e-02
-2.899016177888884549e-01
-2.879043300855456122e-01
-2.910511390578494062e-01
-2.143959786104404977e-02
-9.442584123020096587e-02
-1.019921058772241818e-01
-5.934617083497061713e-02
-5.238521773968336792e-02
-1.821165874445856980e-02
-2.410683674716656427e-02
-2.530195451768752490e-01
-2.881708421503947903e-01
-2.907474381215852111e-01
-1.753950625602918312e-01
-1.809078180822644710e-01
-1.623939359287008832e-01
-1.386637387567744018e-01
-1.498211389753675016e-01
-8.681253598816345007e-02
-7.381713726452399094e-02
-5.503531475868052997e-02
-5.448277710938188856e-02
-1.951435570747734466e-02
-8.740239465108396583e-03
-2.094328287684955187e-02
-1.404964961356226782e-02
-2.544995714685074906e-02
-2.567541477662066765e-02
-1.700768125276595419e-02
-1.865018927568373730e-02
-9.369436229280907191e-02
-9.381653456012244152e-02
-9.261011849210853963e-02
-9.447773696415925904e-02
-2.517343866969454225e-01
-2.479469066881344608e-01
-1.696174820138452999e-01
-1.704046895765469194e-01
-2.613879378516239527e-01
-2.569901385694823848e-01
-2.020572614446521087e-01
-2.173720190660332341e-01
-4.952756852714471081e-02
-5.614393580115541182e-02
-1.399076312189684590e-01
-1.541438511853351345e-01
-1.599863831224566380e-01
-1.734307649250216576e-01
-2.547041645821288003e-01
-2.617471690777415927e-01
-6.006167517432736691e-02
-1.292953787838372892e-01
-1.976214603182326057e-01
-1.914633064303001009e-01
-2.000320827313013250e-01
-1.810270642928227536e-01
-1.790147151074233944e-01
-2.837983961126739896e-01
-2.906824622890709364e-02
-3.035834378250427262e-02
-2.956966668154585587e-02
-5.304596429795496032e-02
-2.991434788712015597e-02
-2.972584116649054295e-02
-8.062142468454443212e-02
-6.161404723751059270e-02
-1.067359769308908052e-01
-6.293268031835166920e-02
-3.400721636351830557e-02
-1.774172015491009557e-01
-1.872876842985170820e-01
-8.285716800086976100e-03
-2.164910585621133698e-01
-2.246564761882011985e-01
-2.058454869389142738e-01
-1.931708988117243342e-01
-2.041498561559680625e-01
-3.793251058982528845e-02
-5.028038096028211723e-02
-4.388695012384512262e-02
-6.427708471108278809e-02
-5.363901312229165524e-02
-1.228663476491759499e-01
-9.396294897125437307e-02
-1.198987244388831641e-01
-1.012950995520645880e-01
-2.209110114804079261e-01
-2.331556873407531760e-01
-2.739245500518492360e-01
-2.750281835849889278e-01
-1.114498942357965983e-01
-1.223732405008154805e-01
-5.008215423824816798e-02
-2.788646256925925854e-02
-2.579761494875138991e-02
-2.099172516578157524e-02
-4.782638130441512619e-02
-2.751626050795647968e-02
-1.101051665227501392e-01
-1.257424826458000966e-01
-2.653500028252995246e-01
-2.089245507817036884e-01
-2.196389530490368003e-01
-1.031010558692725398e-01
-1.093183973087104577e-01
-8.692127064323131036e-02
-9.800664102142285505e-02
-1.882054943862714325e-01
-2.025656591867688872e-01
-2.066476028115513675e-01
-2.052705547446317946e-01
-1.939669621710986280e-01
-2.195585655617216317e-02
-1.408032418495505297e-02
-2.685778786389739214e-01
-2.714208824171251977e-01
-7.314066907891095259e-02
-6.894711577779018274e-02
-1.495017603812578977e-01
-1.508360785021157779e-01
-1.600398952521521201e-01
-1.453416095965613664e-01
-2.778429510097486510e-01
-2.838619707973653039e-01
-2.309446070172808951e-01
-2.260056392631022149e-01
-2.315837076430773134e-01
-2.302461037139157674e-01
-2.199114568827003624e-01
-2.176211535534028352e-01
-3.057009431658450072e-02
-1.409483125108729196e-02
-1.491354785593565664e-02
-1.702980744332253243e-02
-2.843481385364290959e-01
-2.820407571872555197e-01
-1.141328259229885400e-01
-1.132039735130444258e-01
-9.544474457686547009e-02
-1.103865108650645133e-01
-9.935547657015010581e-02
-1.015208584648869539e-01
-1.102249922195268350e-02
-1.700299998446930597e-02
-1.254297609733623919e-01
-1.415267772046544248e-01
-1.160509052278440312e-01
-3.407106352220283345e-03
-1.129062342067888546e-02
-1.626729304566187223e-02
-1.736951184089763692e-02
-1.980873703504882483e-02
-2.111073779326282096e-02
-5.475556048227590671e-03
-8.323348667552441654e-03
-4.758901663667054749e-03
-4.733684477955271870e-03
-9.861591416081019745e-03
-4.696576943006934741e-03
-2.688069730599431106e-01
-2.846728337076528392e-01
-2.864674685517889507e-01
-2.820942201489129997e-01
-2.871656201012420806e-01
-2.922186139227723189e-01
-8.361392823303556709e-02
-9.094484351374153286e-02
-5.584153261045637223e-02
-5.630599831377263581e-02
-2.718127815001363801e-01
-2.682129665257511619e-01
-1.436006310247286422e-01
-1.392295347537527428e-01
-2.574797784227508823e-01
-2.650443890836885474e-01
-2.852532016879299470e-01
-2.858839147616369925e-01
-2.380015196639608671e-02
6.714623223570778503e-03
-2.807992615755224297e-01
-2.799002755234866191e-01
-1.175724467955381047e-01
-2.962340840289933164e-01
-2.958662657555993225e-01
-2.960610537729679859e-01
-2.962954909748824472e-01
-2.945267952120756427e-01
-8.261970196566034708e-03
-2.632521035063631332e-02
-5.154521044784086958e-02
-7.344176934831637971e-02
-6.638943023061329163e-02
-2.828314186302267053e-01
-2.861601376270478392e-01
-9.334712425859042692e-03
-4.461298698373264426e-02
-7.694974839572717162e-02
-9.098648502364969914e-02
-1.808187089058695962e-01
-1.799998510717823741e-01
-2.741920488442719378e-02
-2.209487140683774262e-02
-9.622895481030381559e-03
-9.187016110051548709e-03
-1.131690344185466018e-01
-1.002143855859602001e-01
-1.572805574197135292e-01
-1.458489159489015363e-01
-1.713066140968977635e-01
-1.816326001464080298e-01
-1.095816686252796407e-01
-2.583558746560863859e-02
-2.809743653055041257e-02
-2.798624605647587194e-01
-2.832628879000524402e-01
-2.917016209705505791e-01
-2.813638218212891062e-01
-2.856696860601346533e-01
-8.527757178755692932e-03
-2.803518536064874001e-01
-1.347989879695251358e-01
-2.589368977014733231e-01
-1.859834045393005675e-01
-1.832734044228462034e-01
-2.436977201056197972e-01
-2.404392194811586780e-01
-1.888383140518387349e-01
-1.722556722761613701e-01
-1.754496433056040861e-01
-1.364177749788066663e-01
-1.294233094839395970e-01
-1.655071705428621531e-01
-1.527635677318111562e-01
-2.327610731213747286e-01
-2.222198972329696987e-01
-2.772093985499297641e-01
-2.908437308462191173e-01
-2.930966335526556388e-01
3.683140129037405439e-03
-1.412691219884715521e-01
-2.490403865889737889e-01
-2.387559657675132618e-01
-2.735693880388601062e-01
-2.761898782268302210e-01
-1.691884204955358961e-01
-1.468151043827551350e-01
-2.448463998343455295e-01
-8.513253580874459436e-02
-8.268175651203225895e-02
-9.892107556945559099e-02
-2.446355250162488837e-01
-2.482330768479458216e-01
-2.084191477668638215e-01
-3.894306993234638442e-02
-2.919049016741729133e-02
-2.093030079958512479e-01
-1.544787420277911050e-01
-1.351760067164188006e-01
-1.519278798939192598e-01
-1.179574397248458889e-01
-7.938079565644148849e-02
-2.944844822053566125e-01
-9.629322307630225342e-02
-7.589838107911896226e-02
-9.922639182723036466e-02
-1.247205254521308454e-01
-5.001841157712471481e-03
-2.186981832568196116e-01
-2.173436725530953351e-01
-1.918610438976740551e-01
-1.920058627799440809e-01
-1.479067438360257003e-01
-1.552939677582768629e-01
-1.672994070587443816e-01
-1.725541259566479024e-01
-1.751178824142197166e-01
-1.818637226118683670e-01
-1.232487869530010244e-01
-1.179291827503954060e-01
-2.689078424138232060e-01
-2.657237498298239409e-01
-2.090474294357834439e-01
-1.987427983557714939e-01
-6.419229417835850549e-02
-1.075416841100947651e-01
-4.493559886021741140e-02
-1.431072842691986750e-02
-2.014374388393394208e-02
-1.596790613080594223e-01
-1.541667112647939208e-01
-2.853637083111964512e-01
-1.368447256841256732e-01
-1.150221270100717647e-01
-9.075621457443773521e-02
-5.504753873199769165e-02
-9.827158386991588501e-02
-5.964041393752462367e-02
-1.834725267435469848e-02
6.757995192180029417e-05
-1.844401900151785290e-01
-1.535816414096252969e-01
-2.676693867861027476e-01
-2.763180958072108395e-01
-2.225746387193514031e-01
-2.223174662036236093e-01
-9.671580250836002424e-02
-1.021966674097830180e-02
-1.718723794814498718e-02
-2.244601700268904904e-02
-2.330195611896093144e-01
-1.360082197665176962e-01
-1.449770994607414987e-01
-2.486615390815633264e-01
-1.146763839569545779e-01
-1.220118131804660833e-01
-1.507482987247704964e-01
-1.377072939928693784e-01
-2.822114241641478505e-01
-2.790258744009531111e-01
-8.425378860017217197e-02
-1.191331728452628969e-01
-1.952771166157723781e-01
-1.740252319959781913e-01
-2.327541399794547106e-01
-2.203263628905855753e-01
-2.145215971130801091e-01
-2.108113949582410829e-01
-4.723775262739021014e-02
-1.584372859584930182e-01
-1.645270831083040508e-01
-1.670207419492753254e-01
-1.548174157481862490e-01
-2.707468522304021241e-01
-2.191678279503321558e-02
-8.595166517959310429e-03
-1.455046829103862904e-01
-1.255857481502425932e-01
-5.235053002328033528e-02
-2.099057191092060584e-02
-1.706960869297610428e-01
-1.817946205479913646e-01
-2.501480845308023948e-01
-2.814975306083202233e-01
-2.763605518529877458e-01
-1.651357700255065286e-01
-1.813903681066416362e-01
-2.694157313987592950e-01
-1.287472250879970193e-01
-1.262886469103097209e-01
-1.575881095503332829e-01
-1.556802035571679954e-01
-2.349791620582044327e-01
-1.128295480771750459e-01
-1.019767576873040066e-01
-1.005834938783291138e-01
-8.275840660983507791e-02
-2.382224245524507400e-01
-2.342694730968925554e-01
-2.475649379748979806e-01
-2.401805925054368018e-01
-7.805071389761651657e-02
-6.180981183703138093e-02
-7.096548518708790942e-02
-5.855997574182488646e-02
-2.311637310726363803e-01
-2.267731080968649893e-01
-2.516890236111197776e-01
-2.392494094970376572e-01
-8.933931801892923408e-02
-2.545899286652645310e-01
-2.578223121812517338e-01
-3.231591900942610424e-02
-6.032203597884627094e-02
-2.165046817408609603e-01
-2.267069181457166960e-01
-6.299263442184416251e-02
-6.210353912058585307e-02
-3.335871656264369212e-02
-1.843359468082706246e-02
-3.781420467126118956e-02
-2.809743515956439688e-02
-5.021236431961637742e-02
-5.673482196014460049e-02
-9.460345125745235617e-02
1.979616796831870900e-03
-2.669941686938432854e-02
-1.606578453656150041e-01
-1.601473173545041595e-01
-8.741528882092670927e-02
-1.488990375056284954e-01
-1.297560225084628260e-01
-1.246480146852139287e-01
-1.354630585314099411e-01
-2.340952257601965625e-01
-2.385430135543321062e-01
-1.976223772418291350e-02
-1.527135020404113419e-01
-1.842596405163907380e-01
-1.956823262487099868e-01
-2.053973570293287920e-01
-2.034660284536728425e-01
-1.891198422204823371e-01
-1.865910386368173635e-01
-1.828798520493337409e-01
-4.942176032659486608e-03
-5.488573186083449407e-02
-1.877344517973372762e-01
-1.774728656309781660e-01
-6.382174805741078205e-02
-2.126853508378175051e-01
-2.136855077064656883e-01
-2.432979354596123966e-01
-2.525413461214250366e-01
-2.585212684035152475e-01
-2.615229471872165257e-01
-2.178181818218236643e-01
-2.058961880467497785e-01
-7.231916835230127460e-02
-4.031232191763150369e-02
-2.694451388852190932e-01
-2.653273494758478512e-01
-1.963057570618104986e-01
-1.995359869245910689e-01
-1.157356836168742797e-01
-4.610605200515550256e-02
-4.880167971014749695e-02
-1.649743166465820476e-01
-1.868794127321385112e-01
-1.133323937926926650e-01
-6.922719794793597003e-02
-1.442134329871812282e-01
-5.788620416088254526e-03
-2.604495777529413636e-01
-2.557574025808976859e-01
-1.330165516577571927e-01
-1.773748044279684910e-01
-2.191095805599318214e-01
-2.776074916935901138e-01
-2.354617572183479446e-01
-2.291566240337493954e-01
-1.211854080315226123e-01
-1.023307038648756523e-01
-1.078845463102034580e-01
-1.375756645685247692e-01
-2.952739251782016128e-01
-2.966786776658464908e-01
-8.896812883210544753e-02
-8.887432434357660227e-02
-5.588510550015980682e-02
-3.413017443338194068e-02
-1.697983365001185241e-01
-1.784078976179837295e-01
-1.747865860458368281e-01
-1.619696550947219982e-01
-2.259254894225783961e-01
-2.185792148720991090e-01
-6.770729740802056140e-02
-4.881989212290657049e-02
-1.600216502042844380e-01
-1.513251837442945169e-01
-2.436721974000571611e-01
-2.398316615437907640e-01
-2.484284103877015815e-01
-5.521460714426017907e-02
-2.842069394157462625e-01
-2.846315879427012141e-01
-2.186584914713917138e-01
-2.112356990306717697e-01
-2.155926847472914298e-01
-2.169464000906559664e-01
-6.029608365498642653e-02
-3.974578571920562436e-02
-1.791475766770305733e-01
-2.104750153222606501e-01
-2.103873012371843265e-01
-2.110098458336760185e-01
-2.193556577601857849e-01
-2.116812358412966388e-01
-2.186698592685885345e-01
-2.041258698151122986e-01
-2.101032474130576644e-01
-1.958963871826717718e-01
-6.969880446327511581e-02
-8.636951827457320374e-02
-6.070365654502656722e-02
-1.038607906546808873e-02
-2.169370675729435233e-02
-1.050646871902370834e-02
-4.127671146838500851e-03
-7.768504442605186910e-02
-6.461675525561892675e-02
-2.790907255860130068e-02
-8.224162072800664247e-02
-5.871919227485185300e-02
-2.037272942817379695e-01
-2.806242255051317747e-01
-2.399475421916397733e-01
-2.024797349103802171e-02
-1.594807765282541812e-01
-1.484686879132791348e-01
-1.198708062022165732e-01
-1.081004360298097877e-01
-2.034000905520357838e-01
-2.698451445656218639e-01
-2.748051095139407707e-01
-6.399936152476359830e-02
-5.215361903900979368e-02
-1.109843004698334162e-01
-1.094870303672307449e-01
-2.822892050291619381e-01
-2.222067755017970159e-01
-2.680825966896194928e-02
-1.171601266169833705e-01
-1.970100620836456318e-01
-1.771905263928814367e-01
-9.735141851905024929e-03
-9.145292546108869935e-02
-7.401748792891207906e-02
-7.203866934539845945e-02
-1.183090739828193128e-01
-1.225723003069529859e-01
-1.226354584240621909e-01
-1.315211662387201497e-01
-2.470704802468616790e-01
-5.680120561099153559e-02
-6.729641981816500418e-02
-2.743106776804689617e-01
-2.342679306200771416e-01
-5.501493148648204518e-02
-7.030158913223751027e-02
-2.756349180914538510e-01
-2.760419943356699490e-01
-4.269252542674854822e-02
5.266794017009269850e-03
-6.151586606286776893e-02
-7.832641488478371550e-02
-1.711258460736293507e-01
-1.613684445617539764e-01
-1.526642423535455317e-01
-1.397239711373585991e-01
-1.500364349448326529e-01
-1.526332124248881705e-01
-1.017892093173878992e-01
-1.745846305691757527e-01
-1.793376416787927363e-01
-1.404881102202459875e-01
-1.540384301241386200e-01
-1.344261937456166789e-01
-2.183854325390938156e-01
-2.129976666401719732e-01
-2.169648319409335224e-01
-2.224495292965983084e-01
-1.423575423813532581e-01
-1.500439922428635775e-01
-1.301250774033179125e-01
-1.655356250017000486e-01
-1.742655255350431254e-01
-1.671264028916578104e-01
-3.583894646921498284e-02
-2.184132413412163617e-02
-1.030017863875311024e-01
-1.500602886482887144e-01
-1.824886220478625642e-01
-2.143708651815219232e-02
-1.177444534893451883e-01
-2.299675044508528443e-01
-5.954814864198556407e-02
-7.765010547295299326e-02
-1.245887978641437299e-01
-2.930282767184692605e-01
-1.730575944324228843e-01
-1.787292129168639165e-01
-5.373461752274168862e-02
-1.001852018234015013e-01
-7.634714054713427622e-02
-1.211627294353381373e-01
-2.841188898865704693e-01
-2.850006252291577002e-01
-2.848602684419052622e-01
-1.225060546423265423e-01
-1.959676508402301287e-01
-2.097988631238308921e-01
-2.066496591420846629e-01
-1.899945400358304393e-01
-9.280868444873160983e-02
-2.703942156721056422e-01
-2.685190445110026691e-01
-2.652017583296053527e-01
-2.637742170867936609e-01
-2.230629090518006785e-01
-2.241852020472195617e-01
-2.166522254591408403e-01
-2.350659191098872225e-01
-9.518703540528718199e-02
-7.143919179725730095e-02
-3.235064288473826072e-02
-1.737157556060843766e-01
-1.901650635212205620e-01
-2.714599867735750793e-02
-5.321812714248307791e-02
-2.122834969199214328e-01
-2.019200690063077674e-01
-1.853009999304683908e-01
-5.932173997401599466e-03
-1.632246276440411231e-02
-2.733676079278946625e-01
-2.752325017344953162e-01
-1.284750326957158351e-01
-1.141996313748950276e-01
-2.839151028741009886e-01
-8.125236832949390975e-02
-7.516976282366340245e-02
-1.029264442329116680e-01
-1.024830124759515682e-01
-2.124499157405050354e-01
-2.814243299398115350e-01
-2.547657700933496083e-01
-2.529496343076459985e-01
-2.612677175154827780e-01
-2.589158700943931524e-01
-2.647319214910471841e-01
-2.789001845034863591e-01
-6.211097692344628302e-02
-7.952623944425896152e-02
-7.550663967457192649e-02
-6.767833951027525663e-02
-2.023467609140452983e-01
-1.623193293852894514e-01
-1.536578806739749004e-01
-1.655015118772787952e-01
-1.741921873602118032e-01
-2.242195232621492229e-01
-1.809792721671541205e-01
-2.006718894882336401e-01
-2.056790598870574527e-01
-2.048770307374878086e-01
-2.135803439018819638e-01
-2.073894330765392313e-01
-2.718728330689885175e-01
-2.571212218776493686e-03
8.663783316440377849e-05
-1.421194349946299992e-02
-1.518304469174236622e-02
-2.781626978119542404e-01
-2.797751057012748954e-01
-2.785412752014928550e-01
-1.777837130847832181e-01
-1.330746782599650235e-01
-2.778376389633089305e-01
-2.792764019095484995e-01
-2.840911943458916400e-01
-2.820676969370707332e-01
-2.299070803116806394e-01
-6.043753184528920935e-02
-6.729685856396042110e-02
-7.672106310823940956e-02
-2.952987633877165452e-01
-2.930877390475817856e-01
-2.095885826909317518e-01
-1.776551326868317793e-01
-1.811678778527400502e-01
-2.098324088896193762e-01
-2.229650737967683871e-01
-2.160753819975166079e-01
-2.077745631324907916e-01
-2.710317495210647909e-01
-2.673066259333597983e-01
-2.764271986609301845e-01
-2.212320214872421642e-01
-4.086482764802372436e-02
-2.669813325396344639e-01
-2.744342174501027687e-01
-2.815950193282087954e-01
-2.855509936155828377e-01
-6.300982243697853674e-03
-1.089837852513117575e-03
-1.300935171577505267e-03
-2.455310637725306635e-03
-2.579698965870866334e-01
-2.784564319931772669e-01
-2.743692501167358522e-01
-2.321696546556547280e-01
-2.306904074115218861e-01
-2.620879177499591539e-01
-2.544244595393259090e-01
-2.666871589631142347e-01
-2.732150515956143777e-01
-1.891902056085096873e-01
-2.019578540405355116e-01
-2.574739591308465303e-01
-2.159560850977938207e-01
-2.271546741254190371e-01
-7.448404123765751950e-02
-6.056927130888851291e-02
-1.732802112604552303e-01
-1.836539944565891702e-01
-2.795336813015800725e-01
-2.737669706341123166e-01
-2.840840417350418146e-01
-2.351853194335907227e-01
-2.360575349078355700e-01
-2.581233667348659111e-01
-2.609729403446756080e-01
-2.385709014428083474e-01
-1.869102074101547939e-01
-1.918570718665354446e-01
-2.578991732718890484e-01
-3.817255153861351478e-03
9.612576025541975933e-03
-2.015667464219759314e-02
-2.357377245682353017e-01
-9.618321212541651802e-03
-2.936714447181589804e-01
-2.722283763164103365e-01
-2.234493281920975072e-01
-2.292736611273126224e-01
-3.677811126848785223e-02
-1.582215398225225722e-02
-2.194395250430285216e-01
-2.340640489698486149e-01
-2.680801163208337834e-01
-2.089942114750571473e-03
-1.785014734233927175e-02
-3.935471698644237015e-02
-4.933099542990779934e-02
-2.334863711783311535e-01
-2.341413113144428515e-01
-2.311199975312765442e-01
-2.930609387340830096e-01
-2.806074045237190173e-01
-4.545690509901635472e-03
-7.445125885714574086e-03
-2.215710919959787417e-01
2.413775693995993000e-03
-1.345600055869649626e-02
-2.704454899853281531e-03
-4.018733625141768240e-03
-2.000727995032724194e-01
-3.074247681954776421e-02
-3.643734936808756819e-02
-2.914264537250095266e-01
-2.319491407682291173e-01
-2.247828232083168010e-01
-2.772774721153851152e-01
-2.715575172817585869e-01
-2.798339496950321692e-01
-2.803644603590192963e-01
-2.235679798626095671e-01
-2.819821727205292228e-01
-2.816242073132402823e-01
-7.025424684440478851e-02
-8.853497063048397508e-02
-2.605709088373147631e-01
-2.895559351841218709e-01
-2.314951408785185238e-01
-1.462916323926850143e-02
-9.016387639310827207e-03
-5.095333680673986426e-03
-1.868154557566553339e-02
-7.659444319938655925e-03
-5.798367264657844702e-03
-5.737102223799135647e-02
-2.338388962161979112e-01
-2.713273022762002218e-01
-1.941274005639656020e-01
-1.703140274353590611e-01
-2.050370193360336324e-01
-2.639473726355514790e-02
-2.086069686250167365e-01
-2.130919816732747829e-01
-2.014916109890139417e-01
-2.210020762327443433e-01
-2.189900824912359156e-01
-1.719304562333236197e-01
-1.650866922561223249e-01
-1.238215677574394796e-01
-1.239905965405925098e-01
-2.021565767058597016e-02
-1.571687266261859867e-02
-3.943130692405646259e-02
-6.469061158194362726e-02
-5.461504508262900182e-02
-1.328601276602770220e-01
-1.381025415287774338e-01
-1.440298601375862020e-01
-1.505060901135771567e-01
-3.801885278064741358e-02
-2.873324109501377843e-01
-4.498003486553812415e-03
-1.096458602931831700e-02
-2.283813722601192846e-03
-3.938279958972309806e-03
-1.252610014899844804e-01
-1.108803101249972306e-01
-2.091810972130536961e-01
-1.422476033084149605e-01
-1.337679700050967979e-01
-2.782198638232084575e-01
-7.790488536934961350e-02
-5.024573940823662266e-02
-2.582774172152739189e-01
-2.083581229947491509e-01
-1.795806353162043012e-01
-1.770577218773864425e-01
-1.149013578152194154e-01
-9.052161169316680356e-02
-2.641358897398335404e-01
-2.724822632508502873e-01
-8.629443791759042193e-02
-7.913790708969591081e-02
-6.167502062712174049e-02
-5.390718551504589812e-02
-2.935031726696363807e-01
-2.162367605677386062e-01
-1.133063424456367124e-01
-1.500589621724623957e-01
-1.565082654727582567e-01
-1.425330001835173610e-01
-1.357958413961634081e-01
-2.712020575236336883e-01
-2.143188289316758366e-01
-2.787750805086384731e-01
-2.059989922982547461e-01
-2.956525793516752709e-01
-2.912589800524885766e-02
-2.242622053120926218e-01
-2.191089876638701306e-01
-2.251878729331817375e-01
-2.127239704715592206e-01
-2.192136106732043010e-01
-2.216626297115283639e-01
-2.138832714792324174e-01
-2.114848120362697315e-01
-2.769482217897058507e-01
-2.774715534325411515e-01
-9.464279404134660900e-02
-2.749874088631237279e-01
-2.753323097128441699e-01
-2.764142187850525678e-01
-1.116828803861448366e-01
-1.790168293886121309e-01
-1.859951612349118322e-01
-1.631205928177392739e-01
-1.679056919030124662e-01
-1.699948198509379227e-01
-1.667139689505116595e-01
-2.832345187196379510e-01
-1.240828994266259255e-01
-1.440382332767073115e-01
-2.051116098206692828e-01
-1.905584808607689584e-01
-2.791273764770314525e-01
-1.670621126573733628e-01
-1.393494560083073652e-01
-2.748788810649004377e-01
-1.052081758952204543e-01
-1.208094814762151331e-01
-1.297449880332695593e-01
-1.636028721312883863e-02
-1.527427741507515202e-01
-1.454594422723549385e-01
-2.288608741477806408e-01
-2.297075174163772937e-01
-1.327659064808355827e-01
-1.751731857620479615e-01
-1.253185613293169853e-01
-1.699718696882928648e-01
-1.673654945331259913e-01
-2.005173105765643560e-01
-2.587787041171404900e-01
-1.011591265522987920e-01
-6.309225924338866809e-02
-9.522778668585502038e-02
-1.463995602968227172e-01
-1.430061613139083643e-01
-2.942304775197494560e-01
-2.930800096857472115e-01
-2.932826512967575683e-01
-8.664443439130140034e-02
-6.951351589024587496e-02
-2.905266214084498699e-01
-6.866974971894485025e-02
-1.385379590575818720e-01
-1.478833288793107992e-01
-1.785081596037128016e-01
-1.412280173699533570e-01
-1.100195283963457255e-01
-6.985476670062987226e-02
-2.705191151081020595e-01
-2.707735222735004887e-01
-2.771737091427746158e-01
-5.201310909088800033e-02
-5.974263433621071484e-02
-2.780408266445430487e-01
-2.738437290210647412e-01
-2.684886618683593462e-01
-1.058362057003494477e-01
-6.625933470835441985e-02
-2.934099475299183912e-01
-2.774102930284885193e-01
-2.716408896138379214e-01
-2.733731079890521221e-01
-2.838888239901878885e-01
-2.952161099578079484e-01
-2.943213920733389055e-01
-2.895610092393061663e-01
-8.723608661750201221e-02
-2.634491233417989853e-01
-2.793552533969095863e-01
-9.429441689363082454e-03
-1.010676907094697208e-02
-1.653093233502168566e-02
-1.552849218238138568e-02
-2.924066257566085292e-01
-1.460004400940606295e-01
-2.228697179518727700e-01
-1.853579643915166109e-01
-2.645448569800961658e-01
-2.782904328572837760e-01
-2.319623628919243175e-01
-2.343899944857574524e-01
-1.717306578037956499e-01
