0.000000000000000000e+00
0.000000000000000000e+00
0.000000000000000000e+00
0.000000000000000000e+00
0.000000000000000000e+00
0.000000000000000000e+00
0.000000000000000000e+00
0.000000000000000000e+00
0.000000000000000000e+00
0.000000000000000000e+00
0.000000000000000000e+00
0.000000000000000000e+00
0.000000000000000000e+00
0.000000000000000000e+00
0.000000000000000000e+00
0.000000000000000000e+00
0.000000000000000000e+00
0.000000000000000000e+00
0.000000000000000000e+00
0.000000000000000000e+00
0.000000000000000000e+00
0.000000000000000000e+00
0.000000000000000000e+00
0.000000000000000000e+00
0.000000000000000000e+00
0.000000000000000000e+00
0.000000000000000000e+00
0.000000000000000000e+00
0.000000000000000000e+00
0.000000000000000000e+00
0.000000000000000000e+00
0.000000000000000000e+00
0.000000000000000000e+00
0.000000000000000000e+00
0.000000000000000000e+00
0.000000000000000000e+00
0.000000000000000000e+00
0.000000000000000000e+00
0.000000000000000000e+00
0.000000000000000000e+00
0.000000000000000000e+00
0.000000000000000000e+00
0.000000000000000000e+00
0.000000000000000000e+00
0.000000000000000000e+00
0.000000000000000000e+00
0.000000000000000000e+00
0.000000000000000000e+00
0.000000000000000000e+00
0.000000000000000000e+00
0.000000000000000000e+00
0.000000000000000000e+00
0.000000000000000000e+00
0.000000000000000000e+00
0.000000000000000000e+00
0.000000000000000000e+00
0.000000000000000000e+00
0.000000000000000000e+00
0.000000000000000000e+00
0.000000000000000000e+00
0.000000000000000000e+00
0.000000000000000000e+00
0.000000000000000000e+00
0.000000000000000000e+00
0.000000000000000000e+00
0.000000000000000000e+00
0.000000000000000000e+00
0.000000000000000000e+00
0.000000000000000000e+00
0.000000000000000000e+00
0.000000000000000000e+00
0.000000000000000000e+00
0.000000000000000000e+00
0.000000000000000000e+00
0.000000000000000000e+00
0.000000000000000000e+00
0.000000000000000000e+00
0.000000000000000000e+00
0.000000000000000000e+00
0.000000000000000000e+00
0.000000000000000000e+00
0.000000000000000000e+00
0.000000000000000000e+00
0.000000000000000000e+00
0.000000000000000000e+00
0.000000000000000000e+00
0.000000000000000000e+00
0.000000000000000000e+00
0.000000000000000000e+00
0.000000000000000000e+00
0.000000000000000000e+00
0.000000000000000000e+00
0.000000000000000000e+00
0.000000000000000000e+00
0.000000000000000000e+00
0.000000000000000000e+00
0.000000000000000000e+00
0.000000000000000000e+00
0.000000000000000000e+00
0.000000000000000000e+00
0.000000000000000000e+00
0.000000000000000000e+00
0.000000000000000000e+00
0.000000000000000000e+00
0.000000000000000000e+00
0.000000000000000000e+00
0.000000000000000000e+00
0.000000000000000000e+00
0.000000000000000000e+00
0.000000000000000000e+00
0.000000000000000000e+00
0.000000000000000000e+00
0.000000000000000000e+00
0.000000000000000000e+00
0.000000000000000000e+00
0.000000000000000000e+00
0.000000000000000000e+00
0.000000000000000000e+00
0.000000000000000000e+00
0.000000000000000000e+00
0.000000000000000000e+00
0.000000000000000000e+00
0.000000000000000000e+00
0.000000000000000000e+00
0.000000000000000000e+00
0.000000000000000000e+00
0.000000000000000000e+00
0.000000000000000000e+00
0.000000000000000000e+00
0.000000000000000000e+00
0.000000000000000000e+00
0.000000000000000000e+00
0.000000000000000000e+00
0.000000000000000000e+00
0.000000000000000000e+00
0.000000000000000000e+00
0.000000000000000000e+00
0.000000000000000000e+00
0.000000000000000000e+00
0.000000000000000000e+00
0.000000000000000000e+00
0.000000000000000000e+00
0.000000000000000000e+00
0.000000000000000000e+00
0.000000000000000000e+00
0.000000000000000000e+00
0.000000000000000000e+00
0.000000000000000000e+00
0.000000000000000000e+00
0.000000000000000000e+00
0.000000000000000000e+00
0.000000000000000000e+00
0.000000000000000000e+00
0.000000000000000000e+00
0.000000000000000000e+00
0.000000000000000000e+00
0.000000000000000000e+00
0.000000000000000000e+00
0.000000000000000000e+00
0.000000000000000000e+00
0.000000000000000000e+00
0.000000000000000000e+00
0.000000000000000000e+00
0.000000000000000000e+00
0.000000000000000000e+00
0.000000000000000000e+00
0.000000000000000000e+00
0.000000000000000000e+00
0.000000000000000000e+00
0.000000000000000000e+00
0.000000000000000000e+00
0.000000000000000000e+00
0.000000000000000000e+00
0.000000000000000000e+00
0.000000000000000000e+00
0.000000000000000000e+00
0.000000000000000000e+00
0.000000000000000000e+00
0.000000000000000000e+00
0.000000000000000000e+00
0.000000000000000000e+00
0.000000000000000000e+00
0.000000000000000000e+00
0.000000000000000000e+00
0.000000000000000000e+00
0.000000000000000000e+00
0.000000000000000000e+00
0.000000000000000000e+00
0.000000000000000000e+00
0.000000000000000000e+00
0.000000000000000000e+00
0.000000000000000000e+00
0.000000000000000000e+00
0.000000000000000000e+00
0.000000000000000000e+00
0.000000000000000000e+00
0.000000000000000000e+00
0.000000000000000000e+00
0.000000000000000000e+00
0.000000000000000000e+00
0.000000000000000000e+00
0.000000000000000000e+00
0.000000000000000000e+00
0.000000000000000000e+00
0.000000000000000000e+00
0.000000000000000000e+00
0.000000000000000000e+00
0.000000000000000000e+00
-2.749946097070500306e-01
-2.736583483672274109e-01
-2.734647910548050898e-01
-2.689253104105527314e-01
-1.945849330594945914e-01
-1.797711011925109681e-01
-1.876115234960222256e-01
-1.663142133587464933e-01
-2.193030624018081909e-01
-2.156494464245207465e-01
-2.201830808828769970e-01
-2.316887209311749574e-01
-1.819386843101363782e-01
-1.659655766438567770e-01
-2.954313918357429070e-01
-2.973409085460376189e-01
-1.657500383301924451e-01
-1.390367381590321416e-01
-1.313832734875500230e-01
-1.266231872682004878e-01
-1.367050829045976801e-01
-1.611726759627601924e-01
-8.631076576096809172e-02
-9.679304308829840553e-02
-7.205498762500105181e-02
-7.882887337857853727e-02
-1.905715635135404040e-01
-1.654709731083782720e-01
-2.566006378685853351e-01
-2.327047511478759489e-01
-2.334700951429340698e-01
-2.343319736319219859e-01
-2.269005310912130813e-01
-2.392482885023137495e-01
-1.275637228615004171e-01
-1.197287159437070286e-01
-1.202107438291226127e-01
-1.095200631446459627e-01
-2.635256091526200772e-01
-2.816637831273853809e-01
-2.759721059844712499e-01
-2.642242388813487719e-01
-7.296209227737730785e-02
-1.133060521289288303e-01
-1.103004865835948978e-01
-9.596589048733163152e-02
-1.413686781622095767e-01
-1.656505012769412810e-01
-1.401012214301746162e-01
-1.417631909825652070e-01
-2.491039581867586505e-01
-2.393529127542218249e-01
-2.750630444881774217e-01
-2.591455930447097988e-01
-2.918032321396394346e-01
-2.066164648012524530e-01
-2.072252325220645119e-01
-8.401766655635371783e-02
-1.034020801651313048e-01
-2.174521677032584255e-01
-1.941932907176248946e-01
-1.299001624445200731e-01
-1.045303449282473512e-01
-1.145284826310610099e-01
-8.991221507435195881e-02
-1.232617950103917503e-01
-2.937316988203550472e-01
-2.251503854638099433e-01
-2.831848927825987849e-01
-1.118525012637486271e-01
-9.833105248978751822e-02
-8.863006076467502825e-02
-7.924807791688724679e-02
-7.771494804326081751e-02
-2.870631051271496093e-01
-2.876815804416719136e-01
-2.013676353142394015e-01
-4.614455089985478736e-02
-4.944850423381203647e-02
-2.396108097300000961e-02
-3.096528107327670837e-02
-2.053425537277037971e-01
-2.245319385826040626e-01
-2.346849929481942265e-01
-2.116567970833485024e-01
-2.448239669871087876e-01
-2.899514967451339298e-01
-1.784773272226572449e-01
-2.125532778583086868e-01
-2.621377855943466950e-01
-2.583316014858999532e-01
-7.882373628577625524e-02
-9.394811543610694093e-02
-1.715194925915644875e-01
-1.252916310701692737e-01
-1.539479465363026711e-01
-1.262591884150241206e-01
-2.066669991684706997e-01
-1.908395364802525085e-01
-2.205713678209606510e-01
-2.804329907621734841e-01
-7.653903016850747976e-02
-8.780338390156031125e-02
-7.442359462966893768e-02
-9.032530258693609315e-02
-1.034727955763384277e-01
-6.519279678972310366e-02
-5.749729002492066227e-02
-2.322983495537896126e-01
-2.152894115576406142e-01
-7.881425152151284863e-02
-6.196920269760109595e-02
-2.483492307704080193e-01
-2.519810025239476725e-01
-8.270013565368868058e-02
-2.894799294657243727e-01
-2.688787025678556208e-01
-2.094452777535761034e-01
-2.315536728942822475e-01
-2.175853484783181746e-01
-2.063516119948349548e-01
-9.168386875410090842e-02
-1.125320263271679805e-01
-9.235810113157481849e-02
-1.845949094670945867e-01
-2.822008754889184790e-01
-1.245100296682628838e-01
-1.386390803835595709e-01
-1.604141174596001584e-01
-1.199619361978628007e-01
-9.957245826044730519e-02
-1.522510017399807958e-01
-1.614109046707515316e-01
-2.703120465704992315e-01
-2.548577234312466855e-01
-1.646119919596281400e-01
-1.770028471018518235e-01
-2.532516984976976304e-01
-1.837446014602604760e-01
-2.322802776202110842e-01
-5.927393185039704637e-02
-5.573449472658079107e-02
-4.726768593080374337e-02
-4.529284611235537272e-02
-1.787816806193223695e-01
-1.549780737719533841e-01
-1.648833537998318777e-01
-1.408871411189659972e-01
-1.922329754469525587e-01
-2.149233847813341314e-01
-2.880971386752619878e-01
-2.667368228276959519e-01
-6.545431976157828347e-02
-6.844886929647393814e-02
-1.780187332684111667e-01
-1.556687375071027224e-01
-2.401047294161489931e-01
-1.343036721168627823e-01
-1.354723336126023858e-01
-6.711297657687001483e-02
-7.321526473275986879e-02
-2.513380361892972870e-01
-2.670114272945455225e-01
-2.515358390208765615e-01
-1.590063531354092285e-01
-1.688792672577560938e-01
-5.558580446766525629e-02
-7.676651769646535006e-02
-2.850589073898087689e-01
-2.208932663766339233e-01
-2.913566580620515212e-01
-7.342590471651104511e-02
-2.890908584938002290e-01
-1.681292579696914702e-01
-2.743825857415678193e-01
-2.099774950861469924e-01
-8.351677431077750291e-02
-1.808389981598238216e-01
-2.284282183323589899e-01
-2.315275636486694433e-01
-5.702664608955240744e-02
-4.881481257309212840e-02
-2.825249172149708610e-01
-2.731571741932552477e-01
-2.959465215094522206e-01
-2.489313048091640057e-01
-3.764553498434670270e-02
-6.281544184366187611e-02
-7.901489202324447902e-02
-2.814683761045200794e-01
-9.561587331322969618e-02
-7.154915962191112089e-02
-2.793973302337592335e-01
-4.674864882891272000e-02
-2.052154826519560216e-01
-6.844614662053370713e-02
-2.881991522959346796e-01
-2.676272127038168414e-01
-2.740707197344340318e-01
-2.487609321533625073e-01
-1.392064447310131237e-01
-8.579569366455903900e-02
-5.746867229343902844e-02
-5.878911965001468870e-02
-3.394021320413519172e-02
-2.971543714211368273e-02
-5.643821960365853763e-02
-1.194874743910631087e-01
-9.178940929653731096e-02
-1.912145979533682039e-01
-3.901363661981982478e-02
-3.113745955585498978e-02
-2.644403640230926777e-01
-1.440442513710154526e-01
-1.472180160861834841e-01
-1.209204954575784086e-01
-1.390757521325546031e-01
-1.728702428654750323e-01
-1.648501750968874580e-01
-6.074428612911116077e-02
-6.213081201562745126e-02
-2.966338857274818941e-01
-2.876823202212105413e-01
-1.612138594615690201e-01
-2.819420365644443871e-01
-2.673360476899610538e-01
-2.934856546243869158e-01
-6.970222081497851052e-02
-2.083756302800388038e-01
-2.327176730734545340e-01
-2.326103880923576506e-01
-1.488630074293444128e-01
-1.658340064505840206e-01
-4.457771820057308126e-02
-2.877966186930200898e-01
-4.066678220772655672e-02
-5.858143532412081467e-02
-7.142476473664775838e-02
-1.060446757227368059e-01
-7.655290225833699669e-02
-7.497764840447526669e-02
-1.867676858372352700e-01
-1.875698825299119410e-01
-1.205686453503697214e-01
-1.923981411851109213e-01
-1.271100542351646934e-01
-3.279441057300863660e-02
-4.380736435856201483e-02
-1.621540400275059760e-02
-9.081631190474838758e-03
-2.408388377518679568e-01
-2.491200711883649055e-01
-2.526621108611659117e-01
-2.689283568258578061e-01
-1.271897263198381034e-01
-2.030420625653273914e-01
-2.098860645196202468e-01
-5.551719706157176581e-02
-6.227769739633602641e-02
-1.503473475794782632e-01
-1.676624537537715620e-01
-2.934035147893219175e-01
-2.199992190716000273e-01
-2.354787209648165625e-01
-5.244739303103116562e-02
-4.274726542368838950e-02
-2.759157179323407094e-01
-5.923768322200052838e-02
-5.055610055103688938e-02
-1.315643089073391114e-01
-1.020411266858956417e-01
-9.310503298775461845e-02
-9.048856749516082099e-02
-2.307451370373224120e-01
-1.165815735308750462e-01
-1.407263548136019060e-01
-1.012345957111109029e-01
-1.008996272678567840e-01
-2.304729816440163892e-01
-2.584215996669422255e-01
-2.207079198176039037e-01
-1.887563068887980755e-01
-1.457726034860949149e-01
-2.117842452603373449e-01
-2.420051822708840505e-01
-2.061958107984102340e-01
-1.722219704892812564e-01
-1.959782398801755143e-01
-1.090735411826231904e-01
-1.434455515101285550e-01
-2.638157150437743792e-01
-5.789829112943974815e-02
-2.748511752506170303e-01
-1.845512778716285884e-01
-1.608263213835557648e-01
-1.777271073947872537e-01
-2.252690832375092989e-01
-4.739054589114028576e-02
-2.356715206717541755e-01
-5.459383042247884649e-02
-1.732461118096967623e-01
-1.882124199791643526e-01
-4.686363756730113628e-02
-2.041371679113243229e-02
-4.784865698816158364e-02
-3.798432770252500867e-02
-1.121548204216768624e-01
-2.205066593939223885e-01
-1.182250653067935808e-01
-1.227887429914588102e-01
-1.384928218019830792e-01
-1.090202223955053507e-01
-2.770574989207335789e-02
-4.601858522387167888e-02
-1.548040182646979457e-01
-1.103974096668446925e-01
-1.792504810369782431e-01
-1.713079135914579720e-01
-2.725408211608896236e-01
-2.213994879919126413e-01
-2.192136855856315070e-01
-1.908723035272834045e-01
-1.436625141292904306e-01
-2.563019947932076437e-01
-2.772477305153673438e-02
-4.992446810333668605e-02
-2.503833385082355339e-02
-2.391264147489498976e-02
-7.292682759047339203e-02
-5.205584114235503601e-02
-1.364710275183922961e-01
-2.418546790710039696e-01
-2.404415630117384406e-01
-9.412415459893204439e-02
-5.661860482492219598e-02
-2.959133579017744764e-01
-1.941468446360995193e-01
-1.713000676767248709e-01
-9.748022618861676425e-02
-2.683333570027756076e-01
-1.204778934330367757e-01
-1.237198633250732316e-01
-1.081930034306856636e-01
-1.316484259750155539e-01
-1.132710692407641884e-01
-2.116357969212530610e-01
-2.871494075723163841e-01
-2.297123430222401952e-01
-1.232631640269854917e-01
-2.963011848510897495e-01
-2.727360646187667603e-01
-2.165830702479886460e-01
-2.417981641959795758e-01
-2.308595370472656116e-01
-2.062191537008785935e-01
-2.499566415102763561e-01
-1.611363016521384361e-01
-1.693947067178868948e-01
-1.562645643064573542e-01
-1.701773008205876292e-01
-2.545573734758821982e-01
-1.933343071379463873e-01
-2.760151204757910204e-01
-1.624315112039753650e-01
-2.638875257038305056e-01
-1.857321653777186665e-01
-1.412267860312494128e-01
-9.985005381023905058e-02
-2.543445730272629324e-01
-2.700774322518088855e-02
-4.447620835114819010e-02
-2.447348645154514002e-01
-2.166147077591431824e-01
-2.034994044892477760e-01
-2.450799812907340502e-01
-2.155635925024011190e-01
-2.676321218183441153e-01
-2.515013764607123004e-01
-2.843517356191643253e-01
-1.583365307312041004e-01
-1.366474452578587406e-01
-4.253037061692999804e-02
-3.379907228885249693e-02
-2.279613287648074860e-01
-2.951782701822208699e-01
-2.139945791250679463e-01
-5.867976686716257911e-02
-6.383625696101762059e-02
-2.181264979750636712e-01
-2.899091274787599648e-01
-7.592051758591228383e-02
-3.320992878453232766e-02
-1.003469578588007949e-01
-2.850631884131497526e-02
-1.561620153842660855e-02
-2.437298490218532121e-01
-2.211188387405179645e-01
-2.462846801641410954e-01
-2.475505915992828043e-01
-4.166128799660984150e-02
-6.727649314931666291e-02
-1.582330926952123240e-02
-1.630348837411762716e-02
-2.301900373813116907e-01
-2.416204260481340516e-01
-6.935989238106123056e-02
-6.276606854109874345e-02
-8.198595018080920283e-02
-7.276424152724281225e-02
-5.446038016616099042e-02
-7.480914834670973623e-02
-2.537974423295805138e-01
-4.038465089527862317e-02
-2.464602496072548776e-01
-2.672460993989614897e-01
-2.911654782748133719e-01
-1.409436684812231111e-01
-2.117288481442124726e-01
-2.369431661049191118e-01
-2.617388440785690107e-01
-2.105365775944050555e-01
-2.276673594733967798e-01
-2.941575205803546034e-01
-2.887295006649601148e-01
-1.832343961613431826e-01
-5.934350165538072874e-02
-2.680401555469831276e-01
-1.143651864587794942e-01
-1.491862242156461460e-01
-1.373163242153810915e-01
-1.936580745656685254e-01
-2.630797193828601221e-01
-3.359144847148036461e-02
-1.623127364920955717e-01
-1.377890997202586842e-01
-3.038845248242003083e-02
-5.167825957863527581e-02
-1.455766143853771677e-01
-1.221889532688506391e-01
-9.301861753600539073e-02
-6.866799323307454239e-02
-1.578878504898956481e-01
-1.651962731751483726e-01
-2.469418684500979122e-02
-3.435868577152284553e-02
-2.870471586512974849e-01
-2.762999026072661679e-01
-1.164791414848781459e-01
-7.781525333509850539e-02
-2.219084237166500106e-01
-2.254847705147939030e-01
-8.633409980330010447e-02
-1.150404467305068679e-01
-3.270047096404959941e-02
-6.974077035860676288e-02
-6.773430173749585281e-02
-1.315956743509041627e-01
-2.835012240683800755e-01
-2.100736440153015139e-01
-2.970117782344534052e-01
-2.905230345194345642e-01
-7.778029106530318093e-02
-6.437954897362704876e-02
-1.976978061334515591e-01
-9.690977792990899953e-02
-6.008047544182313487e-02
-5.269740757034228201e-02
-1.248668048556492854e-01
-1.518442028706654817e-02
-2.809002182577501339e-01
-1.690549070817236876e-01
-1.836685908237761511e-01
-8.176877587286852933e-02
-5.171010669405062127e-02
-2.466765024649517080e-01
-1.929029449813976782e-01
-1.488424886935237612e-01
-1.245813830320061100e-01
-1.458336185935462381e-01
-1.552766135997274421e-01
-1.451602661518270332e-01
-1.559844366337570509e-01
-5.312454946301303077e-02
-1.743716701552872894e-01
-1.522331821988386347e-01
-1.874922064772203134e-01
-1.938984148240595062e-01
-2.888964519817091015e-01
-1.198711988014918191e-02
-1.595903066595263931e-01
-1.464694167493056365e-01
-3.063955542763528023e-02
-1.927670872379551870e-01
-2.651358982995135616e-01
-2.435843975795535798e-01
-1.911495680741681635e-01
-1.778031511633093031e-01
-2.576557131282881108e-01
-3.981401131854359066e-02
-9.779919256577486453e-02
-2.622758874825879549e-01
-1.273162326212219919e-01
-2.338506166958717880e-01
-2.645639124434819300e-01
-2.706900025427677048e-01
-1.292883948228434887e-01
-3.163515579568374619e-02
-3.994730066864916190e-02
-2.186581200361684407e-01
-1.178833643352284605e-01
-1.454020756796102209e-01
-2.030167857114230368e-01
-1.762973798031433337e-01
-2.278624302715707151e-01
-1.693367538556105056e-01
-2.199832793656061325e-01
-2.103924961271118887e-01
-8.744443360387800512e-02
-2.864000880865701926e-01
-1.422842685367119719e-01
-2.854760894235258695e-01
-2.949510526092946616e-01
-2.743141043572966953e-01
-4.848314619498834271e-02
-4.795322100478478788e-02
-6.317668848998368725e-02
-2.723657687497245683e-01
-4.382460653956626179e-02
-2.500946332739453770e-01
-4.329190763505073175e-02
-2.763613478505777543e-01
-7.701357387581489466e-02
-8.761463080482784216e-02
-1.803312781098541373e-01
-1.592911722313394007e-01
-1.160797099833742879e-01
-9.026921324566719584e-02
-2.074799459524948042e-01
-2.768789373681374011e-01
-1.196187782654720838e-01
-1.067974228189726427e-01
-1.180172029754385787e-01
-3.447822420105023378e-02
-3.900105369783975900e-02
-1.091191595784800766e-01
-2.816476191657594219e-01
-1.818583213224430617e-01
-8.252163572952397885e-02
-8.585347018751972314e-02
-7.608068792674953229e-02
-2.448052847710940061e-01
-2.540983516542711373e-01
-3.552061354547089017e-02
-2.617939232393548532e-02
-1.392403817023232793e-01
-2.414255295038718677e-02
-2.212944971493943994e-02
-1.864869069503236748e-02
-2.026513036672704035e-02
-2.959707968422180535e-01
-2.767707996193061737e-01
-2.346403179431160446e-01
-2.670862446402454404e-01
-3.288659614521981939e-02
-1.697175852548911124e-01
-1.537994211624242047e-01
-1.749443626534777640e-01
-2.646271904685237875e-01
-2.158399766130220665e-01
-2.609397796941451131e-01
-2.679263834150346635e-01
-2.747172288101903392e-01
-2.552983289873544948e-01
-2.695663770718532137e-01
-2.792560802668357378e-01
-1.229216411892812000e-01
-4.639499001146536739e-02
-1.085545494464564970e-01
-1.339331319145594390e-01
-2.866316631851357766e-01
-2.134609824385455268e-01
-1.538617601641644461e-01
-1.148166387555260293e-01
-2.633296005140048357e-01
-1.350475413319337792e-01
-1.304323292296902526e-01
-2.160908941205697820e-01
-1.052749822535779117e-01
-2.104000133766125227e-02
-1.797794033301179928e-01
-1.799211103710457171e-01
-2.324211529270557575e-01
-1.480967563832740475e-01
-2.427582567800861124e-01
-2.820497995238144817e-01
-4.109460900187324184e-02
-2.239724331236042643e-01
-1.461530899234461389e-01
-1.957084031513395828e-01
-8.711530496491080855e-02
-2.026035533306674297e-01
-2.118321387895072960e-01
-9.383089112055575942e-02
-2.827176358673904599e-01
-1.901767463961183402e-01
-1.980480499197342370e-01
-2.893905342039974071e-01
-1.128035030597655392e-01
-1.044334352143854588e-01
-2.166298492851758961e-01
-5.938201395140173255e-02
-5.034882681802320403e-02
-8.385269274096127101e-02
-6.988154661817060076e-02
-2.760261545551472295e-01
-2.826414413697668215e-01
-2.128537851637672673e-01
-1.655843445752932241e-01
-2.222502941897710749e-01
-1.124098987519390885e-01
-8.246658041971574593e-02
-1.024554195925773542e-01
-1.908841115267861585e-02
-2.585039816708047458e-02
-3.569315840952991953e-02
-1.174072145239197021e-02
-2.246753880265212333e-01
-2.001510938588374477e-01
-1.673834065760060330e-01
-7.718876084329844012e-02
-9.702602565051170191e-02
-1.753570457617456557e-01
-1.716540742694457888e-01
-1.928043430695171312e-01
-2.789349847998887633e-01
-1.618557331055151816e-01
-1.463779707493344795e-01
-2.389663334410649098e-01
-9.067644880929290330e-02
-1.038511759159722880e-01
-8.103027037340113092e-02
-6.709451471652215504e-02
-2.606069431820504656e-01
-2.628950765433478165e-01
-1.636364042036728139e-01
-1.648111483656096443e-01
-1.725687621457458742e-01
-1.355229940730540428e-01
-2.673142317875975560e-01
-2.668968843914114042e-01
-1.476523450672238662e-02
-3.566493296414595393e-02
-1.396740236595549536e-02
-1.209368299225077430e-02
-8.141346444088921885e-02
-2.049868495936708543e-02
-6.478961471318632481e-02
-2.929304956325416986e-01
-2.518824025207748174e-01
-2.421134537840533285e-01
-2.963746745062135757e-01
-1.839151364706411163e-01
-2.395256648480500183e-01
-2.949861741859648445e-01
-3.006169876162599966e-02
-1.852035325264715648e-02
-1.311448032712284918e-02
-2.870565227112932827e-01
-2.905016924016206037e-01
-1.536051240420836794e-01
-1.790129087145686804e-01
-3.916321485072236236e-02
-3.514385674811166399e-02
-2.367658657991748017e-01
-1.757770598583340282e-01
-1.591439372933529106e-01
-1.356678332912573115e-01
-1.531242632372269430e-01
-1.228578786452230454e-01
-2.672376526426115118e-01
-2.743757552976108238e-01
-2.224346250579670448e-01
-2.199869315104888423e-01
-1.327128272001904530e-01
-9.657228448109023144e-02
-2.826946039055564519e-01
-2.873896281681126985e-01
-3.340352315976286707e-02
-4.988739872580614382e-02
-8.101516880210042626e-02
-2.758470512515278639e-01
-2.188154619153970804e-01
-2.715524862156026668e-03
-8.023000075436617640e-03
-6.444842260947778248e-03
-5.170048259486840006e-03
-2.803627693472656168e-01
-2.166219708653392140e-01
-2.756454213438315759e-01
-2.263667437607127242e-01
-1.369232518680821853e-01
-1.617639810195291572e-01
-6.670668668365338505e-02
-4.190951498761377736e-02
-7.481011720108543539e-02
-8.769633276781936548e-02
-1.434017455074318437e-01
-8.712857840887735378e-03
-2.016516785704388637e-01
-7.423151598147606500e-02
-6.865064882748858621e-02
-8.365825592146901302e-02
-1.893597122870545046e-01
-1.936390216517119289e-01
-1.946902572778504426e-01
-2.943079832035819243e-01
-2.715191223238259122e-01
-9.081450180527757265e-02
-6.794462547098717442e-02
-2.029943051822802880e-01
-2.782729828459530319e-01
-1.281060893441563486e-01
-5.181015963229661236e-02
-1.075174400370697975e-02
-1.259108426760544713e-02
-1.361222015014790926e-02
-1.248042288847607366e-02
-2.059646384986417722e-01
-8.138163041526116914e-02
-2.941499142700935154e-01
-2.700535413830225107e-01
-1.450737355344976498e-01
-1.107605041290113945e-01
-9.652082999843090982e-02
-2.874976060872677652e-01
-2.246029564206083740e-01
-5.828014835860666210e-02
-9.031938669818158349e-02
-2.288699012678510059e-01
-2.246693311681831340e-01
-2.036855712852923828e-01
-1.523425096740604057e-01
-2.962092613030427035e-01
-2.165766946432657603e-01
-2.235798745250423269e-01
-2.774673930947713085e-01
-9.763832907726055499e-02
-2.856790573694312219e-01
-1.030135740283318752e-01
-1.708939668133261647e-01
-1.763834404321649729e-01
-1.374066622014923078e-01
-1.399937999628056706e-01
-2.087747666291859538e-01
-2.877583322760873252e-01
-3.961397030606522707e-02
-2.695065198270871210e-01
-1.718648914216988344e-01
-7.934686261756049297e-02
-1.126223925869550141e-01
-2.659394182263718487e-01
-1.228271012817052227e-01
-9.918759964178354427e-02
-1.309521068073107586e-01
-2.885800231907509894e-01
-2.916695668812363529e-01
-2.931821209810125950e-01
-2.836995889803488047e-01
-2.866215234139254942e-01
-2.920180043387966551e-01
-1.686661520992552565e-01
-1.531998385037781352e-01
-1.628513777049155620e-01
-6.679352427881427023e-02
-7.582097556461557530e-02
-9.437888400250347976e-02
-7.045657526344603627e-02
-7.488983502799757830e-02
-8.191307441807955947e-02
-2.898903015397088501e-01
-2.908250492534382170e-01
-1.703078813999053254e-01
-1.640842231505910409e-01
-1.370191523451818605e-01
-1.396918579876919864e-01
-1.431241105994628671e-01
-1.462256616835359291e-01
-1.294870020676209266e-01
-2.951584688850925620e-01
-2.953260398399943365e-01
-3.090881662851341014e-02
-2.536897356590545743e-02
-3.752286256186085356e-02
-5.059301873110205738e-02
-3.988501211312010797e-02
-9.946771114208665179e-03
-2.124932104588441728e-01
-2.230815383645823324e-01
-2.180636803265354751e-01
-2.256676504776688325e-02
-3.214838980576718852e-02
-2.732331746117937915e-02
-3.617780278862091359e-02
-1.438236991173866275e-01
-1.506002851851176161e-01
-1.201914605341995596e-01
-2.571396850557531866e-01
-2.678368294094709556e-01
-2.668254509241396177e-01
-2.712291518622073072e-01
-2.742213357352888403e-01
-2.715165410617559894e-01
-9.483009941493952821e-02
-1.011090637309250834e-01
-1.023006290714225108e-01
-7.792722879515281975e-02
-7.578405745509821101e-02
-8.675346482432270967e-02
-5.184004503936134184e-02
-3.415380649500431021e-02
-6.081787191005298687e-02
-1.766427552210781196e-02
-8.668865332737958618e-02
-7.379162165626565462e-02
-7.835174759163451852e-02
-7.185721211284809562e-02
-6.885384782011326477e-02
-4.743061039085762903e-02
-1.395333214830767055e-02
-2.310336454992817368e-01
-2.326281181644832274e-01
-2.281685883185202435e-01
-1.766556564584066402e-01
-1.945192529517203728e-01
-1.862377623665036064e-01
-2.163416352968221268e-02
-2.090789341733472195e-01
-2.111618865951775670e-01
-5.821402217800299844e-02
-5.084427681924968273e-02
-5.128720542704887086e-02
-4.574121925026869429e-02
-7.149753877526568435e-02
-1.099906953067053411e-01
-1.123709320015299773e-01
-1.415799821123442659e-01
-1.320596584075572621e-01
-1.392102826782015412e-01
-2.029620083945115616e-01
-2.077742068097700456e-01
-2.001773791872782926e-01
-2.287529901107893948e-01
-2.297449420120161734e-01
-2.199373385791011104e-01
-1.548325130317083631e-01
-1.451527909718400289e-01
-1.573840437474175735e-01
-1.163443648712575995e-01
-9.748120092004786130e-02
-1.027254830097010380e-01
-2.444238288080400889e-01
-2.328029731014796544e-01
-2.339174037250766613e-01
-2.853297554235852823e-02
-1.395628920243043199e-02
-1.591105147756645410e-02
-8.883580244566940563e-04
-1.218741817895994430e-02
-4.838528412436596086e-03
-6.790562990682873223e-02
-7.765509540411513756e-02
-6.484642167446733052e-02
-5.983521219744325492e-02
-1.373836648053784193e-01
-1.249795731789394432e-01
-8.931063853147698517e-02
-8.857133957921750622e-02
-5.641743091632629020e-02
-4.113854541645034502e-02
-2.274937587575391607e-02
-8.995960923391643424e-03
-7.019069581965430883e-03
-2.185068815834699876e-02
-2.303573688691770427e-01
-2.204758304318790996e-01
-2.296385761920709812e-01
-1.877289079779500547e-01
-2.017025169904099469e-01
-2.013561155760798804e-01
-2.004154966037475366e-02
-2.838541822971422240e-02
-1.806707864740171587e-02
-7.731456332596905144e-03
-1.357204072842275316e-02
-3.476961122787911767e-04
-2.283139339258080103e-01
-2.398542092727314334e-01
-2.275382722393723967e-01
-2.355708783409811435e-01
-2.107825181036949713e-01
-2.049759287852770950e-01
-1.748667175782813166e-01
-1.709394614170909876e-01
-1.686314116742849145e-01
-1.427702326960182677e-01
-1.572067497754030818e-01
-1.256585998812799199e-01
-1.362329152465975857e-01
-1.158719004405502628e-01
-1.035836943483555983e-01
-1.056078825122250403e-01
-9.545952998427993663e-02
-2.950289770910986542e-01
-2.935386760022915542e-01
-2.955601669949919907e-01
-2.631490838801365251e-01
-2.730306552271225540e-01
-2.720034777456114550e-01
-2.721022484230761207e-01
-2.782864247553353820e-01
-1.218125544317857772e-01
-1.086188133763232172e-01
-1.157095791307676397e-01
-1.190507286599887665e-01
-1.114010418111378159e-01
-8.542873515788984573e-02
-8.733221045321781784e-02
-2.436300298676734033e-01
-2.458023085857636014e-01
-2.738712613998005585e-01
-2.710518942603369896e-01
-3.440172442453239693e-02
-2.482630847073956371e-02
-1.214425484477775347e-01
-1.317820864983782203e-01
-1.139788903781571022e-01
-1.253252382279798904e-01
-1.168515688753685999e-01
-3.660184872639319492e-02
-3.301607866883667086e-02
-4.577647689049615248e-02
-3.571689216656061261e-02
-2.361001318768052998e-02
-2.573752948504079083e-02
-2.656677418419526315e-01
-2.660877788170636360e-01
-1.474520004875976564e-01
-1.320675027784990185e-01
-2.275449531698980621e-01
-2.367127447253785100e-01
-2.427356766882341754e-01
-1.377380561245216961e-01
-1.239864186714908084e-01
-2.195692955096749388e-01
-2.114196588235822405e-01
-2.240451199894292755e-01
-1.514075536774997510e-01
-1.343259696843259188e-01
-1.479307626187088276e-01
-2.409540192911856504e-01
-2.433487795535853038e-01
-2.517770605808566375e-01
-2.502146030164503765e-01
-2.815878174965855130e-01
-2.768198615841641064e-01
-2.831525424307248517e-01
-2.911436113486031152e-01
-2.908946822524061115e-01
-2.900140947364531208e-01
-1.624363866476032092e-01
-1.517362979732697625e-01
-1.623908404248055604e-01
-1.836460989153212153e-01
-1.727974248753736675e-01
-1.432242126318281350e-01
-1.256871103439650139e-01
-1.238583333458334185e-01
-1.961470023539299556e-02
-1.867042025316986709e-02
-1.453895191573005841e-01
-1.573261977557731950e-01
-1.713328209794910961e-01
-1.702669397390799144e-01
-2.358191719634978867e-01
-2.312162669549034932e-01
-2.695780486438526524e-01
-2.627919735388751232e-01
-2.772993322520324044e-01
-1.221413070470361156e-01
-1.138374561798371487e-01
-7.724835948529233665e-02
-4.134201689662320156e-02
-4.399538738124174342e-02
-2.070800139756964059e-02
-1.662590768665393737e-02
-1.720643011294686331e-01
-1.656710341822778543e-01
-1.919115160597818226e-01
-2.022605846062293655e-01
-1.545550413998781902e-01
-1.653030574535433728e-01
-2.752951392616918569e-01
-2.820351584647785015e-01
-2.778393923498115314e-01
-1.979780397578402296e-01
-1.783710822009522412e-01
-1.888188183766663364e-01
-1.584627031099035965e-01
-1.690126608122029250e-01
-1.615030389981831349e-01
-5.340597053283156065e-02
-5.475398297616817372e-02
-5.315844466960195636e-02
-3.124131186467550211e-02
-3.903253429176697931e-02
-4.009936552705938712e-02
-1.294759008604097483e-01
-1.227487454078492052e-01
-1.597972258874412188e-01
-1.629143677272477109e-01
-1.855129898652631004e-01
-1.835298447423030499e-01
-1.937294325767160152e-01
-1.983876253728521222e-01
-1.831591472174614876e-01
-1.861369316275901242e-01
-1.093754362754161269e-01
-8.975175418522711446e-02
-2.433899584942003924e-01
-1.422314750705447606e-01
-1.464931332157629884e-01
-3.163307994593397149e-02
-2.957100977426974781e-02
-1.249570084686176114e-01
-5.552239950101422322e-02
-5.814241931497983462e-02
-5.090687497252400356e-02
-4.023794651109932619e-02
-3.391224830070350971e-02
-2.997345821877099234e-02
-1.172914279443617452e-01
-1.333325263995391863e-01
-1.672181215059238002e-01
-1.595260370002958006e-01
-8.332855583453441239e-02
-8.104086131342391752e-02
-6.960479807932887231e-02
-7.421560191860093747e-02
-1.567180893447630285e-01
-1.495772646122593141e-01
-1.984281991195679384e-01
-2.097018058412455088e-01
-2.293971736062989653e-01
-2.236797214777483112e-01
-1.716625562978459918e-01
-1.656105978490806374e-01
-1.917646125370182641e-01
-1.888103290297672987e-01
-2.203208020954945945e-01
-2.134654788025089622e-01
-2.295337285544177819e-01
-2.299385460269463277e-01
-2.382752234849020156e-01
-1.452124273968305179e-01
-1.323970131751012469e-01
-1.431382178460579024e-01
-1.181859442023316248e-01
-9.255171050660943033e-02
-1.044704309673555737e-01
-1.152167506209943321e-01
-1.311274892279497561e-01
-1.269721417980546607e-01
-1.171716741898139180e-01
-9.670608712201984869e-02
-1.080930824178284594e-01
-2.419663360577819500e-01
-2.334534928025116807e-01
-2.469119817388988336e-01
-2.402596905991409293e-01
-2.590547937279332191e-01
-2.649531850534008193e-01
-2.656164125696150458e-01
-2.055918007478527154e-01
-1.989890115242148871e-01
-2.059282345400292868e-01
-5.805388373053774892e-02
-3.705836249659822529e-02
-7.504704208880055849e-02
-2.571521542104065472e-01
-2.532125394815309405e-01
-7.288316974711360474e-02
-6.276053596130756751e-02
-7.934750257905938409e-02
-8.139878283136185722e-02
-7.833251607551586226e-02
-1.024430321633409136e-01
-2.897491775304702477e-01
-2.879040227731238799e-01
-2.306743729854249803e-01
-2.190800420471263887e-01
-1.190753124690077519e-01
-1.068523470137475589e-01
-8.353270939173144949e-02
-8.760501478155313659e-02
-1.000875095676187349e-01
-9.951177846177426678e-02
-8.181999012528658188e-02
-8.489771037200262438e-02
-2.940482457852167109e-01
-2.934754146465654023e-01
-7.692027433863310448e-02
-6.686594787674032814e-02
-5.424776830881170020e-02
-4.768307789388908507e-02
-1.609489105323956212e-02
-2.068517155245870945e-02
-2.599517482700902105e-01
-2.688804492117595757e-01
-2.582201597509886648e-01
-2.742956718182163467e-01
-2.744077071961308900e-01
-1.562607854903443894e-01
-1.753375086306743214e-01
-1.611495942952460292e-01
-1.406246010849083183e-01
-1.416979968703446779e-01
-1.337244587722569988e-01
-2.644506968938483693e-01
-2.608177959469424323e-01
-2.662201948680755215e-01
-2.563963853908577950e-01
-2.590220618573487732e-01
-1.923565679565098219e-01
-1.816014705939845986e-01
-1.715720096006906892e-01
-1.607443698955362266e-01
-1.454994364749598035e-01
-1.536930654358057424e-01
-1.211023474850644044e-01
-1.344380084707130218e-01
-1.217505068972573462e-01
-1.986340173417655286e-01
-1.760988336349655070e-01
-1.722639316167537404e-01
-1.214971804907902519e-01
-1.060966330432453059e-01
-1.896062012482947756e-01
-1.749771552211765169e-01
-1.801849247952077571e-01
-4.764592662400022466e-02
-5.297648923812139921e-02
-4.792031959337009206e-02
-5.562164933840928194e-02
-6.107707533890015944e-02
-4.952779744075003210e-02
-5.704305876557328597e-02
-7.393686788612886807e-02
-7.743806186706413131e-02
-6.814435207307530107e-02
-7.469735720259171319e-02
-8.487571187338868728e-02
-6.838571059128642493e-02
-6.550827906750987528e-02
-6.814951677324090906e-02
-2.118458335270878012e-01
-1.946944918896066634e-01
-1.960519096326034105e-01
-2.074932614994340618e-01
-2.134499999396285430e-01
-2.213778090808942722e-01
-2.929133143013957774e-01
-2.934242701861382030e-01
-2.859556790337882681e-01
-8.624334280406781295e-02
-1.119831831375379116e-01
-9.730981830928896181e-02
-1.812082858761737136e-01
-1.980229440787444894e-01
-4.746315782823415375e-02
-2.188114019091690413e-02
-3.257344350020955487e-02
-1.974052131596709392e-01
-2.024791972485469604e-01
-9.020382127630804936e-02
-8.960539646219423116e-02
-6.188345335861489271e-02
-6.717569687037919235e-02
-6.788066413158960755e-02
-6.827778062562107897e-02
-6.540800970683530169e-02
-1.724456366388181783e-01
-1.763544298132243282e-01
-6.841765909188231298e-02
-7.826801758899146200e-02
-9.076404523520224810e-02
-5.878884481348566060e-02
-5.181533384216353844e-02
-4.243630934987981801e-02
-2.834040454062218273e-01
-2.903316394298668945e-01
-2.881426354762280928e-01
-2.856866764537411840e-01
-2.891907098387455077e-01
-2.876471564900883737e-01
-2.007140330033087006e-01
-1.842041099535896287e-01
-1.643363263783589323e-01
-1.762023273651469879e-01
-2.513979044047919831e-01
-2.488177331781843138e-01
-2.468715977033387465e-01
-2.315153829599732316e-01
-2.231375016169197256e-01
-2.376418443618205090e-01
-2.579019734044645240e-01
-2.571023636173266902e-01
-2.502887150952704531e-01
-2.683689473827590710e-01
-2.628421208789815111e-01
-2.570348318733792214e-01
-2.471058831749676221e-01
-2.385112402215242289e-01
-2.437306190212570056e-01
-2.257286485167269430e-01
-2.220948930760494600e-01
8.438427353972644679e-03
-1.735885240345217892e-02
-1.726762227541674133e-02
-1.211843612859242747e-01
-1.056179040116830142e-01
-2.553185678410627713e-01
-2.596921025787486959e-01
-2.578080008005133594e-01
-1.406303727499439715e-01
-1.166960300613457263e-01
-1.245001174871200322e-01
-1.426019298216248121e-01
-1.450300800899838594e-01
-1.198773886831404484e-01
-8.733229064896297356e-02
-1.060582435110730831e-01
-5.186624996713381369e-02
-5.774564324541247434e-02
-3.529317108954252435e-02
-3.093800984862745199e-02
-6.903126869545342381e-02
-4.778149638620505374e-02
-6.398556667552607324e-02
-2.909755171269639007e-01
-2.877951744276150969e-01
-2.254472757648734171e-01
-2.298339517891252737e-01
-2.101786817189376655e-01
-1.687969841152915096e-01
-1.703595955959418817e-01
-1.628334200121854258e-01
-1.526053502890852565e-01
-1.541520281285631011e-01
-2.853805779564509426e-01
-2.859300294081723037e-01
-2.838538236866942621e-01
-2.898450579172622832e-01
-2.896457458678109442e-01
-2.651790349369141930e-01
-2.629857619412103720e-01
-2.566992660398999537e-01
-2.884125719425592038e-01
-2.876090605860489591e-01
-2.849058338583150829e-01
-2.580769916814764642e-01
-2.671778919207154490e-01
-1.662654461765777081e-01
-1.727092359575479463e-01
-1.572360294809779513e-01
-4.304619089563113676e-02
-5.957246959844168799e-02
-5.003619953823369021e-02
-3.259843785707225439e-02
-4.514424527598401987e-02
-3.278056795118316352e-02
-6.114372340605090522e-02
-5.833197838563407983e-02
-6.807620343837152144e-02
-6.294345000090983966e-02
-1.587221068010373839e-02
-2.013478425333848493e-02
-1.795047120117089501e-02
-1.538493589287483546e-02
-1.398983358950237066e-01
-1.492984512203975600e-01
-1.528787460420172051e-01
-2.102608441938565720e-01
-2.037465619576943887e-01
-1.836399958052120085e-01
-1.869202159853567691e-01
-1.705676751711290295e-01
-1.520985385963730119e-01
-1.601927505181811595e-01
-1.403816158744856657e-01
-1.433888256888791179e-01
-2.806001587251291673e-01
-2.794428820100359756e-01
-2.811732123897633384e-01
-2.756880227979878195e-01
-1.749560198734607386e-01
-1.778825796827713523e-01
-1.738862011677058395e-01
-1.824398152355381775e-01
-2.949821035399760594e-01
-2.951329680127171007e-01
-4.860505802990346125e-02
-6.039144722901412798e-02
-4.472710066054350758e-02
-2.557479639556429762e-01
-2.273925712740174909e-01
-2.422731772882369961e-01
-8.887405295673725392e-02
-9.128018848616889502e-02
-6.598157539490893952e-02
-7.442848092011931926e-02
-3.658944342237019365e-02
-3.975397018252312814e-02
-3.526203063502547641e-02
-7.530073781256779730e-02
-7.302520482906799115e-02
-5.155926846536657004e-02
-2.852178907509160533e-02
-4.751662111839129177e-02
-3.175439697614864526e-02
-3.938159692864592193e-02
-4.716117853306842078e-02
-3.343104917653270947e-02
-1.961275916226573046e-01
-1.987284439760605148e-01
-2.054474637918916047e-01
-1.950819595677668050e-01
-8.111941792380716887e-02
-1.131127699157765398e-01
-4.542674046663859599e-02
-2.113935194993509653e-02
-2.586784705072459056e-02
-2.408617543234078603e-02
-5.750500893707004291e-02
-6.708923186526820348e-02
-2.453870939079750846e-01
-2.393266801411264577e-01
-2.778740888635581885e-01
-2.718710093178777210e-01
-4.816975195766099588e-02
-4.799401738751889884e-02
-1.134656736898558282e-01
-1.181585050629413436e-01
-6.078939016135736367e-02
-7.813762734833330781e-02
-2.543759557021319645e-02
-3.781578953334448906e-02
-7.887859262509312741e-02
-8.234394370427564058e-02
-2.123456639956430858e-01
-2.219684495814443770e-01
-2.288601390018467630e-01
-2.087469426804424155e-01
-1.938227510271523513e-01
-1.850975520596760127e-01
-2.749849628522968437e-01
-2.722316754431223784e-01
-2.059500840666974864e-01
-2.188659039079652036e-01
-2.612853182494683235e-01
-2.703995067109730699e-01
-2.292222624160036304e-01
-2.084504996414216216e-01
-1.945721528270811240e-01
-1.807904315885079938e-01
-7.060114911632695001e-02
-6.283065564040757334e-02
-5.705807318061267147e-02
-4.833240433524661761e-02
-3.478508604175967189e-02
-2.959505283957141256e-02
-9.725575453769581824e-02
-6.438339581740816497e-02
-2.930544941891727873e-01
-2.919244302554631632e-01
-4.429179128485111194e-02
-2.463997224587869891e-02
-2.648853777883462546e-01
-2.551007874591355029e-01
-5.411902357775817685e-02
-5.992423061841500864e-02
-4.080640184546822230e-02
-3.511729085903497749e-02
-2.352761242972142494e-02
-3.398435965905982625e-02
-6.541144075113619616e-02
-7.496432360982138721e-02
-4.718792300806765039e-02
-5.789360490704410084e-02
-1.579360686244960787e-01
-1.444382689259331998e-01
-9.664547099847847766e-02
-1.057880175648188703e-01
-2.363958080708731535e-01
-2.372321580603598545e-01
-2.456083754537111419e-01
-5.821422186389298842e-02
-5.122332835637371379e-02
-3.202996645419071975e-02
-3.996483287128014400e-02
-3.658946257118764894e-02
-2.955069069914328592e-02
-1.086322352105242584e-01
-1.289798661724759765e-01
-1.859518182849295362e-02
-4.176402632826665268e-02
-2.958958199827657065e-01
-2.530424222547350555e-01
-2.561977668215634774e-01
-2.495536605773738814e-01
-2.471136316023784529e-01
-3.355247484989737350e-02
-2.759533919279755776e-01
-2.697529887302414497e-01
-2.766450864591634140e-01
-1.179040374245010625e-01
-9.331408208648879488e-02
-2.394420663499497448e-01
-2.264069806817265440e-01
-2.249812918616991841e-01
-2.656558532494510821e-02
-8.550303884637525109e-02
-9.268581047135109052e-02
-1.111012237326229474e-01
-1.046856435703686083e-01
-6.784162049938953498e-02
-7.460364417646245250e-02
-2.361017199451383164e-01
-2.401458147915395691e-01
-2.123724244280686679e-01
-1.937579994295019759e-01
-9.768808911913133552e-02
-7.698843445754592618e-02
-6.579096197490985620e-02
-2.713029917537233549e-01
-2.546852596182111461e-01
-2.613897095618741839e-01
-2.615723505218945921e-01
-2.594241959426325517e-01
-2.785129919900333206e-01
-2.767970448727847255e-01
-1.137788240755471247e-01
-1.148055196716894211e-01
-9.242430268823563499e-02
-1.059226809574200651e-01
-8.299286065652999866e-02
-6.143998566583267623e-02
-6.861346334667149660e-02
-5.602842319955547018e-02
-6.106830670340664124e-02
-2.698606820984098542e-01
-2.640173852428551737e-01
-1.182739220473393860e-01
-1.016477672262979109e-01
-3.319356973211246009e-02
-4.932716453946957985e-02
-2.883455055907334641e-01
-2.880349218866413707e-01
-2.059743599901404376e-01
-1.961030054349356400e-01
-1.725730735258697301e-01
-1.821694251674976506e-01
-1.354515403028766218e-01
-1.501971540257417137e-01
-1.387705478150929594e-01
-1.239430783341747416e-01
-1.190958531538215820e-01
-1.151088506285465746e-01
-1.175146246628986091e-01
-1.274504813237785639e-01
-1.025436903366591102e-01
-1.011606798752636843e-01
-1.017110849642996612e-01
-1.094725760719641450e-01
-8.654563002477276557e-02
-6.851389088423741336e-02
-9.266326179271199004e-02
-6.271521772381447035e-02
-5.677733041384968454e-02
-5.065629518510229856e-02
-2.149891243719907752e-01
-2.059104210531210455e-01
-2.862654568999592475e-01
-2.852238203233676828e-01
-1.702520657187134023e-01
-1.529203842827383530e-01
-2.025596010255163448e-01
-1.869511370014630136e-01
-1.914669972583895874e-01
-9.968819386954148876e-02
-6.923581277223370134e-02
-1.129077142900762748e-01
-8.904651060690116360e-02
-2.359238677103512594e-01
-2.192510702984080129e-01
-1.378044212972332760e-01
-5.376958614847942783e-03
-4.337009001204422676e-02
-1.957001153640338387e-01
-2.024787045206442870e-01
-2.170807485166157125e-01
-1.715662388044554565e-01
-1.810788377967804674e-01
-1.712750844403687078e-01
-1.377468675235816176e-01
-1.446296113110316361e-01
-3.598301098216761390e-02
-4.785472960967152717e-02
-3.647265898908230025e-02
-4.944318187243530033e-02
-1.051729284695810535e-01
-2.378665415380722403e-01
-1.985330334486969106e-01
-1.993171071195577460e-01
-1.688670241426784568e-01
-1.514216319119564003e-01
-1.609416016020411289e-01
-1.515077500944743694e-01
-9.675996755015026096e-02
-9.470540476219761750e-02
-6.561994864136121153e-02
-3.701261984022671120e-02
-2.912109798589785498e-02
-4.043609728817763177e-02
-4.033523140669504486e-02
-4.651108022683582421e-02
-2.719136160061841334e-02
-2.373415218514033503e-02
-1.766423780786065267e-02
-2.095764934498079227e-02
-2.387659414954418705e-02
-1.787810162234587316e-02
-2.130042099701340980e-02
-1.288556918082281733e-01
-1.197872439548901408e-01
-1.398330718957160046e-01
-1.273969361440895898e-01
-1.307443075250091513e-01
-1.133913987320281924e-01
-1.223268975453623564e-01
-1.175006629709220013e-01
-1.052816069946181654e-01
-1.039491336294043333e-01
-2.036037258495865601e-02
-1.439801546457319947e-02
-1.833185616827829045e-01
-1.714596530370172678e-01
-2.685934652289259650e-01
-2.618400407168729460e-01
-3.484770099841736756e-03
3.257093797468399877e-03
-8.146370370064984212e-02
-5.810122084671972414e-02
-8.717395070783386102e-02
-5.718732219961224911e-02
-6.993834339029793810e-03
-2.504316468918577065e-03
-9.956329540510629184e-02
-9.017287281671523824e-02
-6.504124991324967964e-02
-6.924514996883222862e-02
-9.206004365210500306e-02
-7.215304153813677235e-02
-2.466306052740218080e-01
-2.367587453144853471e-01
-2.185349809982291835e-01
-5.497576211598352580e-02
-3.976886040320228022e-02
-3.674197174400085919e-02
-6.495638238117595886e-02
-9.288706424259364491e-02
-8.346754285786968375e-02
-2.526381462223824537e-01
-2.476960980988287264e-01
-1.495149675369020215e-02
-1.992616914148146595e-02
-2.946491785051584267e-01
-2.927913845446626917e-01
-2.526214671632882602e-01
-2.454474964816059368e-01
-1.498691144868516678e-01
-1.516169992973957492e-01
-1.373336607296732903e-01
-1.863391884023405942e-01
-1.744190726576095030e-01
-1.864794544031509738e-01
-1.929903314206980747e-01
-1.761176415291191566e-01
-1.499134488310232272e-01
-2.898290998862957379e-01
-4.508408295007670930e-02
-1.737434593004707345e-02
-1.634905525854529473e-01
-1.754030549707107089e-01
-2.799800080544982417e-01
-2.826213597519228182e-01
-2.809232870302902918e-01
-1.202227635750470064e-01
-1.325442688938056612e-01
-2.036257345912604322e-01
-2.145961713124912851e-01
-8.091841703529756291e-02
-1.054051262052562443e-01
-2.886389624447148750e-01
-2.766336139415128681e-01
-2.779174795323933744e-01
-1.067689453570732777e-01
-1.055771298728024055e-01
-9.869476534223613207e-02
-1.054119214730070975e-01
-1.210324861151799852e-01
-1.226148197959846670e-01
-1.355555824120860675e-01
-1.310687077088491248e-01
-1.519811362663358589e-01
-1.403022883240458152e-01
-1.461722463108550973e-01
-2.391137689766099639e-01
-2.283908539279910221e-01
-2.350227587402179408e-01
-4.814838128139627832e-02
-8.678700501717243054e-02
-1.912481142084637986e-01
-1.982140740656710698e-01
-1.878246084688479367e-01
-1.924000366083802871e-01
-2.118532730399372288e-01
-1.595522572285480445e-01
-1.509350598121206588e-01
-4.456211382375025593e-02
-3.159438256674020062e-02
-2.193110276350672960e-01
-2.158447828292085757e-01
-1.322334553480800645e-01
-1.492584015425178212e-01
-1.486565335849199532e-01
-1.990088796672270233e-01
-1.836510106044060564e-01
-1.207282850007241823e-02
-9.450468626275189757e-03
-9.732274999397443060e-02
-9.521459495528167283e-02
-8.604435238111701745e-02
-1.810864183107182557e-01
-8.609448278889354766e-02
-7.857548044822611211e-02
-1.779667363348648446e-01
-1.922477609090301742e-01
-1.849713096089642683e-01
-1.639204251574603588e-01
-1.622723281694296027e-01
-1.636384273031662173e-01
-9.555539644158081436e-02
-9.570176649768033506e-02
-2.588174496078897158e-01
-2.543968120122175880e-01
-2.137735762656468308e-01
-2.213499516574124193e-01
-2.768025414421448338e-01
-2.713467686867074291e-01
-1.950488662033645904e-01
-1.884385407899837883e-01
-2.810089705995084675e-01
-2.836252850480050491e-01
-9.421878296690144872e-02
-9.353599576985939523e-02
-1.184491174504743727e-01
-2.684394934981851333e-01
-2.745766515103048033e-01
-1.504760168164704370e-01
-1.321876657519401310e-01
-2.634327404401409223e-01
-1.393398565072926087e-01
-1.447691022549001394e-01
-1.639873168058929298e-01
-1.614376728089832735e-01
-1.749701013346440237e-01
-1.892953244131743429e-01
-9.518004402920074436e-02
-7.867265789443546320e-02
-6.588920110191875956e-02
-7.492129373159917005e-02
-1.603111441519125824e-01
-1.616492668054783644e-01
-1.472193602913955679e-01
-9.596985234079719040e-02
-8.245555555987314766e-02
-5.748169249205555692e-02
-7.165310985853066972e-02
-2.893036258555032325e-01
-2.861210224629380239e-01
-1.328416066863295775e-01
-1.464971550485228424e-01
-3.023380962159086943e-02
-4.806445546437079774e-02
-3.185607315955428509e-02
-1.295454746911788718e-02
-3.137761569516945431e-02
-1.422635931948378063e-02
-1.636871886022746858e-01
-1.597078707337853676e-01
-1.125458835828240106e-01
-1.300474759725018803e-01
-1.139748092267398871e-01
-1.421103337917088150e-01
-1.367057726290669961e-01
-2.180910018528440797e-01
-1.853676216718934122e-01
-1.841683522130753980e-01
-1.970306894541165310e-01
-2.056084352819877725e-01
-9.527753157871346468e-02
-6.865138611443422079e-02
-1.658976411687969887e-01
-1.744411765838625727e-01
-1.521435623401995452e-01
-1.749656141390795727e-01
-1.998447487987953242e-01
-2.066131642065272001e-01
-2.507291746149198919e-01
-2.456194295490873869e-01
-2.945827082679266518e-01
-2.926338691645811174e-01
-2.948711206472777180e-01
-3.326780225253436665e-03
-1.304941711185284535e-02
-2.277887038629982652e-01
-2.209038202306774779e-01
-2.540419236862042074e-01
-2.517354481472339200e-01
-1.599723265742819256e-01
-1.818656317762827879e-01
-1.489698884503568854e-01
-1.637190195813149618e-01
-1.959918610427478503e-01
-2.181858930922849493e-01
-2.590947633001220440e-01
-8.854696134843528799e-02
-9.397781622159720460e-02
-7.799497648029217467e-02
-8.894469137454573404e-02
-7.707062921274132616e-02
-4.327330451893669772e-02
-1.576397997193756673e-01
-1.876189596160472983e-01
-2.826671777326706381e-01
-2.432868675364777133e-01
-2.758763783401515512e-01
-1.865872050756059719e-01
-1.752166862710262396e-01
-1.351655358125025130e-01
-1.385815803528715195e-01
-1.552218994174611177e-01
-1.643746614842371556e-01
-2.337221645308960594e-01
-2.095227103067079100e-01
-2.416524952527997205e-01
-4.210927699907747457e-02
-2.927799391874380888e-02
-4.241280856926085696e-02
-2.754025837048585876e-02
-4.469323790663014967e-03
3.990945585320817939e-03
-1.204278382701774314e-01
-1.303868895576106302e-01
-2.860790442881152029e-01
-2.850685895932740799e-01
-2.860828472804700651e-01
-2.208504590240846777e-01
-2.470979479739237802e-02
-1.235126590722854245e-01
-2.433487548877580342e-01
-2.421834090987100563e-01
-2.484437601321325961e-01
-1.297860790159922062e-01
-5.983592688413163357e-02
-2.798478961182195371e-02
-1.345707914397264657e-02
-1.645454835076702246e-02
-1.414793089814372039e-02
-1.821547693170069357e-02
-2.245106317072392138e-02
-2.559734300662155557e-02
-1.300274378750369310e-02
-1.240923254231859202e-02
-2.894352566145807493e-01
-2.182381400738420962e-01
-2.224569278183875787e-01
-2.179177583303796017e-01
-2.541769538712580490e-01
-2.521344490811480710e-01
-2.234787814939645789e-01
-2.204433245863118007e-01
-2.115717560929163965e-01
-2.259075761100193813e-01
-2.486295003456628627e-01
-2.509782687515945132e-01
-2.469815974692332328e-01
-1.972951631193485822e-01
-1.801265062052647692e-01
-2.803765522951147116e-01
-2.833764909695430378e-01
-2.472506935799025640e-01
-2.506573651045500561e-01
-2.462473636107847808e-01
-2.555901686791001159e-01
-2.637278674245014387e-01
-2.625719653466974668e-01
-1.679318303101887469e-02
-3.095630225703925945e-02
-2.366625124707814609e-01
-5.396474953282307668e-02
-8.561991564539762900e-02
-1.797707254194341742e-01
-2.748448410538168463e-01
-2.735088941258481676e-01
-2.722722515602985505e-01
-1.975252645119123796e-01
-1.846335480446601174e-01
-2.048379670143666287e-01
-5.258037218593447637e-02
-4.664769881844098992e-02
-7.549366773077023640e-02
-8.157738709380496500e-02
-2.722234870131347573e-01
-2.842499597607434647e-01
-2.828675651102722788e-01
-2.607629563124096439e-01
-2.481704215327334984e-01
-2.472401152944924962e-01
-5.699877066097305822e-02
-7.059459052242796073e-02
-2.051788843743797552e-01
-2.067406622816469752e-01
-2.412659568037630597e-01
-2.437274476804932033e-01
-2.222968287520820652e-01
-2.036256430629045933e-01
-2.690797518078726358e-01
-2.648969186480489291e-01
-2.305024771827477725e-01
-2.240876106219914510e-01
-2.762336780177923612e-01
-2.412078079560209531e-01
-2.450454734066761509e-01
-2.537134264315419885e-01
-2.446568751655705531e-01
-1.688526700969420272e-02
-2.944664175636400177e-02
-2.029966600769020010e-02
-4.006837755671566192e-02
-1.831034675187838412e-02
-2.258502877804013931e-01
-2.324381872159606288e-01
-1.966176115683482550e-01
-2.107003440309256903e-01
-2.021943966186869335e-01
-2.142901838194186115e-01
-2.183367094903684580e-01
-2.094994852942079488e-01
-2.132950614454323934e-01
-2.249537031884723537e-01
-2.192408508984202142e-01
-1.802976437064778836e-01
-1.936173027405060920e-01
-2.912742310763385412e-01
-2.891028442224898853e-01
-8.264432911016679484e-02
-1.641893513303882002e-01
-1.620091337483840765e-01
-1.388635322200642008e-01
-1.431445464199712636e-01
-1.356768747216444693e-01
-1.421561378619537463e-01
-1.291904418500340324e-01
-1.200043001352922162e-01
-2.854871755423070145e-01
-2.110813876095500863e-01
-2.082412476459152284e-01
-6.470381037114790457e-02
-8.142929783749343342e-02
-2.917707267782175262e-01
-2.889692490725495611e-01
-2.899191914378023704e-01
-2.208734378562545730e-01
-2.257445615934070282e-01
-2.059648946609182463e-01
-2.083438308347651813e-01
-1.894509873438828679e-02
-8.338586143238580980e-03
-7.299750626604963911e-03
-9.200523736694712559e-03
-1.256493065546997710e-02
-1.172073245515768518e-02
-2.244546510336617191e-03
-9.390066260844327772e-03
-1.348162200869492955e-01
-1.247601582273253906e-01
-1.002660162949279773e-02
-2.302970586743609271e-02
-1.766686964640555926e-02
-2.796423726991200676e-01
-2.782259040393575966e-01
-1.600192251101608676e-01
-1.731288852685967661e-01
-1.635643268026181485e-01
-1.571164800761164215e-01
-1.828488343561151253e-01
-1.858289127120101858e-01
-2.846607146416424983e-01
-4.426248245485570054e-02
-6.258023842121758495e-02
-4.370174877839071853e-02
-4.567521470896253322e-02
-2.469044548630353608e-01
-2.499245873047385436e-01
-2.362533770307357617e-01
-2.398971702110166138e-01
-2.752438971400507639e-01
-2.732804463796738581e-01
-2.523082533924088031e-02
-9.516862922626340843e-03
-1.516632363652648322e-02
-4.576560583510860120e-02
-5.936691472024847871e-02
-6.982098739064833415e-02
-2.786251821918313554e-01
-2.778477858461979588e-01
-1.252140574471976853e-01
-1.387594994299242712e-01
-2.456783365708312961e-01
-2.436242814484945729e-01
-2.517891035842745873e-01
-2.363293329674935606e-01
-2.393426682881894529e-01
-1.645703834660368903e-01
-1.550749076352610223e-01
-2.742221851994380843e-01
-2.801810825404464356e-01
-2.720271430033892046e-01
-2.697999048498041508e-01
-2.632701009006334636e-01
-2.934185050267222317e-01
-1.497934366025802377e-01
-1.329620787482523048e-01
-1.149239001942973376e-02
-4.124607294786255401e-02
-2.473041004049308239e-02
-1.132374308701928310e-02
-1.299535024195804314e-02
-1.064859857395558107e-01
-2.415639551992833645e-01
-1.186224479570489876e-01
-1.037260204780360712e-01
-1.255702613654179345e-01
-2.548912744935142860e-01
-2.566135771653548781e-01
-2.792334953752323434e-01
-2.766059692369440826e-01
-2.768244413367786927e-01
-2.402966932745716766e-01
-2.445963707360837847e-01
-2.508955904592737318e-01
-3.008049442965518572e-02
-5.010964635734359296e-02
-3.155873469866841280e-02
-1.091425081955474732e-02
-2.417416437693253595e-01
-2.551261303010374792e-01
-2.561017142256327705e-01
-6.684054664818427083e-02
-3.567425322865004633e-02
-4.190635451866605438e-02
-4.601092378800437227e-02
-2.813763587751616502e-02
-3.798535597276420789e-02
-2.463253750815897758e-01
-2.516075081550875336e-01
-2.390361806467615202e-01
-1.048135236156216704e-01
-8.203761782713228645e-02
-1.635344370704632511e-01
-1.861336868502321551e-01
-1.998941072831872945e-01
-2.084148962305875652e-01
-1.317880464553512210e-01
-1.155885512290226319e-01
-1.567378313845132209e-01
-1.497488290796412103e-01
-1.588968642234094286e-01
-2.687722483984598676e-01
-2.767964286384078654e-01
-1.174049182306504541e-01
-8.613650803558302316e-02
-6.739316140683918044e-02
-2.444337051591967749e-02
-1.224952239197111235e-02
-1.675420443141462101e-01
-1.463879352933053213e-01
-8.923080435461372417e-02
-3.467831400968410943e-02
-1.628229978637401459e-02
-1.559841030856362609e-01
-1.783889168044968665e-01
-2.048737060602861815e-01
-2.104052222930832827e-01
-4.838078075656149918e-02
-6.108178176089298222e-02
-8.656155977423138359e-02
-9.483083408473157172e-02
-1.051506977546751292e-01
-1.067269303224404609e-01
-1.495424574382253347e-01
-1.472521708868248791e-01
-1.452654097728243165e-01
-1.229886639809285309e-01
-1.275937461330847456e-01
-1.110656294816210199e-01
-2.302089544978151159e-01
-2.413146335741757353e-01
-2.171892225237150864e-01
-1.669818498869144741e-01
-1.597517703757923568e-01
-1.747807540473410859e-01
-1.051535190131062669e-01
-9.962532255440265105e-02
-1.325280195467141431e-01
-1.207510541009344969e-02
-2.389120226571042269e-02
-1.581302065366160525e-01
-1.561086868190506849e-01
-7.419276245035955064e-02
-4.999580485387713352e-02
-2.380537732661298089e-01
-2.262839170415657242e-01
-1.408805049638270912e-01
-1.293117360153281936e-01
-1.118258112457408970e-01
-1.284314750002139294e-01
-1.701390962175879373e-01
-1.613636351018961634e-01
-1.592988591059170678e-01
-1.606040817223609862e-01
-1.550059508584121781e-01
-1.407638316106535614e-01
-6.993602533087306394e-02
-7.244422501512917667e-02
-7.475674385934120980e-02
-1.709331142876665544e-01
-1.771037932517174895e-01
-1.711676544535774558e-01
-1.678709165140667148e-01
-2.415014224153856637e-01
-2.202151105939845199e-01
-6.937358289794902377e-02
-3.562225253948136938e-02
-2.464340338726235882e-02
-2.793396441954164033e-01
-1.096709462261514778e-01
-9.212789007933194774e-02
-2.435399561020392123e-01
-1.019977600508518156e-01
-2.900394173878896864e-01
-2.911032134491773893e-01
-1.031026887755491783e-01
-2.256606534280585497e-01
-2.292880399795595436e-01
-2.229705847984377320e-01
-2.877422280004512389e-01
-2.815665942950156819e-01
-2.764794499365167968e-01
-3.792799177024958751e-02
-2.904459662731238012e-01
-2.876382260232687726e-01
-2.541239538216309435e-01
-2.646514477211393546e-01
-2.690044841831370492e-01
-2.629052213921481695e-01
-1.991323980789325709e-01
-2.099872111499141991e-01
-2.598139098456261897e-01
-2.653157803384681990e-01
-1.796456049079919459e-01
-1.818546120713628034e-01
-1.446031682701525156e-01
-1.550253944918041638e-01
-3.167449611171057038e-03
-2.098795650456794157e-02
-2.057114737956962716e-02
-1.868713578849032497e-01
-1.895084883648370522e-01
-6.456103976160122715e-03
-3.802458284621255957e-02
-2.063640036976094674e-02
-7.491062819861667166e-02
-6.747373018019382773e-02
-4.677053003153384958e-02
-8.303635910510094587e-02
-6.490060921391417603e-02
-2.441026934597002873e-01
-2.413516022559709373e-01
-1.396992107500658886e-01
-1.491838686404131920e-01
-1.201852581754449673e-01
-1.021191472897488989e-01
-6.264528889653494213e-03
-7.420778018444190716e-02
-4.949813568876475223e-02
-3.098879313646869457e-02
-4.820053249442721871e-02
-2.131498225851517422e-02
-2.756219947828547068e-01
-2.518167316475930506e-01
-6.371299990830764370e-02
-2.935099237255731075e-01
-2.925564317019895277e-01
-2.940964554777680262e-01
-1.054237297064766765e-01
-1.152914806650245511e-01
-1.158469155654818922e-01
-2.555390143069850573e-01
-2.554766124088219681e-01
-1.429611235199698405e-01
-2.695112590286140031e-01
-2.731930104627346423e-01
-9.804454062322814911e-02
-1.150704183523669349e-01
-1.065429424347512782e-01
-8.467956082248596916e-02
-3.761374243913515047e-02
-5.847507165183890576e-02
-4.353478776320537230e-02
-5.301745677126870615e-02
-4.017566560761427069e-02
-1.061752176199593778e-01
-1.155274516763630382e-01
-7.506707487245362076e-02
-6.822927014618229702e-02
-2.198547817290619211e-01
-2.242013431853080163e-01
-2.356324546892473171e-01
-1.298372249282090107e-01
-1.424656988821386139e-01
-1.621542002822145001e-01
-1.554157736729576689e-01
-4.569601228167712720e-02
-5.097764154179686841e-02
-2.418837335538095434e-01
-2.430322428582914751e-01
-2.430844566423311370e-01
-2.316111256071478608e-01
-2.277592772693746714e-01
-2.806387470486371161e-01
-1.524445348690795995e-02
-2.806865020360776661e-02
-2.177365182719580641e-02
-1.875504513703507015e-01
-1.961568202641135461e-01
-1.959775914226536964e-01
-1.956307419410134030e-01
-1.447936078866064735e-01
-1.344365050400302963e-01
-2.527072574296782559e-01
-2.601519742636048127e-01
-1.113764468884006070e-01
-2.921648682921715312e-01
-2.928980913693350896e-01
-2.492358429054375990e-01
-2.528442072594466183e-01
-2.880295061142246899e-02
-6.371187700607597315e-02
-7.588946270493868163e-02
1.994233129792778291e-03
-1.409349735774032171e-02
-2.077887251553877379e-01
-2.025022875292107061e-01
-1.967000569284606537e-01
-2.079327139465471097e-01
-5.565144778793786051e-02
-8.666386411010551516e-02
-7.099844333924715256e-02
-8.547139398502295871e-02
-1.147981409786724694e-01
-1.091634995893712712e-01
-1.182338261196146934e-01
-1.133663597571714921e-01
-2.226347921603183955e-01
-2.205097067036295710e-01
-2.568505017602442098e-01
-2.468560906589735426e-01
-2.427987521439523289e-01
-2.455759648689002650e-01
-9.997749307556966225e-02
-1.115389053755693333e-01
-1.010136158415146368e-01
-1.036668144143610415e-01
-1.121546160039328111e-01
-1.001098883278648405e-01
-1.155589374822263288e-01
-1.111977468214307152e-01
-1.405570362285798736e-01
-1.427411279500334640e-01
-2.361243896545513477e-01
-2.391708101076318593e-01
-2.350065906046672481e-01
-2.499115276031110000e-01
-2.613975999084511281e-01
-2.581652045687146679e-01
-9.044898173966881005e-02
-6.420289355975954126e-02
-1.954874251118532413e-01
-1.934549200859440876e-01
-3.674778107576692071e-02
-2.339300669587156267e-02
-2.902770674826793962e-01
-2.882073887818301650e-01
-2.913320076230141997e-01
-2.144834685886784845e-02
-9.381921634261790321e-02
-1.014048522382250128e-01
-5.924032905842616104e-02
-5.239410050039797900e-02
-1.795311310635118451e-02
-2.400086524727331264e-02
-2.530196398558540172e-01
-2.882011220795184236e-01
-2.907740032999577284e-01
-1.753216363453862781e-01
-1.808357477166626370e-01
-1.624593781288891647e-01
-1.388092403434224575e-01
-1.504365734656943621e-01
-8.662247209833504047e-02
-7.380510656559934046e-02
-5.512840353723041237e-02
-5.457346180231247706e-02
-1.953072093285868754e-02
-8.790433254101039096e-03
-2.108360542850403266e-02
-1.407182091901356541e-02
-2.548251145370898293e-02
-2.562741679649324644e-02
-1.694803942405654143e-02
-1.873867977099549428e-02
-9.372897807381452839e-02
-9.372266911656230992e-02
-9.250902852616169070e-02
-9.432671176056632578e-02
-2.517181698006621948e-01
-2.480964147996785052e-01
-1.696718632128990378e-01
-1.704736525435898153e-01
-2.613804796890097926e-01
-2.570540647123046862e-01
-2.024878511004599702e-01
-2.175155107688518941e-01
-4.954240232389684612e-02
-5.637639276942683214e-02
-1.399592450694508439e-01
-1.541556815799559610e-01
-1.598778339955161387e-01
-1.734732251388133029e-01
-2.548832385953676560e-01
-2.617118683825879755e-01
-6.015542294524116318e-02
-1.293475032486398335e-01
-1.976086810583192188e-01
-1.912643617150968922e-01
-2.003219257800326336e-01
-1.813881096676236149e-01
-1.793885406196035759e-01
-2.839682853947199104e-01
-2.902223162275489876e-02
-3.047919044674471042e-02
-2.974919950515167791e-02
-5.282597741730158530e-02
-2.993755445789357539e-02
-2.984691111249468051e-02
-8.055446030900828558e-02
-6.172917663754329959e-02
-1.060998148788399459e-01
-6.316920813081113029e-02
-3.405578554650079415e-02
-1.771468314278171197e-01
-1.878137560329848910e-01
-8.308126496250199666e-03
-2.156443466732322900e-01
-2.246994537864551444e-01
-2.057285355795487602e-01
-1.933647678156412975e-01
-2.044316639622777987e-01
-3.781247598421727529e-02
-5.032541513904982555e-02
-4.402521385950685512e-02
-6.425373453532184920e-02
-5.361953180476985992e-02
-1.231289367173385857e-01
-9.411619485104479044e-02
-1.201015738370142805e-01
-1.014635243537924808e-01
-2.212360309962931038e-01
-2.335170352702504726e-01
-2.743052745176581264e-01
-2.757188480148772269e-01
-1.111789475173431546e-01
-1.221450198821384531e-01
-5.003597846790890091e-02
-2.812048819504480227e-02
-2.600905769121160047e-02
-2.108408683331570652e-02
-4.787245040092926590e-02
-2.755563791086663647e-02
-1.094860314468935336e-01
-1.260525771823205743e-01
-2.657423368378969419e-01
-2.088612475321075523e-01
-2.200098761833155780e-01
-1.031937392983478113e-01
-1.094598391189274961e-01
-8.700414082806971761e-02
-9.813881344014163677e-02
-1.881591789486184996e-01
-2.022871716816156684e-01
-2.065568704293187230e-01
-2.052626866383304438e-01
-1.941100177006481742e-01
-2.198337860470318816e-02
-1.421827261687245471e-02
-2.688879857286744501e-01
-2.715056482829439899e-01
-7.338797617179387833e-02
-6.929235604117960079e-02
-1.487965101722001915e-01
-1.503343741299341674e-01
-1.597954369392421137e-01
-1.456760633616927259e-01
-2.778542545330563440e-01
-2.839498149794713600e-01
-2.310220064325458067e-01
-2.259619711229940708e-01
-2.315951790962711421e-01
-2.300080447667413597e-01
-2.194534933885038397e-01
-2.170965055486509532e-01
-3.070995568897976619e-02
-1.410564647972496928e-02
-1.488397140949264917e-02
-1.701613209450612146e-02
-2.847291118957301359e-01
-2.824245337428779590e-01
-1.141454987478968813e-01
-1.135555262257811754e-01
-9.540338109680374101e-02
-1.104439995708084432e-01
-9.929383532945296187e-02
-1.008917277168513704e-01
-1.106607630375635101e-02
-1.705929439794738253e-02
-1.250662935039887347e-01
-1.409907181795174991e-01
-1.155419365647836483e-01
-3.504005140027765131e-03
-1.126498396153900565e-02
-1.627292592340756627e-02
-1.746027449258940462e-02
-1.973445023114160646e-02
-2.106518812027609322e-02
-5.458549766963259435e-03
-8.300063548594849988e-03
-4.694726749324987236e-03
-4.723913359078152352e-03
-9.845777602697888126e-03
-4.667375728924260878e-03
-2.690926874363439025e-01
-2.845812363157619318e-01
-2.864683796517269454e-01
-2.820536813194334802e-01
-2.873024989738156565e-01
-2.922485816003297376e-01
-8.358610780699363141e-02
-9.072593226130293287e-02
-5.613256817638530988e-02
-5.627832072714925027e-02
-2.717913758408845304e-01
-2.680365626522855371e-01
-1.430190297113144715e-01
-1.384407446735307357e-01
-2.581041067859262683e-01
-2.657133065204229094e-01
-2.856764501511803722e-01
-2.862796733408967120e-01
-2.373737559203582814e-02
6.788394694389385080e-03
-2.812383982770377822e-01
-2.803899621217978977e-01
-1.170430726106377051e-01
-2.964076365305744476e-01
-2.959949834048046236e-01
-2.962236191853588885e-01
-2.964642205695249833e-01
-2.946514770040198350e-01
-8.297256706742663773e-03
-2.607569068336089771e-02
-5.145036985915808769e-02
-7.316365600782206990e-02
-6.626486327392377973e-02
-2.832395264439679927e-01
-2.865485899125742031e-01
-9.315919848127135125e-03
-4.458355266066745676e-02
-7.705021221191596381e-02
-9.115217898286427645e-02
-1.810035680794313817e-01
-1.797938304342585614e-01
-2.745819897855231867e-02
-2.204239636331236166e-02
-9.625272540845769900e-03
-9.158679854891457403e-03
-1.136786539154218262e-01
-1.007122751232294028e-01
-1.571862627836824455e-01
-1.459649250071503868e-01
-1.716468835801531478e-01
-1.817015776339911404e-01
-1.098544287936074754e-01
-2.589580538534692195e-02
-2.804436111351348709e-02
-2.796280497386606223e-01
-2.834225544055543611e-01
-2.920011372168926367e-01
-2.818920999458925380e-01
-2.860334032658962133e-01
-8.649471262035692345e-03
-2.802602358918864223e-01
-1.344387537400785482e-01
-2.590865242991792772e-01
-1.863487443711806524e-01
-1.832516751149574352e-01
-2.429562449150927672e-01
-2.398932304302887897e-01
-1.884344889109068333e-01
-1.720044586485528493e-01
-1.750135898619042396e-01
-1.364105470756420413e-01
-1.302465579206948387e-01
-1.651944066159410918e-01
-1.527632507044018595e-01
-2.330623344699717103e-01
-2.222042847787155107e-01
-2.770370924443547045e-01
-2.911568232029662084e-01
-2.932721957101592780e-01
3.669730609588264369e-03
-1.409265418847502893e-01
-2.496201710916670924e-01
-2.390482395317637954e-01
-2.740992418667356212e-01
-2.766103473089739917e-01
-1.694862376427831163e-01
-1.467079279307047235e-01
-2.451881453863054838e-01
-8.463629342995926397e-02
-8.247827915738342730e-02
-9.841099847438165849e-02
-2.439942824564629298e-01
-2.481583232550184648e-01
-2.086260826591757045e-01
-3.897905355261381544e-02
-2.918768999896237046e-02
-2.094255620870829893e-01
-1.549084932838477591e-01
-1.362205102970021620e-01
-1.525613791407812725e-01
-1.188260040638142306e-01
-7.941039501238709997e-02
-2.947534164671287149e-01
-9.647664689340329502e-02
-7.585313875556640162e-02
-9.908812923814722118e-02
-1.248634765122379059e-01
-4.989574351197002128e-03
-2.187460418924454253e-01
-2.178264192736192872e-01
-1.913715033067351634e-01
-1.921213148021911621e-01
-1.477998807023487571e-01
-1.551919952140747017e-01
-1.675791552777310123e-01
-1.728746340198861475e-01
-1.754209049444112045e-01
-1.822295597714768123e-01
-1.225290700692824725e-01
-1.176788595068867793e-01
-2.687976152006061326e-01
-2.652688314995484409e-01
-2.093546731222062085e-01
-1.993206075383908704e-01
-6.419090327995245759e-02
-1.071554758648694539e-01
-4.499733579970188746e-02
-1.441498874714156400e-02
-2.005176759152048349e-02
-1.596266612304683141e-01
-1.540803175829303096e-01
-2.856946082669320486e-01
-1.362434289906625240e-01
-1.143438152889096060e-01
-9.071978129235240551e-02
-5.509556396095221381e-02
-9.836815454063321806e-02
-5.964614838987712664e-02
-1.847835649975023212e-02
1.064797227018946072e-04
-1.845263541789858575e-01
-1.536025216512694747e-01
-2.679725733938275178e-01
-2.766061263318602137e-01
-2.231263770005028069e-01
-2.228792736251392903e-01
-9.635045169603455306e-02
-1.016680553575515476e-02
-1.711418066131922822e-02
-2.273139863764250465e-02
-2.339389800247541895e-01
-1.357831278685528720e-01
-1.445866798076591297e-01
-2.486315062514153629e-01
-1.147633502509221859e-01
-1.221474021053251119e-01
-1.506942015325025974e-01
-1.377784458423355340e-01
-2.824469700926900972e-01
-2.798637607438778097e-01
-8.441193147639967920e-02
-1.186782285158357597e-01
-1.950119760579021311e-01
-1.739652787312147564e-01
-2.332817312812192068e-01
-2.206364761263057972e-01
-2.149822277657841840e-01
-2.112239099738069670e-01
-4.722184497074066734e-02
-1.585013127041060288e-01
-1.644873729352861469e-01
-1.669600494939342261e-01
-1.546634743765506748e-01
-2.710895869511067424e-01
-2.190628586338516995e-02
-8.517305081721049387e-03
-1.448879511265856457e-01
-1.251405583539019206e-01
-5.207445153030674373e-02
-2.097383242953713978e-02
-1.706937783786991458e-01
-1.820524817013053354e-01
-2.503631905708562089e-01
-2.819461911829572176e-01
-2.770347312057576672e-01
-1.649770319006498287e-01
-1.819860300693523503e-01
-2.695908108604163633e-01
-1.289272921931002569e-01
-1.267399096570503148e-01
-1.577769929989204512e-01
-1.564995704825332401e-01
-2.344391209916008023e-01
-1.126591255183240492e-01
-1.019346808819763806e-01
-1.008600725657819580e-01
-8.293367113510002886e-02
-2.381914311523332939e-01
-2.342683898397288633e-01
-2.477585689267237379e-01
-2.407647830306048897e-01
-7.804075754795700148e-02
-6.181388262018699259e-02
-7.072025914760385334e-02
-5.874479632136248020e-02
-2.311060095249175550e-01
-2.272865826536163425e-01
-2.521996315759391649e-01
-2.388719778685985673e-01
-8.900950642644435418e-02
-2.547352000295192154e-01
-2.579799076936261093e-01
-3.218354658411189811e-02
-6.023959980324402469e-02
-2.173678436060886565e-01
-2.269462877082249752e-01
-6.278133024068087431e-02
-6.173870132083075779e-02
-3.334862216348594838e-02
-1.847627674859525851e-02
-3.788640855165156807e-02
-2.819252445174091209e-02
-5.012468191328444539e-02
-5.671703410696231351e-02
-9.415631365695217858e-02
2.079608087374771198e-03
-2.662698801091505779e-02
-1.608780938302237784e-01
-1.603526848842614094e-01
-8.753914128464666822e-02
-1.491725702941706366e-01
-1.303195506835786166e-01
-1.247314980405302420e-01
-1.353976316421833248e-01
-2.350570315357711770e-01
-2.390809225632340440e-01
-1.985854934813965911e-02
-1.530378110681326065e-01
-1.848817145247266813e-01
-1.960298574944842054e-01
-2.052816687727065936e-01
-2.035057568492158186e-01
-1.889746493416328832e-01
-1.865940071650599441e-01
-1.828596237729111784e-01
-4.783760312306962158e-03
-5.473268290044486228e-02
-1.878588223242345367e-01
-1.771250524622467459e-01
-6.361783796633488364e-02
-2.131894196051878354e-01
-2.136849026852761235e-01
-2.436425869247088871e-01
-2.526882267750488187e-01
-2.589613658709532529e-01
-2.613750347710751543e-01
-2.177273463161492340e-01
-2.061468272120831613e-01
-7.219135676801462231e-02
-4.043216085289866313e-02
-2.700981646782272261e-01
-2.659260624136630113e-01
-1.962265491279900353e-01
-1.996430394884153858e-01
-1.155466792147526456e-01
-4.612973530446701220e-02
-4.859757048691695086e-02
-1.648842323877710569e-01
-1.868143755818353624e-01
-1.129597574112331665e-01
-6.848859736352520822e-02
-1.450261027472643793e-01
-5.841505884071736265e-03
-2.609136088190364688e-01
-2.561205470560763975e-01
-1.332408332351977254e-01
-1.781363718081376557e-01
-2.192147637982085895e-01
-2.779106593827259664e-01
-2.354603665833326365e-01
-2.298876207021602891e-01
-1.216122996039936122e-01
-1.023418953015527294e-01
-1.079618949176050086e-01
-1.376971646046682429e-01
-2.954123647789535512e-01
-2.967922652159672436e-01
-8.905672176794959816e-02
-8.898097103471688807e-02
-5.569495628991195935e-02
-3.420070072279205592e-02
-1.697658556453724432e-01
-1.786882364777756527e-01
-1.752080516930517862e-01
-1.622995006623220160e-01
-2.259610534672105708e-01
-2.186194873291449903e-01
-6.777112380656699631e-02
-4.882137800718900494e-02
-1.606114070394067950e-01
-1.518987281000939993e-01
-2.441414031203874568e-01
-2.404412814705514656e-01
-2.487195985350150740e-01
-5.535783611795747766e-02
-2.844486528464176822e-01
-2.849361808227203197e-01
-2.188441078744543800e-01
-2.115200730592123046e-01
-2.160214251728968804e-01
-2.171673234444085887e-01
-6.019913207676820532e-02
-3.984935497480299182e-02
-1.797368958988324328e-01
-2.110192720641782538e-01
-2.112427433907074770e-01
-2.117021416809934942e-01
-2.194161716264956263e-01
-2.114841621753870415e-01
-2.183489219094802425e-01
-2.044900422140072394e-01
-2.103012683408359840e-01
-1.958573250084881812e-01
-6.958072305422050019e-02
-8.632904901668364550e-02
-6.090225631743248491e-02
-1.049845726390043026e-02
-2.174491199661104587e-02
-1.048888792847038620e-02
-4.115655518995659130e-03
-7.738728532435563967e-02
-6.465487860357332917e-02
-2.773175163397037166e-02
-8.214893039325212032e-02
-5.882180119233010318e-02
-2.039572035264098082e-01
-2.811028143806778012e-01
-2.401345723221084416e-01
-2.006717311146720417e-02
-1.596091082042690179e-01
-1.487197989969906986e-01
-1.196115679111086766e-01
-1.081757665202863067e-01
-2.041455218682871331e-01
-2.701217683534819503e-01
-2.754551693714692995e-01
-6.384447565514725365e-02
-5.222119512507691214e-02
-1.111383847587735507e-01
-1.097356543199229373e-01
-2.825608452317246444e-01
-2.226841827783609673e-01
-2.696776667967733243e-02
-1.175593879577234296e-01
-1.970951196124659244e-01
-1.772603404834920127e-01
-9.563148366051286986e-03
-9.094912969498940292e-02
-7.402692136352739816e-02
-7.206105925404869550e-02
-1.178197149387708587e-01
-1.222545541002009878e-01
-1.225603626281295822e-01
-1.315578418728754750e-01
-2.472220518753276142e-01
-5.689482617804753756e-02
-6.706513995979188070e-02
-2.741247135580340277e-01
-2.338615966941055835e-01
-5.499472723859478995e-02
-7.021605780569106781e-02
-2.754837713671638988e-01
-2.760614743973592855e-01
-4.266381846611772694e-02
5.320365010429577851e-03
-6.165024645556514693e-02
-7.840848795080471167e-02
-1.712878092691300924e-01
-1.616245670541646973e-01
-1.528285806599144203e-01
-1.397164439919252876e-01
-1.500489428677767301e-01
-1.528833449979307424e-01
-1.018479546582198997e-01
-1.748011100080327784e-01
-1.795256529287121705e-01
-1.404163371549004280e-01
-1.539484270511244368e-01
-1.343763746548566340e-01
-2.182597894806581340e-01
-2.128492598844457795e-01
-2.167835762836499702e-01
-2.222252197640687543e-01
-1.423137232278877951e-01
-1.500420328547643067e-01
-1.302139744737698113e-01
-1.654247749829003133e-01
-1.745465238265732355e-01
-1.674490830433303379e-01
-3.591297523224269705e-02
-2.198625001661540235e-02
-1.028482197167469164e-01
-1.501081294758940254e-01
-1.822340663800088856e-01
-2.153089323121598619e-02
-1.177392425238224655e-01
-2.299564081730246790e-01
-5.962062478629145956e-02
-7.765924793694099770e-02
-1.247817899462901337e-01
-2.933430636684152271e-01
-1.728446438265519858e-01
-1.791339927079235450e-01
-5.374312283927158013e-02
-1.003115859400243032e-01
-7.667017585209026653e-02
-1.216146382906875545e-01
-2.842903228151362205e-01
-2.851149610449655869e-01
-2.849786513730862003e-01
-1.226564223393367820e-01
-1.966746834762723439e-01
-2.103592042206888502e-01
-2.068201990694275849e-01
-1.905351489852283864e-01
-9.213698730830106876e-02
-2.706447643252467561e-01
-2.689445266676355195e-01
-2.654779691777320316e-01
-2.640535470122581940e-01
-2.233751274577213120e-01
-2.241982396804745037e-01
-2.170069155449757536e-01
-2.353685800578094456e-01
-9.515712191938020814e-02
-7.141143786992228126e-02
-3.239256976566846219e-02
-1.739744811822838688e-01
-1.902169881780773064e-01
-2.718326872339097214e-02
-5.317396758330860534e-02
-2.127613936361312241e-01
-2.023408665682798202e-01
-1.858521983470171890e-01
-5.912015834636062152e-03
-1.629710020946113086e-02
-2.734623386572231918e-01
-2.752591428082507008e-01
-1.282982300784730467e-01
-1.141421291663674703e-01
-2.842928254232386931e-01
-8.131404352302958050e-02
-7.537082368386799347e-02
-1.029095317827219552e-01
-1.022464649247739471e-01
-2.132586976615181429e-01
-2.817266001857451907e-01
-2.548726679258379590e-01
-2.536921234033464589e-01
-2.619365227807046725e-01
-2.590864891727734376e-01
-2.652148525600684370e-01
-2.790058828499206167e-01
-6.201574861708155501e-02
-7.945831899886825200e-02
-7.557257772627121173e-02
-6.772141402596731918e-02
-2.023210491743576422e-01
-1.619996478776420945e-01
-1.530886759990729429e-01
-1.655376725740815569e-01
-1.738312001279266050e-01
-2.239100255604619949e-01
-1.811707993073273792e-01
-2.012252838430755586e-01
-2.063539603276005607e-01
-2.051867310699169444e-01
-2.140821156982873619e-01
-2.078711848779652427e-01
-2.721982483254760665e-01
-2.561931584640972284e-03
1.049009503875353278e-04
-1.423933449653778764e-02
-1.519067262723989599e-02
-2.781896730051814370e-01
-2.797816301509705728e-01
-2.786322233008534655e-01
-1.781769414915870264e-01
-1.329866461216873130e-01
-2.782555771636295305e-01
-2.795201320998254024e-01
-2.841613874379061988e-01
-2.820647461523475563e-01
-2.304897470399998316e-01
-6.074290947126181894e-02
-6.762452603983266919e-02
-7.706679939486638098e-02
-2.954589984768439814e-01
-2.932943590673222078e-01
-2.102691796980798167e-01
-1.776773583425668712e-01
-1.808865488303823266e-01
-2.105979291352026161e-01
-2.237654844826600653e-01
-2.166150622654194058e-01
-2.082567124358230548e-01
-2.713564526142220323e-01
-2.679933628597900297e-01
-2.770617805483484020e-01
-2.215736617482458037e-01
-4.104988166528562854e-02
-2.670267009435960959e-01
-2.744965017294627163e-01
-2.820023600492605476e-01
-2.859768165983981869e-01
-6.295175975425825257e-03
-1.086128940760503359e-03
-1.289181433156368984e-03
-2.452588667617226163e-03
-2.581008091091651635e-01
-2.785689323222199643e-01
-2.750497664130425179e-01
-2.324516211907128593e-01
-2.311278222415116823e-01
-2.624100527337848709e-01
-2.548192691923934494e-01
-2.666148132569827744e-01
-2.732996106271655123e-01
-1.893479870294961509e-01
-2.021414740261507637e-01
-2.578530392204978483e-01
-2.165347404311333546e-01
-2.276180908866433927e-01
-7.452361812551884512e-02
-6.051819357593368059e-02
-1.729813499140060440e-01
-1.829397265898161373e-01
-2.797699447547500884e-01
-2.736739994531127707e-01
-2.842170906972779076e-01
-2.350795317715157207e-01
-2.361095863366337588e-01
-2.588216941392065817e-01
-2.618597335137392568e-01
-2.386355108184889939e-01
-1.868879720677015244e-01
-1.923979571743136274e-01
-2.582341902962949631e-01
-3.837252412820795974e-03
9.562162283888103048e-03
-1.996403523332400398e-02
-2.362394799020139102e-01
-9.537005245638196724e-03
-2.941108822327588301e-01
-2.724491556130486658e-01
-2.233697221282792689e-01
-2.290236928772675651e-01
-3.691516889818416414e-02
-1.593541248251068021e-02
-2.189378769830067906e-01
-2.343268708473814077e-01
-2.683954719959641966e-01
-2.119331085093774814e-03
-1.774186987303933566e-02
-3.884904568497694194e-02
-4.881004254809846732e-02
-2.332985823987711871e-01
-2.340902843676987699e-01
-2.312818637733273230e-01
-2.935377333399414312e-01
-2.808651136487627653e-01
-4.564955150886794259e-03
-7.463940429133814926e-03
-2.212239236790165264e-01
2.405692377385640606e-03
-1.343214539723485562e-02
-2.679888183468186018e-03
-4.021578604550378119e-03
-2.003035437188916967e-01
-3.066927282308252664e-02
-3.644875466996302937e-02
-2.912560570966807316e-01
-2.322288680185262133e-01
-2.248577519134559166e-01
-2.777426286796467192e-01
-2.719194959867138883e-01
-2.804316227658465999e-01
-2.803324220347110374e-01
-2.240149100992702424e-01
-2.822633688788535600e-01
-2.818706847236122637e-01
-7.014526784512167823e-02
-8.863927796673282122e-02
-2.606851913176798097e-01
-2.894547507878456605e-01
-2.323529853689354774e-01
-1.456390686354404329e-02
-9.000693901874417743e-03
-5.065107678903816094e-03
-1.866401622574844973e-02
-7.636721665014972737e-03
-5.803384126485283158e-03
-5.752476813464820621e-02
-2.342527155782431758e-01
-2.719049574560056803e-01
-1.941835339445440733e-01
-1.701806213985921357e-01
-2.054639877932212810e-01
-2.614984732428408606e-02
-2.089539292602596854e-01
-2.131907536058620933e-01
-2.018067527935090699e-01
-2.211700982713902253e-01
-2.189163635441327971e-01
-1.721917312548917889e-01
-1.650288334409527047e-01
-1.240304507139513845e-01
-1.242216685927336473e-01
-2.020759936962708905e-02
-1.570587002792232095e-02
-3.928385451119488503e-02
-6.459133239391418035e-02
-5.488354065895714728e-02
-1.332028096256628880e-01
-1.380546817335321641e-01
-1.441121893197129522e-01
-1.504986518827892139e-01
-3.793336835320186562e-02
-2.873359695056257879e-01
-4.487667325119707937e-03
-1.098549898917727981e-02
-2.254728628814716123e-03
-3.921078237422631618e-03
-1.256814136124601300e-01
-1.111054801991774449e-01
-2.096890330778853340e-01
-1.424356135095906084e-01
-1.339226173626390792e-01
-2.782908885803607735e-01
-7.799532093689713619e-02
-5.039638209159955085e-02
-2.585911349563280726e-01
-2.090003624017352790e-01
-1.798526784306261617e-01
-1.771037137991107457e-01
-1.152934058324267125e-01
-9.054478124477140233e-02
-2.643981695898175444e-01
-2.725262767491492544e-01
-8.630101679100081469e-02
-7.905887941322538304e-02
-6.166179793838463818e-02
-5.390229648960509490e-02
-2.936589497098059942e-01
-2.163067474430948600e-01
-1.136253932773722969e-01
-1.503583449313748710e-01
-1.568026403617929776e-01
-1.423401464310253550e-01
-1.359122359505978150e-01
-2.721266657469532113e-01
-2.148976375573081743e-01
-2.793438933870081575e-01
-2.063765865608148398e-01
-2.958389199235141320e-01
-2.902867793535114649e-02
-2.242503068535310062e-01
-2.192109889812703383e-01
-2.252692396347375503e-01
-2.126417651136569831e-01
-2.193265815599815538e-01
-2.215710170344865337e-01
-2.137321586840616183e-01
-2.114656779978354995e-01
-2.770339588464232339e-01
-2.774930893853583269e-01
-9.518731756817962186e-02
-2.753061623907673838e-01
-2.753664100445211149e-01
-2.766664573294843055e-01
-1.119033143347852310e-01
-1.793439863478436258e-01
-1.863810195197334318e-01
-1.626553124973455777e-01
-1.678095973385618223e-01
-1.698338661333004262e-01
-1.667359780966559124e-01
-2.834330649142080549e-01
-1.240624315042359732e-01
-1.443009846379291472e-01
-2.053546639737103552e-01
-1.902945014929386114e-01
-2.794179838334929222e-01
-1.671855399493696603e-01
-1.395500826701097097e-01
-2.754001481933625040e-01
-1.054052886979492953e-01
-1.211445228522420592e-01
-1.300392223430487382e-01
-1.648304074006355646e-02
-1.531523740173592885e-01
-1.455857761880959278e-01
-2.293794669731467339e-01
-2.295886454429298396e-01
-1.332695007573153900e-01
-1.756462704360101379e-01
-1.254222042666201520e-01
-1.702422850661759468e-01
-1.676925980034670027e-01
-2.004060843958941074e-01
-2.596381799523009848e-01
-1.009565129704169673e-01
-6.312170684916604269e-02
-9.516415355623622507e-02
-1.461638049639375492e-01
-1.433480096711816365e-01
-2.943881036083784708e-01
-2.932589947280470621e-01
-2.934716751826777492e-01
-8.662399102677385831e-02
-6.927065715482462471e-02
-2.907046832233972644e-01
-6.863162621281551634e-02
-1.382420619911270132e-01
-1.478426727833854204e-01
-1.784976383063659189e-01
-1.412486167934335901e-01
-1.098234006953026504e-01
-6.984413324323275607e-02
-2.706932657435479062e-01
-2.711275319610338408e-01
-2.774908820974030244e-01
-5.169517760208844348e-02
-5.949991886749733672e-02
-2.779722704666501842e-01
-2.742245104379121834e-01
-2.689735936497696378e-01
-1.057709943429963328e-01
-6.600643962648204688e-02
-2.936610116357392664e-01
-2.778517030214564532e-01
-2.723642849795455678e-01
-2.741909701046091885e-01
-2.842967427280416737e-01
-2.953697042409693663e-01
-2.945770685137774625e-01
-2.897763512986248902e-01
-8.719605505602270878e-02
-2.639181414344123344e-01
-2.791866068283087587e-01
-9.425954640701696835e-03
-1.008310800354292325e-02
-1.654948635835633980e-02
-1.550817705963223984e-02
-2.925842427469092510e-01
-1.461750023655289943e-01
-2.232009626072625486e-01
-1.856917198106788347e-01
-2.652347921822350019e-01
-2.781445768160004106e-01
-2.322221773447868121e-01
-2.344557106259459178e-01
-1.719687914882054303e-01
