0.000000000000000000e+00
0.000000000000000000e+00
0.000000000000000000e+00
0.000000000000000000e+00
0.000000000000000000e+00
0.000000000000000000e+00
0.000000000000000000e+00
0.000000000000000000e+00
0.000000000000000000e+00
0.000000000000000000e+00
0.000000000000000000e+00
0.000000000000000000e+00
0.000000000000000000e+00
0.000000000000000000e+00
0.000000000000000000e+00
0.000000000000000000e+00
0.000000000000000000e+00
0.000000000000000000e+00
0.000000000000000000e+00
0.000000000000000000e+00
0.000000000000000000e+00
0.000000000000000000e+00
0.000000000000000000e+00
0.000000000000000000e+00
0.000000000000000000e+00
0.000000000000000000e+00
0.000000000000000000e+00
0.000000000000000000e+00
0.000000000000000000e+00
0.000000000000000000e+00
0.000000000000000000e+00
0.000000000000000000e+00
0.000000000000000000e+00
0.000000000000000000e+00
0.000000000000000000e+00
0.000000000000000000e+00
0.000000000000000000e+00
0.000000000000000000e+00
0.000000000000000000e+00
0.000000000000000000e+00
0.000000000000000000e+00
0.000000000000000000e+00
0.000000000000000000e+00
0.000000000000000000e+00
0.000000000000000000e+00
0.000000000000000000e+00
0.000000000000000000e+00
0.000000000000000000e+00
0.000000000000000000e+00
0.000000000000000000e+00
0.000000000000000000e+00
0.000000000000000000e+00
0.000000000000000000e+00
0.000000000000000000e+00
0.000000000000000000e+00
0.000000000000000000e+00
0.000000000000000000e+00
0.000000000000000000e+00
0.000000000000000000e+00
0.000000000000000000e+00
0.000000000000000000e+00
0.000000000000000000e+00
0.000000000000000000e+00
0.000000000000000000e+00
0.000000000000000000e+00
0.000000000000000000e+00
0.000000000000000000e+00
0.000000000000000000e+00
0.000000000000000000e+00
0.000000000000000000e+00
0.000000000000000000e+00
0.000000000000000000e+00
0.000000000000000000e+00
0.000000000000000000e+00
0.000000000000000000e+00
0.000000000000000000e+00
0.000000000000000000e+00
0.000000000000000000e+00
0.000000000000000000e+00
0.000000000000000000e+00
0.000000000000000000e+00
0.000000000000000000e+00
0.000000000000000000e+00
0.000000000000000000e+00
0.000000000000000000e+00
0.000000000000000000e+00
0.000000000000000000e+00
0.000000000000000000e+00
0.000000000000000000e+00
0.000000000000000000e+00
0.000000000000000000e+00
0.000000000000000000e+00
0.000000000000000000e+00
0.000000000000000000e+00
0.000000000000000000e+00
0.000000000000000000e+00
0.000000000000000000e+00
0.000000000000000000e+00
0.000000000000000000e+00
0.000000000000000000e+00
0.000000000000000000e+00
0.000000000000000000e+00
0.000000000000000000e+00
0.000000000000000000e+00
-2.524895736621649012e-02
-2.154124301949456033e-02
-9.721392624486954043e-03
-2.682700187613483878e-03
-4.052370334817271408e-02
-2.229454252942250983e-02
-1.740591823830247784e-02
-1.541976543804050165e-02
-7.023293737143351465e-03
-8.708107733913591011e-03
-4.440333299893061206e-03
-3.342789526204705767e-03
-3.072376512201170640e-02
-2.474459894512963040e-02
-9.936630059035111984e-03
-9.498245543598706625e-03
3.097380251195400690e-03
-1.173191475857100416e-02
-3.037483735357037612e-02
-1.134883048761008324e-02
-9.441123312049017752e-03
-5.586413185647577315e-03
-2.474074195775822702e-02
-1.075797816232228893e-02
-1.221493085191972805e-02
-1.789193754347372101e-02
-4.919714143488446330e-03
9.218092090123589794e-03
-1.449636139753438142e-02
-2.177352246929831203e-02
-2.321770334031370703e-02
-1.719558031863662254e-02
-2.950380312918277417e-02
-1.984265225251553161e-02
-2.387023912828098796e-02
-2.623755882214243162e-02
-1.849988598265157186e-02
-3.149074797227091604e-02
-1.201777460346808296e-02
-8.968806923683608073e-03
-1.063684874807691201e-02
-1.744848704113562826e-02
-1.870988139559489477e-02
-1.028965898567854760e-02
-1.206917660883320784e-03
-9.206385744888991723e-03
7.983562672457103493e-03
-3.969817361216182450e-03
9.244290448037758429e-03
-7.070502968724022216e-03
-5.359074465341935253e-03
-6.231702984250280658e-03
-2.244644604938290239e-02
-1.582565632434906888e-02
-4.422877132507721347e-03
-2.075039626837404949e-02
-4.074756265329895072e-02
-2.122594081236959043e-02
9.915941511028723843e-03
-1.829360144606050759e-02
-2.254795650279646166e-02
2.974909311688410385e-02
-6.699605957714505544e-04
-1.305880902908631777e-02
-2.178742033531808064e-02
3.157768694017543121e-02
-7.803318464415787137e-03
-4.608407494615397379e-03
-8.900525305264080783e-03
4.347636630752427928e-03
-8.990216740039413956e-03
-1.657387699698424643e-02
-1.718918675401259408e-02
-1.931024263336923730e-02
-1.029366455277273482e-02
-1.491824895896155280e-02
-2.073951809967985137e-03
-8.303930764692520408e-03
-2.361336759478882086e-04
-6.019167134199874918e-03
-1.441871507714457754e-02
-7.084785473137264304e-03
2.361990566126339394e-03
-1.125295866711056511e-02
-8.974761400095036465e-03
-5.345691066495660178e-03
-1.125790763300044475e-02
-1.813424092195271495e-02
-8.926200478164810284e-03
-2.084101540040516135e-02
-2.104198390628884974e-02
-3.002210345045953216e-02
-1.534517984450159758e-02
-2.466393207240932459e-02
-2.299903277969437762e-02
-3.432099068852778167e-03
-2.320635824347262732e-02
-4.854058925725344975e-03
-1.507596695161586391e-02
2.021520960404372610e-02
-2.389292823385511660e-02
9.885900050035163929e-04
1.116396442166358807e-04
-2.750809915121634266e-02
-1.215711398515555500e-02
4.707281341234579447e-03
-1.366451344988836580e-02
-3.511946369036924448e-03
-2.721836364311193412e-02
-1.497314606049966745e-02
-1.403885379070117685e-02
-1.401728012645389381e-03
-1.133232789585768285e-02
-1.923489130519779808e-02
4.866637087076645420e-03
-1.084266194176148300e-02
-1.919473946870168049e-02
2.539871544448508382e-03
-2.584231363134968998e-02
-1.815867109459786549e-02
3.637119007889891720e-03
5.893428884857753076e-03
3.319449097461441185e-03
6.883652297420174947e-03
-7.052471640518676770e-04
-5.896326327671595931e-03
-2.026040465681266597e-02
-2.857538873108385682e-02
-1.943859500502179496e-02
-1.450650906194947236e-02
9.926503796535804044e-03
-3.861347685354863529e-02
-2.371881303321112314e-02
-1.595513640745388137e-02
-2.623616040127012879e-03
-1.511391970681703195e-02
-1.109420584348230245e-02
-7.222784968634857541e-03
-4.118531716061248418e-03
-4.196588446624754769e-03
-1.878600662803510402e-02
1.231975253780042074e-03
-1.146557142639445526e-02
-2.293210533122364350e-02
-3.370021190305402120e-02
-2.879797804843257925e-02
-1.671572535298631798e-02
-1.649308598694084610e-02
-2.087469414580227223e-02
-2.389849346882166534e-02
-8.158431554198606120e-03
-3.387670807632150571e-03
-3.366490171738331649e-02
-2.163043981501759291e-02
-1.509633059391303142e-02
-2.534089405694833763e-02
-1.427109029623632730e-02
-3.302572963300303560e-02
-1.442620857610125637e-02
-2.721822011604474109e-02
-9.597793803446065183e-03
-1.069684500960651694e-02
-4.237472072062389850e-03
-5.096275781299785222e-03
-3.653329055267207082e-02
-1.466995054961611235e-02
-1.657559192468541220e-02
-8.667834694346279387e-03
-1.297371576421353298e-02
8.849439778795173059e-03
-1.025251180092848907e-02
-1.242704627215156926e-02
-1.323703484799887940e-02
-1.387817497692415102e-02
-2.151910422912297824e-02
1.374820392763208797e-02
-7.898358960944353024e-03
-1.091695756683852027e-02
-2.560253999985082074e-02
-2.721522034064512499e-02
2.772103608783076188e-03
1.926426249753440331e-02
-1.544357814376227413e-02
-5.855010101973324652e-03
-8.745847829016184863e-03
-8.479771156594734238e-03
-9.370294607527763706e-03
6.893524029654197333e-03
3.211283466937430581e-02
-1.484701212575102909e-02
1.680522333645648181e-02
1.072087920426348893e-02
-4.858772877170814200e-03
-2.415722963218964320e-02
-9.983917608059691279e-03
-1.788405476286651988e-02
-5.459821329769794056e-03
-1.879474722637816328e-02
-1.141256364764307342e-02
-1.446499112155841260e-02
-3.066469538619060430e-03
-1.342373643703216601e-02
-1.824776031470963164e-02
-1.496641650667223343e-02
-2.380861886538278294e-02
-2.383911433868237187e-02
-5.061048772859184919e-03
2.441859201621098940e-03
-1.481138469527315885e-02
5.719942444154402054e-03
1.094264549625075834e-02
-3.048787164550269962e-03
-1.674345756313656494e-03
-1.812377789483938378e-02
-1.356460511900463815e-02
-1.771739762703243917e-02
-1.550092326954004111e-02
-1.636886778250036534e-02
2.200176086795671213e-03
-2.439480609471974572e-03
9.816321411050890622e-04
-7.462417264940011605e-03
-1.533323485436382042e-02
-1.287091971934720309e-02
-7.737364289381975027e-03
-7.937236836639499291e-03
-6.893497177379534838e-03
1.577401701423313332e-02
4.424747749642149279e-03
-2.569034380039934840e-02
-2.223643820260425702e-02
8.416092281380141427e-03
1.043188275243191361e-02
8.079227440507498123e-03
-8.991533346669805180e-03
-1.881618449284291200e-02
3.758857067469917670e-03
1.924889258809067694e-02
-1.480856607640435377e-02
1.814598019660541156e-02
2.019400129883861666e-02
-1.714857204845561187e-02
-3.315131813181573101e-02
1.758685532663140441e-02
-9.406201870668717130e-03
1.848097775557849820e-02
1.320666797476043909e-02
5.591550328374842761e-03
-6.511773931458198980e-03
-1.210992798143683581e-02
-1.663782931358321129e-02
-2.234962425077936451e-02
-1.864445896550245146e-02
-1.417211560835513959e-02
-3.559253355979446511e-03
-2.124831057248533286e-02
-2.633819667055593838e-02
2.583921433454779495e-02
-3.058330779082673451e-02
4.363705523907374789e-03
9.637745038350372002e-04
-8.986898616986550500e-03
-1.013934591837211373e-02
-1.226367377179205832e-02
3.193778789249628741e-03
-2.138839581724194007e-03
-8.860764951937518535e-03
1.915091136279280237e-02
-2.495843220667104466e-04
-1.652932369393365474e-03
-4.170795844617157522e-02
-1.423727205996489636e-02
-1.806466787113068448e-02
-2.600561854892695368e-02
-4.242151554422878695e-02
-2.244493650407881902e-02
-2.340847281259328741e-02
-2.625393180419013234e-02
2.367358737532445235e-03
-2.528517335978566413e-02
-3.292608432264246959e-02
-1.777645452230977238e-02
-2.466823579466860539e-02
-2.740367223355632403e-02
-8.637747229823010756e-03
-1.423784216958560479e-02
-1.605799479486776093e-02
-1.453491327560211578e-02
-4.816301267826892871e-03
-7.728345413000688516e-03
-1.378772545762015946e-02
1.936851676519051740e-02
-1.900373974592219767e-02
-3.222797400578343574e-02
-1.565384975114843952e-02
1.962505024408666560e-02
-1.065016302104321300e-02
7.290889837476445881e-03
1.443796172996333633e-03
9.152952559996443971e-03
-1.476652536892988227e-02
-3.308429852293803819e-02
5.775804508961379820e-03
-3.506689578937813301e-02
-6.940429704522317784e-03
-2.044459019211679676e-02
6.807819688726643968e-03
-1.312879092779018105e-02
-1.788700447752562470e-02
-3.894921541702780696e-03
-1.030543886289134702e-02
-1.765729032036602447e-02
-3.875307044953089225e-02
-3.867599387443176884e-02
-9.050232050960853661e-03
-2.366557296768603824e-02
-3.148870139572275406e-02
-1.994740093944147308e-02
-2.423063507612376738e-02
-1.324077435735797684e-02
-8.503139183263947474e-04
-1.992488297659934446e-02
9.581664920480639780e-03
-1.081878630950722751e-02
-1.858000942037178142e-03
5.719261726706405778e-03
-6.067883112022370157e-03
-1.070579963743832283e-02
-4.405118329322633801e-03
-1.202101838278059505e-02
-1.673411241862059889e-02
-2.997186731360402569e-03
4.992437702029704945e-03
-1.392407373621381422e-02
-1.837891778963562928e-02
-1.092953209490545897e-02
-2.331885695679735901e-02
-3.159691340008843885e-02
6.368767059756793702e-04
-1.323433821429894144e-02
-1.189144631736281828e-02
-2.567816525180592613e-02
3.306477521805810930e-05
-1.069571911918857678e-02
-2.299407051607744307e-02
3.805694072677524896e-04
-1.256799078521226784e-02
-1.334813707895881642e-02
-2.902065786362946834e-02
-9.304156100080026789e-03
-2.025150900006112906e-02
-2.194325578550848296e-02
-1.018599602089025578e-02
-7.192993731575968164e-03
-1.379366159749442072e-02
-7.743039048939955558e-03
-7.353086408597545552e-03
-3.123955456725788574e-03
-2.331892110355414729e-02
-2.206260981963355933e-02
-1.241045817428102112e-02
-5.526611076135366091e-03
-2.097545881756520889e-02
-2.478269621139960951e-02
-2.028568091443494481e-02
-3.540637310454671643e-03
-2.330437370785197124e-02
-1.434512929507633129e-02
-1.538473062417882592e-02
-2.564985704335427663e-02
-3.610029496873222096e-03
-9.194662327278954952e-03
-4.899026197823732991e-03
1.800768297000690868e-02
-1.825564190252413829e-02
-1.797686404823591695e-03
-1.985417887309264343e-02
-1.437100785869828423e-02
-1.099501710034805554e-02
-5.294269741482367578e-03
-3.405344623709449792e-02
8.076014490633007595e-03
-2.686052241363507710e-03
6.842812590180043057e-03
-9.915413550027531858e-03
-6.916454001043122884e-03
-9.942541027499252927e-04
1.210393039576031053e-02
-1.348902217839787268e-02
-7.908920129563935808e-03
8.705002481566500097e-03
1.666744197621104068e-02
-3.586937587805525719e-03
-1.160861062385892817e-02
-6.770146646560905833e-03
-1.075191331810766183e-02
-1.635163372078191069e-02
7.449160639728996582e-04
-2.086009330899859029e-02
-1.721793349834720762e-03
2.831847900445555802e-02
2.756827218500751235e-03
-2.214410446137144144e-03
-1.548924481319559517e-02
-1.577795273116457120e-02
1.012633803378426480e-03
-5.924159944265896399e-03
-3.816780321824273653e-02
-1.245041293937920214e-02
1.955917262325624836e-02
-1.511566277108283146e-03
-1.128925387241497789e-02
4.752870898186725007e-02
-3.704091588723301080e-03
-1.557590497796535779e-02
-1.238806284158801112e-02
-1.926688472233406904e-02
-4.223515976969998559e-03
-2.242349797511533280e-02
-9.103777642339667964e-03
-2.781518309672958988e-02
-3.485674079367580974e-02
-8.504464595603330318e-03
-7.489304661569344893e-03
-5.814738690045772977e-03
8.648749196828136102e-03
-1.597196544160554496e-02
-3.709020146008043702e-03
-1.211603656673127492e-02
8.465341310636221098e-03
-1.715474588540700368e-02
-6.962279908576482317e-03
3.068205802920685732e-03
-2.993855561752111621e-02
-1.818546910773468153e-02
-1.314621440441987935e-02
-7.281669682595003253e-03
-8.408579655038965137e-03
-7.947545481361079772e-03
-5.041824365614073176e-03
-1.790055171832042810e-02
-2.682904601190152019e-02
-3.791980337680662949e-02
-1.179755689485529127e-02
1.067289209544178274e-02
1.495882697716866081e-03
-1.075960990327906250e-02
-2.667993058465222694e-03
-8.548432942914206689e-03
-1.992357703445122100e-02
-1.728300930921230355e-02
-1.998506411805637747e-02
3.257628765392801048e-03
2.335610042241053133e-02
-1.624637905531473372e-02
-1.608359066038674706e-02
-1.792248041279222853e-02
-1.919518411508660746e-02
1.017553143266730804e-02
-4.057013698507340449e-03
-1.635249697032322563e-02
-1.995163584192201009e-02
-1.575181752181426670e-02
-1.514991154944803596e-02
5.029652023830715087e-03
-1.305058209292531482e-02
4.409068543534146005e-03
-4.221757201739198724e-03
4.135287262150023338e-04
-2.022869643640905907e-02
-3.444176066134504305e-02
-2.824366362729327506e-02
-1.649159386328333992e-03
-9.760819555225062547e-03
-1.080133688140115278e-04
-2.371798422364299400e-02
-1.148667264478558242e-02
-9.499404731560218140e-03
2.659108139921667960e-02
-2.136963208060330827e-02
-1.726467954221420215e-02
1.629814190148166572e-02
1.259329395333533448e-02
-3.458865138076175350e-02
-1.100129268053227395e-02
-1.989065133439037875e-02
-3.003437719815912205e-02
-1.080476276521250868e-02
-1.964212579960405297e-02
-4.129111894642156083e-02
-2.342058674562951665e-02
3.818923398621372998e-03
2.432882823283910156e-03
4.550601443585682547e-03
-3.884273895376832725e-03
-1.520379293696023232e-02
-1.111057995351468278e-02
-2.070306713436765103e-02
-9.286758098600524439e-03
2.124183581162811252e-02
1.602267066430518305e-03
2.212980172394240184e-03
-3.424346301834055566e-03
-1.167384905124280517e-02
-5.434429365981768498e-03
1.968991505915093296e-02
-4.680298880083921809e-03
-2.322943329939045412e-02
-8.217805968544536141e-03
4.974770031847638128e-03
1.033125542443321353e-02
8.312563729521927486e-03
-2.101725421723765752e-03
1.783497560893508333e-04
6.787432192206744805e-04
-1.434971481881344713e-02
-2.300163189182337711e-02
-1.029382674950344440e-02
-8.229659475621474776e-03
-8.934629922730068924e-03
-9.811913511995092388e-03
-7.362605296538054893e-03
-1.577724079114922739e-02
2.212114024496200041e-03
-2.533634166214078151e-02
2.242822364820231881e-02
-3.689256547353729314e-03
-5.836331716845531876e-03
-2.149063911858089138e-03
-6.337085823890941695e-04
-7.709565539470292043e-03
4.930397723147824166e-03
-4.836661003158462986e-03
-2.968688528731631970e-02
-2.768538940348486826e-02
-1.781430020892710298e-02
-1.342667620123097830e-02
-7.652015906827304946e-03
-2.018098599576442082e-02
3.767836769110681060e-03
-1.646250828527857230e-02
-1.873172732350908854e-03
-6.655226007137986580e-03
-1.581028891499068265e-02
3.660319992148900348e-03
-2.365673761244179232e-02
-2.103502293325881095e-02
-1.010509224039245419e-03
-8.429289527630326115e-03
-1.699279296816489076e-03
-1.360217614300364419e-02
-1.747343506983569869e-02
-2.680845816203982282e-02
-1.070173280840520545e-03
7.138873658537548718e-03
-1.849309983115710737e-03
7.295297115410430411e-03
-4.877890128694573404e-03
-4.986800752818626448e-03
-7.009971854542110074e-03
-1.893491040115300242e-02
-1.421592250522367082e-02
-6.628522185000862259e-03
-5.951435432998714720e-03
-5.035072942614248620e-03
-8.962191867420645289e-03
-2.316080329705530114e-02
-1.765382800847802719e-02
6.589375361553939311e-03
-1.871743868731360130e-02
-1.301761629917075336e-02
-8.654169502806837583e-03
-7.398845356583833022e-03
-5.569312149711500015e-03
-1.646824863158256880e-02
-5.968683131184595106e-04
2.464464766012729787e-03
-4.089335747192249411e-03
-6.359696801490380760e-03
-9.615103340054413292e-03
1.362767397285563273e-02
9.077125815744898837e-03
-1.464188071980424867e-02
-8.735628386625450895e-03
3.193646795769926154e-03
-3.893376212943389786e-02
-2.191587645734457968e-02
3.707948384079283542e-03
3.135205898789787671e-03
-2.169064417372344039e-02
-1.924789758063253850e-02
-8.545847778670966760e-03
-2.157659686863557490e-03
3.592154787057329646e-03
-8.965318454604100790e-03
-4.112771488879690511e-03
-4.845709566722197076e-03
-1.942300686195415696e-02
-2.222614415107482602e-02
7.175013760518306367e-03
-2.399986727334551401e-02
-2.515411193171977061e-02
2.314782449724096108e-03
-1.382904340447854881e-02
-3.592452821297292126e-02
-1.641576998399616599e-02
-1.028846681578148882e-02
-3.132420533389151940e-02
5.297082582129727935e-03
1.068208225677490589e-02
-9.187632893785853752e-03
-1.445880229900284135e-02
7.974257499653100364e-03
-2.420681787135469873e-02
-1.065082220955861428e-02
-1.501572328700430912e-02
-2.536452673896141818e-02
-5.697949989928144561e-03
-2.963509151238801972e-02
2.632956040610423109e-03
8.909049879579182540e-03
1.475055326892365896e-03
-5.173980371175843649e-04
-1.163185063910757155e-02
-2.285092414786454602e-04
-1.105668356325965364e-02
-2.065091653543419184e-02
1.081342521784315475e-02
-2.233038377223604126e-02
2.864177252622245040e-03
-2.119014517642822670e-02
-5.946724934942613366e-03
-2.513815242081388068e-02
-4.372706989176715353e-02
-6.328122680669267738e-03
-5.677586031938793715e-03
-2.186854898301006378e-02
-7.522308815241148146e-03
-5.847472691693877782e-03
-3.503269171793090431e-03
-1.803988053828515375e-02
-1.968496939167229537e-02
-1.211916438405603869e-02
-1.914472709187992061e-02
-3.687795764402716781e-02
1.401797234105071725e-02
-1.941716062239468021e-02
-1.055514880540235796e-02
-1.121973823784806409e-02
-7.224365300734522308e-03
-9.384185258252854614e-03
1.226307634539794758e-02
-3.870335470692961959e-03
-7.235844712208803174e-03
8.191496301637966057e-04
3.289828121993294135e-02
-1.050715299762747419e-03
-1.259304128310944834e-02
-2.434018548356854314e-02
-2.765142413213247594e-02
-8.697105376867452289e-03
-6.827122129584760162e-03
-2.151802314581094736e-02
-8.475935937925990760e-03
-1.538065166254938608e-04
4.870689139120930149e-03
-8.869066421612734410e-03
-2.126301284435484860e-03
-1.216755211722531094e-02
-1.045807910833449102e-02
-1.836675372108758156e-02
1.034173673878912951e-03
4.582252802469026325e-03
-1.982510404335544735e-02
-1.956102673317191079e-02
-2.019095951678928635e-02
-2.505003528538054386e-02
1.911434239458409748e-02
3.148984261302254645e-03
-2.048774892521137633e-02
-1.176544430008895185e-02
-2.704423577459134920e-02
-2.896860396151976907e-02
4.856529485480900327e-03
2.340693235293416635e-02
-1.222315372093847607e-02
-1.165504207687261505e-02
-8.629365007346628466e-03
-9.428721359108695188e-03
-3.490249491066431398e-03
-6.700520173405827631e-03
-4.323963156913134616e-04
8.229750743347743688e-03
3.706926887674586325e-03
-6.426952904713042862e-03
-6.399509099705499339e-03
-1.198095662311748910e-02
-3.752412315789880465e-03
-1.437613816766054875e-02
1.683114173376366093e-03
-2.621148028461385213e-02
-2.941777086641376993e-02
-6.993108981889845956e-03
-1.041053136341847651e-02
-6.696394066177890902e-03
-1.538385482389062996e-02
-1.105057990289520613e-02
4.177071241148379993e-03
-7.788645609387905878e-03
1.017199291635686618e-03
-5.096466788774628963e-03
1.503853666975380442e-02
-1.249825436661236057e-02
-2.636842308106073125e-03
-6.861890646397827455e-03
-7.157943058605378307e-03
2.603267681500230201e-03
1.041484236756377683e-02
-2.580844263459057628e-03
-1.266363559770808042e-02
-5.202716211092070497e-03
-1.514895187865703506e-02
1.623973074317273252e-02
3.221967427987704365e-03
-1.538920079065962373e-03
-4.417131272596209850e-03
-3.328232693688974297e-03
-4.422517479180558889e-03
1.068679863228897005e-04
-7.291904666160298892e-03
-2.132778513734255588e-02
-1.722127279251283935e-02
-2.905354920104707278e-02
-1.884058774117191443e-02
-5.154345009125915582e-03
9.760909415982274573e-03
-4.089002256185574058e-03
2.409869867543561217e-04
-2.939166792550026996e-02
-1.743491662945364368e-02
-1.158025696725091015e-02
-3.039327117627375918e-04
-6.832973679398868759e-03
-2.071392444699530350e-02
-1.764161763877193992e-02
-2.022254364302573937e-02
1.990016313683136071e-02
-9.771278393736383336e-03
6.835862671204229191e-03
-3.036688024384650783e-02
-1.792450743641328323e-02
-1.495136655951094691e-02
-8.936850243386819034e-03
-9.036283753647494227e-03
-1.608497931313994031e-02
-9.363244987931656355e-03
-9.261280201809730592e-03
3.433939640780602626e-03
-1.837967891468953591e-02
-7.619424973574333640e-03
-1.640176071047401082e-02
