0.000000000000000000e+00
0.000000000000000000e+00
0.000000000000000000e+00
0.000000000000000000e+00
0.000000000000000000e+00
0.000000000000000000e+00
0.000000000000000000e+00
0.000000000000000000e+00
0.000000000000000000e+00
0.000000000000000000e+00
0.000000000000000000e+00
0.000000000000000000e+00
0.000000000000000000e+00
0.000000000000000000e+00
0.000000000000000000e+00
0.000000000000000000e+00
0.000000000000000000e+00
0.000000000000000000e+00
0.000000000000000000e+00
0.000000000000000000e+00
0.000000000000000000e+00
0.000000000000000000e+00
0.000000000000000000e+00
0.000000000000000000e+00
0.000000000000000000e+00
0.000000000000000000e+00
0.000000000000000000e+00
0.000000000000000000e+00
0.000000000000000000e+00
0.000000000000000000e+00
0.000000000000000000e+00
0.000000000000000000e+00
0.000000000000000000e+00
0.000000000000000000e+00
0.000000000000000000e+00
0.000000000000000000e+00
0.000000000000000000e+00
0.000000000000000000e+00
0.000000000000000000e+00
0.000000000000000000e+00
0.000000000000000000e+00
0.000000000000000000e+00
0.000000000000000000e+00
0.000000000000000000e+00
0.000000000000000000e+00
0.000000000000000000e+00
0.000000000000000000e+00
0.000000000000000000e+00
0.000000000000000000e+00
0.000000000000000000e+00
0.000000000000000000e+00
0.000000000000000000e+00
0.000000000000000000e+00
0.000000000000000000e+00
0.000000000000000000e+00
0.000000000000000000e+00
0.000000000000000000e+00
0.000000000000000000e+00
0.000000000000000000e+00
0.000000000000000000e+00
0.000000000000000000e+00
0.000000000000000000e+00
0.000000000000000000e+00
0.000000000000000000e+00
0.000000000000000000e+00
0.000000000000000000e+00
0.000000000000000000e+00
0.000000000000000000e+00
0.000000000000000000e+00
0.000000000000000000e+00
0.000000000000000000e+00
0.000000000000000000e+00
0.000000000000000000e+00
0.000000000000000000e+00
0.000000000000000000e+00
0.000000000000000000e+00
0.000000000000000000e+00
0.000000000000000000e+00
0.000000000000000000e+00
0.000000000000000000e+00
0.000000000000000000e+00
0.000000000000000000e+00
0.000000000000000000e+00
0.000000000000000000e+00
0.000000000000000000e+00
0.000000000000000000e+00
0.000000000000000000e+00
0.000000000000000000e+00
0.000000000000000000e+00
0.000000000000000000e+00
0.000000000000000000e+00
0.000000000000000000e+00
0.000000000000000000e+00
0.000000000000000000e+00
0.000000000000000000e+00
0.000000000000000000e+00
0.000000000000000000e+00
0.000000000000000000e+00
0.000000000000000000e+00
0.000000000000000000e+00
0.000000000000000000e+00
0.000000000000000000e+00
0.000000000000000000e+00
0.000000000000000000e+00
0.000000000000000000e+00
0.000000000000000000e+00
0.000000000000000000e+00
0.000000000000000000e+00
0.000000000000000000e+00
0.000000000000000000e+00
0.000000000000000000e+00
0.000000000000000000e+00
0.000000000000000000e+00
0.000000000000000000e+00
0.000000000000000000e+00
0.000000000000000000e+00
0.000000000000000000e+00
0.000000000000000000e+00
0.000000000000000000e+00
0.000000000000000000e+00
0.000000000000000000e+00
0.000000000000000000e+00
0.000000000000000000e+00
0.000000000000000000e+00
0.000000000000000000e+00
0.000000000000000000e+00
0.000000000000000000e+00
0.000000000000000000e+00
0.000000000000000000e+00
0.000000000000000000e+00
0.000000000000000000e+00
0.000000000000000000e+00
0.000000000000000000e+00
0.000000000000000000e+00
0.000000000000000000e+00
0.000000000000000000e+00
0.000000000000000000e+00
0.000000000000000000e+00
0.000000000000000000e+00
0.000000000000000000e+00
0.000000000000000000e+00
0.000000000000000000e+00
0.000000000000000000e+00
0.000000000000000000e+00
0.000000000000000000e+00
0.000000000000000000e+00
0.000000000000000000e+00
0.000000000000000000e+00
0.000000000000000000e+00
0.000000000000000000e+00
0.000000000000000000e+00
0.000000000000000000e+00
0.000000000000000000e+00
0.000000000000000000e+00
0.000000000000000000e+00
0.000000000000000000e+00
0.000000000000000000e+00
0.000000000000000000e+00
0.000000000000000000e+00
0.000000000000000000e+00
0.000000000000000000e+00
0.000000000000000000e+00
0.000000000000000000e+00
0.000000000000000000e+00
0.000000000000000000e+00
0.000000000000000000e+00
0.000000000000000000e+00
0.000000000000000000e+00
0.000000000000000000e+00
0.000000000000000000e+00
0.000000000000000000e+00
0.000000000000000000e+00
0.000000000000000000e+00
0.000000000000000000e+00
0.000000000000000000e+00
0.000000000000000000e+00
0.000000000000000000e+00
0.000000000000000000e+00
0.000000000000000000e+00
0.000000000000000000e+00
0.000000000000000000e+00
0.000000000000000000e+00
0.000000000000000000e+00
0.000000000000000000e+00
0.000000000000000000e+00
0.000000000000000000e+00
0.000000000000000000e+00
0.000000000000000000e+00
0.000000000000000000e+00
0.000000000000000000e+00
0.000000000000000000e+00
0.000000000000000000e+00
0.000000000000000000e+00
0.000000000000000000e+00
0.000000000000000000e+00
0.000000000000000000e+00
0.000000000000000000e+00
0.000000000000000000e+00
0.000000000000000000e+00
0.000000000000000000e+00
0.000000000000000000e+00
0.000000000000000000e+00
0.000000000000000000e+00
0.000000000000000000e+00
0.000000000000000000e+00
0.000000000000000000e+00
0.000000000000000000e+00
0.000000000000000000e+00
-2.521816729114237030e-02
-2.156673884111280984e-02
-9.646419909432784115e-03
-2.733175978763199843e-03
-4.071763672781670423e-02
-2.227538800571741973e-02
-1.732092248821638994e-02
-1.542117076030057217e-02
-6.880383055626759607e-03
-8.661142093405708661e-03
-4.515257730412966172e-03
-3.512810959508124321e-03
-3.056842646530949156e-02
-2.499464987787595321e-02
-9.891557853847422060e-03
-9.413557996091512572e-03
2.997413149987096948e-03
-1.178609490313431776e-02
-3.021821423044372679e-02
-1.144215948253695866e-02
-9.495170106963761458e-03
-5.505517328755130460e-03
-2.462671649214804789e-02
-1.086464648457836045e-02
-1.215315081659105664e-02
-1.793828104481932223e-02
-5.146948442535657572e-03
9.349364721439957018e-03
-1.436317471620482226e-02
-2.180604122465162539e-02
-2.334380270435683358e-02
-1.723976578330748896e-02
-2.959050462679586879e-02
-1.964345203225328212e-02
-2.359884940162586264e-02
-2.649390378816593450e-02
-1.835386641649374220e-02
-3.163728681060105213e-02
-1.200050700745266055e-02
-8.941408207989085671e-03
-1.063046698430141629e-02
-1.740235176690425878e-02
-1.867908009423438487e-02
-1.016368088005070724e-02
-1.243653433292196773e-03
-9.191721217339927225e-03
8.121025526729851174e-03
-3.959207067429046899e-03
8.936568466595727969e-03
-7.387526610078126200e-03
-5.314603869572354436e-03
-6.044217208508361784e-03
-2.242059520896309485e-02
-1.597411043080353490e-02
-4.396144827759319688e-03
-2.074544720526430228e-02
-4.094394085573500180e-02
-2.129223685789729051e-02
9.799167981681435047e-03
-1.806762082223215340e-02
-2.267890793121201537e-02
2.974069964161919766e-02
-6.725334478082436182e-04
-1.289006774272663525e-02
-2.194037448476678434e-02
3.149385251557503679e-02
-7.794204519668244090e-03
-4.514956309231786535e-03
-8.898513127855240540e-03
4.540201416147881565e-03
-9.208031834201759955e-03
-1.643388434917834873e-02
-1.714708895865412266e-02
-1.947202158485109372e-02
-1.042499841286020044e-02
-1.494903198361196249e-02
-2.062574280539891843e-03
-8.234270792032215985e-03
-2.470687698580573762e-04
-6.017943441829711262e-03
-1.442890720309823391e-02
-6.985576737523147874e-03
2.238109593963046127e-03
-1.115498791084874528e-02
-8.927502610168430025e-03
-5.528632798551558550e-03
-1.122057894560168738e-02
-1.806064476371779109e-02
-8.524699054620943350e-03
-2.098484050656354225e-02
-2.087815232825244657e-02
-2.979954646013651884e-02
-1.551266315575652865e-02
-2.458593763951505071e-02
-2.290890929837124945e-02
-3.577462540998981727e-03
-2.330564919974961735e-02
-5.358384811431450567e-03
-1.511705271386237434e-02
2.016434146747384318e-02
-2.389530231580375835e-02
1.018732275353691945e-03
1.745508967746960745e-04
-2.750856497820551583e-02
-1.211040488300187123e-02
4.621791856366400629e-03
-1.358726075240364838e-02
-3.499468236258779404e-03
-2.694382638851087336e-02
-1.505725138901978927e-02
-1.413961865470049831e-02
-1.426465836924297468e-03
-1.132467445951512719e-02
-1.940455733025793494e-02
4.797398089248344419e-03
-1.085252566548567006e-02
-1.908491948902339697e-02
2.446558396120609991e-03
-2.603491108665021911e-02
-1.813661272486974743e-02
3.395240948594360503e-03
5.882931203896232461e-03
3.187625364396086576e-03
6.760291440215991134e-03
-7.608551070116015714e-04
-5.878730707628772832e-03
-2.024889320530123826e-02
-2.877073150775646265e-02
-1.939912371403864841e-02
-1.456540463179583321e-02
9.949612918705212639e-03
-3.888635345759021422e-02
-2.357997150960550181e-02
-1.594978020753195364e-02
-2.469289490768428446e-03
-1.514325453890170634e-02
-1.116341194581785788e-02
-7.255790089328035229e-03
-4.060744481279625340e-03
-4.116018036083248302e-03
-1.871308308680551605e-02
1.130138157530789344e-03
-1.143055451214414903e-02
-2.295815218533727234e-02
-3.348411792617914801e-02
-2.893486838632379141e-02
-1.664245048002247970e-02
-1.645529217024697261e-02
-2.109414622462649214e-02
-2.375892421075058436e-02
-8.154141117764985430e-03
-3.689052696633160836e-03
-3.356093137551347666e-02
-2.173457421782306817e-02
-1.485300288193238186e-02
-2.554322387321612819e-02
-1.431391505419055306e-02
-3.299005546890049906e-02
-1.449002572907448147e-02
-2.715583149480605557e-02
-9.691410746613296490e-03
-1.071334515779762304e-02
-4.438013376291493825e-03
-5.186473583762485871e-03
-3.683319569045750974e-02
-1.436285603867150373e-02
-1.664520766302516816e-02
-8.710281118797387132e-03
-1.295422422276405576e-02
8.800469272939837398e-03
-1.013749789596729914e-02
-1.241571924759372197e-02
-1.337782505323195127e-02
-1.408998434418759320e-02
-2.158530476310925941e-02
1.360357554714455852e-02
-7.996192652240802223e-03
-1.097097952794810587e-02
-2.567728269220194426e-02
-2.718950509645088817e-02
2.913618843200579435e-03
1.924315363864310957e-02
-1.542576751693137266e-02
-5.996777571397306217e-03
-8.736530007064098602e-03
-8.207666829948979947e-03
-9.380150477577477858e-03
6.917491035428024668e-03
3.197949083292266070e-02
-1.489327309001559421e-02
1.666418045526665143e-02
1.069592317700207573e-02
-4.968680774795155609e-03
-2.423516980333671744e-02
-1.013745420254439158e-02
-1.787185315170673056e-02
-5.311695728563708453e-03
-1.894529292405425919e-02
-1.137794762728548854e-02
-1.435283802974603867e-02
-2.801020394652146452e-03
-1.336151123909028009e-02
-1.815289328802745933e-02
-1.508361641502143670e-02
-2.386207266742677163e-02
-2.384273779887415706e-02
-4.983593816345834385e-03
2.260187177534863420e-03
-1.481241269926650977e-02
5.913158191762558913e-03
1.085440937917663516e-02
-3.038455237220944512e-03
-1.690547609692423427e-03
-1.793626266585255161e-02
-1.375583706426220139e-02
-1.774019999232599037e-02
-1.563732215394052563e-02
-1.644368411580639233e-02
2.275954089953750783e-03
-2.253376511703699021e-03
7.813330936302834802e-04
-7.448615916740019410e-03
-1.538069491503629184e-02
-1.294770378545473909e-02
-7.626379465317106865e-03
-7.659791641800443515e-03
-6.937240192716275129e-03
1.577350309767444961e-02
4.735093644871585065e-03
-2.545133137725708733e-02
-2.230368818344182283e-02
8.356194280819944503e-03
1.050247162091233651e-02
8.090617852828526149e-03
-9.032810101845508213e-03
-1.868659735089446203e-02
3.612913892388195172e-03
1.944259778371545608e-02
-1.466421663268683943e-02
1.822190391705314980e-02
2.016458309848010236e-02
-1.704668992536260280e-02
-3.328573984102709687e-02
1.768130895967471791e-02
-9.375579623116032935e-03
1.867118724029262836e-02
1.325023053268698306e-02
5.578869882745477599e-03
-6.516489828107023367e-03
-1.211530771128006834e-02
-1.650716736142314109e-02
-2.248374379765455053e-02
-1.868393449416732438e-02
-1.430391837338595984e-02
-3.601980671069043936e-03
-2.113618145080375932e-02
-2.643889167373164942e-02
2.596631118461817725e-02
-3.057778992434481702e-02
4.396383716372406075e-03
7.970204690625921082e-04
-8.930123129599778706e-03
-1.018517639637204347e-02
-1.255953750982803652e-02
3.176383453163384059e-03
-2.107073593251433761e-03
-8.862160506470836627e-03
1.910178644657533828e-02
-2.695702305555384829e-04
-1.986751176509460835e-03
-4.156005820424250180e-02
-1.410353810826783273e-02
-1.817444875663892095e-02
-2.582709629784938482e-02
-4.268099217193210837e-02
-2.199790214399261618e-02
-2.327727671655027003e-02
-2.643499629645806870e-02
2.324382380933806471e-03
-2.542925323312302671e-02
-3.282514613582077079e-02
-1.789720908924949394e-02
-2.471859435373991234e-02
-2.754206015733078397e-02
-8.528581344565095562e-03
-1.424962746089618836e-02
-1.603669270546607614e-02
-1.470485530965026828e-02
-4.859579769753060059e-03
-7.498954032288380686e-03
-1.383927112536805816e-02
1.940525860084776205e-02
-1.904534927860391733e-02
-3.205715696990621422e-02
-1.567498572367617346e-02
1.954269235354095732e-02
-1.070178401253717680e-02
7.383394286866690713e-03
1.538257562535041891e-03
9.145765693200620314e-03
-1.463929548097593104e-02
-3.271867568045559727e-02
5.685321496022505312e-03
-3.503222367268608861e-02
-6.923252630138314323e-03
-2.047180429678166144e-02
6.694611759696540536e-03
-1.295047351135289980e-02
-1.795426500187862623e-02
-3.939486249412271941e-03
-1.061016856501148173e-02
-1.765952190257545282e-02
-3.882719302891248642e-02
-3.859128907805067094e-02
-8.684618051490207782e-03
-2.357750239443912391e-02
-3.199311132689298953e-02
-1.993397563006894802e-02
-2.409393053286734004e-02
-1.327615524860036381e-02
-3.937429295421939076e-04
-1.993820805295991663e-02
9.707470818590871464e-03
-1.098295190876443124e-02
-1.798694566138574593e-03
5.689518456430097890e-03
-6.045201989629366349e-03
-1.070862252802723749e-02
-4.464456593450261482e-03
-1.198512818576806180e-02
-1.647571725398671791e-02
-2.925749480093516649e-03
4.973869351995147126e-03
-1.385026875724033012e-02
-1.836298519510667221e-02
-1.101189681545193706e-02
-2.321409318096277763e-02
-3.170132429963436888e-02
5.978228145308112041e-04
-1.328091288886553561e-02
-1.182020542211343478e-02
-2.567939821440085382e-02
2.882520948255424166e-06
-1.060055758000025619e-02
-2.334442209949355931e-02
4.239819345157171755e-04
-1.258000740232435161e-02
-1.334406125546810234e-02
-2.919527464482970375e-02
-9.339124023044050038e-03
-2.007245196138208662e-02
-2.187567657081272016e-02
-9.799999129717761048e-03
-7.534745146024986184e-03
-1.388100830642987997e-02
-7.651739763648266433e-03
-7.345347280747972080e-03
-3.518669325170718353e-03
-2.327148698771977151e-02
-2.239832909278343526e-02
-1.252580080409167011e-02
-5.360133237065318329e-03
-2.095826521108708901e-02
-2.465170865944818837e-02
-2.025218883228383643e-02
-3.368188995090085243e-03
-2.333994836468388998e-02
-1.407416175731628777e-02
-1.538235093185503534e-02
-2.555787436837570273e-02
-3.695967534971105264e-03
-9.159602068649770959e-03
-5.002806537923489873e-03
1.801759347847426210e-02
-1.849824542476770708e-02
-2.172885796354084072e-03
-2.010687166794309852e-02
-1.447748139082326475e-02
-1.108996902955022845e-02
-5.519341787655846453e-03
-3.405800314769313886e-02
8.180094651090987282e-03
-2.891653536621924519e-03
6.811887615969714448e-03
-9.941784166079072754e-03
-6.900820546801535692e-03
-9.426263768315565296e-04
1.207049558725942565e-02
-1.341414487782100103e-02
-7.922912641971674441e-03
8.654829582524968534e-03
1.668448633453523122e-02
-3.736509635730188815e-03
-1.158931819318878044e-02
-6.764156307859914112e-03
-1.091452071002084120e-02
-1.623184702623693687e-02
9.863140396979765308e-04
-2.093358748799727109e-02
-1.788065535338609954e-03
2.837144112833471510e-02
2.737036458141158674e-03
-2.215103805039642538e-03
-1.547366075780483297e-02
-1.591603239192805608e-02
9.542848327321359729e-04
-5.928146316364461994e-03
-3.806387145689914264e-02
-1.250840965522890917e-02
1.954323675043459149e-02
-1.478173421084337264e-03
-1.095908268449664359e-02
4.748970915532601395e-02
-3.907794684712935680e-03
-1.549118312759486735e-02
-1.237568310210947382e-02
-1.946647090832621593e-02
-4.205046987370565995e-03
-2.234402680831493876e-02
-9.134786154798587784e-03
-2.792614913614255637e-02
-3.472721051015358051e-02
-8.544924242080084026e-03
-7.531231224001256122e-03
-5.862453219350444167e-03
8.697358500583873483e-03
-1.589401349100015917e-02
-3.685169297700593635e-03
-1.190405431282429149e-02
8.359036797080105288e-03
-1.712293135009125902e-02
-7.025755290914673275e-03
3.024372245519969370e-03
-2.964189727704412414e-02
-1.834230257567160891e-02
-1.312958882839792250e-02
-7.272482848083712884e-03
-8.492698625227907555e-03
-7.941168440617771621e-03
-4.983487516293129763e-03
-1.784832264629229032e-02
-2.680815221478614896e-02
-3.791550934735973821e-02
-1.182871925766173712e-02
1.066926804186519792e-02
1.568097458797470568e-03
-1.073759012543524897e-02
-2.711844278450398302e-03
-8.580761332207453504e-03
-1.979441791640775689e-02
-1.726956379174984790e-02
-2.017992498480617944e-02
3.350875285665997055e-03
2.336261073157167717e-02
-1.613140054920214617e-02
-1.632302189398522965e-02
-1.769540448501942531e-02
-1.914471738473740026e-02
1.027962180519345105e-02
-4.128820278853488970e-03
-1.643918618613517818e-02
-1.983881331780430052e-02
-1.577013492460540775e-02
-1.513072095660925390e-02
4.932936936171000708e-03
-1.294908880282909583e-02
4.420981127900138440e-03
-4.291590914826034879e-03
3.651533858285895690e-04
-2.018987891344633037e-02
-3.458331558421328528e-02
-2.819875377272930070e-02
-1.492095730236488822e-03
-9.786231248146605097e-03
-4.091852250676798861e-04
-2.331566733356137122e-02
-1.138707707936039218e-02
-9.495489164054998071e-03
2.646474074454776421e-02
-2.162567292793908871e-02
-1.690057242291440401e-02
1.640655697530061727e-02
1.251335318046001982e-02
-3.480224862172952294e-02
-1.091322706071281776e-02
-1.982316312290472587e-02
-3.012747550909666144e-02
-1.089352873465968333e-02
-1.963756254055541370e-02
-4.101674145004837596e-02
-2.361652966095668243e-02
3.794607412700995528e-03
2.243701099298775654e-03
4.404392977249719544e-03
-3.962393890020765239e-03
-1.511446239545170822e-02
-1.115238528252761839e-02
-2.068501192846451675e-02
-9.356011113412233612e-03
2.104001054699481538e-02
1.510842406200244969e-03
2.250638556750637464e-03
-3.211469332332006314e-03
-1.166890746591119424e-02
-5.525600447281784830e-03
1.961987142418912186e-02
-4.639182399230805907e-03
-2.323513709282057360e-02
-8.242361970016539446e-03
4.735955535960135673e-03
1.036729463418177045e-02
8.264915749494989791e-03
-2.367730304101690626e-03
1.021908487554960707e-04
3.343144837063787684e-04
-1.412924529775229365e-02
-2.311881907761886498e-02
-1.028597260091095728e-02
-8.197526585360232626e-03
-9.110718434057078763e-03
-9.802038231913046823e-03
-7.347298999268874614e-03
-1.578180538259374086e-02
2.072703896789139869e-03
-2.517220308453139641e-02
2.247511551027881263e-02
-3.519217973948138983e-03
-5.781919625796450198e-03
-2.194842447189019555e-03
-5.232052827277259991e-04
-7.678203121743808375e-03
4.953960310610685050e-03
-4.675800078675997930e-03
-2.941569197984847048e-02
-2.781067086019862675e-02
-1.766173262533193497e-02
-1.365498347681498581e-02
-7.396151979537924845e-03
-2.032527461662834642e-02
3.862318920911142917e-03
-1.643264404865289394e-02
-1.927226837889908697e-03
-6.575170163726694501e-03
-1.585770115878357145e-02
3.762570327467224581e-03
-2.364259506833181826e-02
-2.103071325454882942e-02
-9.979869508074882666e-04
-8.440382965763430778e-03
-1.815683570256439519e-03
-1.376761004044336871e-02
-1.748625800097364583e-02
-2.688724122049622814e-02
-9.760633728519437597e-04
7.106189354458112770e-03
-1.841498875480847763e-03
7.222789869623376206e-03
-4.818329541801442788e-03
-5.016145235906379132e-03
-7.015687076361210375e-03
-1.891001064687250488e-02
-1.404088689472518699e-02
-6.561926483607646160e-03
-5.942570750686950419e-03
-4.916913824310905311e-03
-8.748932734320329432e-03
-2.338017264492430261e-02
-1.764856973896088838e-02
6.542675734972306506e-03
-1.837378591899613278e-02
-1.301676475072795040e-02
-8.709567869682787247e-03
-7.531304218448210859e-03
-5.564316569598810533e-03
-1.641650058645173146e-02
-4.828829089599725728e-04
2.483208568850955259e-03
-4.038778294064372491e-03
-6.147873701053366280e-03
-9.653136317683993356e-03
1.396956978941611867e-02
8.902089062993888066e-03
-1.464221460180195264e-02
-8.469861959385510675e-03
2.879238547250205765e-03
-3.915867615852922784e-02
-2.224695274039879128e-02
3.909240463272755685e-03
3.160689924318266404e-03
-2.202639390592752572e-02
-1.897650372795876145e-02
-8.552859631851088273e-03
-2.327917073537107921e-03
3.947756002764648067e-03
-8.892309249057121431e-03
-4.111192525074101010e-03
-5.070242445667169813e-03
-1.941274507902898336e-02
-2.202260357266962870e-02
7.019444018264455604e-03
-2.415039805866418116e-02
-2.495056336527076354e-02
2.221165840622091672e-03
-1.379564629856547785e-02
-3.609788488839818510e-02
-1.633522116201317070e-02
-1.026516431490485243e-02
-3.103408316769732528e-02
5.604692469341888798e-03
1.067893847248866518e-02
-9.235769251263355184e-03
-1.443891663934903334e-02
8.320929014919622307e-03
-2.426960866887635515e-02
-1.054334860097558800e-02
-1.503633677396615936e-02
-2.545086921530217636e-02
-5.725288990391626601e-03
-2.944820221047476580e-02
2.716173916131701428e-03
8.794857791783603634e-03
1.581669258055054279e-03
-5.018967360503365054e-04
-1.163119686753824600e-02
-2.089734910290738396e-04
-1.105794985828199330e-02
-2.068334592612349962e-02
1.111530644632221891e-02
-2.220731346245548646e-02
2.768877939061799558e-03
-2.152870575001962841e-02
-6.063685235673804338e-03
-2.527854561394271560e-02
-4.345259810168884684e-02
-6.274254236442927679e-03
-5.716367073159376970e-03
-2.184356167029947310e-02
-7.094537561449898444e-03
-5.800210333994184828e-03
-3.407167498503246069e-03
-1.800802546827254616e-02
-1.980629268680146257e-02
-1.203733636637283402e-02
-1.898549599919360092e-02
-3.704422769834354867e-02
1.410690332571785770e-02
-1.928965928991869389e-02
-1.060954535706615763e-02
-1.143275816638703903e-02
-7.212135804005427066e-03
-9.400207150941402440e-03
1.224403416431927259e-02
-3.863514750735323917e-03
-7.242774688166462617e-03
7.717318367526766970e-04
3.287704108986030938e-02
-1.109152650391274659e-03
-1.253813568804002486e-02
-2.458304316703462805e-02
-2.761815022759568986e-02
-8.748436127618587632e-03
-6.660692870913188096e-03
-2.157999331297027340e-02
-8.495377756277634404e-03
-7.792049218174846789e-05
4.862410283118428177e-03
-8.865766830502828585e-03
-2.112756796446799493e-03
-1.213727497953832890e-02
-1.036203991902742878e-02
-1.829928113818862084e-02
9.436652076600459500e-04
4.544940262926226715e-03
-1.993161230945537585e-02
-1.986264410119360432e-02
-2.025360084596919061e-02
-2.521390390817108626e-02
1.934186795705463910e-02
3.004630998582192083e-03
-2.031141235351571067e-02
-1.184116282675354119e-02
-2.691467047555959335e-02
-2.900363336450189830e-02
4.497509436098487412e-03
2.356978404343739245e-02
-1.235125025003259644e-02
-1.173715652098082131e-02
-8.629364688145117757e-03
-9.430141110707928459e-03
-3.382144930765593194e-03
-6.759902477591156651e-03
-5.702169456526880089e-04
8.247221817428370544e-03
3.699227571911619002e-03
-6.424834318477159502e-03
-6.399701258190491383e-03
-1.209365412784573109e-02
-3.679448236872988765e-03
-1.431826311650223789e-02
1.483280726432950484e-03
-2.627430588639417461e-02
-2.971658578455335306e-02
-7.107040545613630897e-03
-1.035741471356030688e-02
-6.597944819166580606e-03
-1.534624611188174087e-02
-1.098792723005972624e-02
4.096521075743037379e-03
-7.856248697945317563e-03
9.917118423441049959e-04
-5.097587014039305087e-03
1.485640493790410521e-02
-1.227284113854287644e-02
-2.771614767550633230e-03
-7.040003357342707914e-03
-7.211289810049204864e-03
2.645994464027612812e-03
1.032186680866875421e-02
-2.503789742250943622e-03
-1.251606884836546467e-02
-5.219326047181215358e-03
-1.518034241848875698e-02
1.619497216231415709e-02
3.237411276593369237e-03
-1.549982242251145672e-03
-4.414094909447253967e-03
-3.326071069553815721e-03
-4.542537953600414916e-03
1.672671286764026728e-04
-7.278407132750196878e-03
-2.146282475307582233e-02
-1.708239605027220623e-02
-2.931372991548875095e-02
-1.891150781634962780e-02
-5.158448016577654553e-03
9.750797710209761077e-03
-4.218451467189757165e-03
8.834763667369828597e-05
-2.952414897781428793e-02
-1.743045962358434273e-02
-1.143722256871791167e-02
-1.427534984579320414e-04
-6.902969937600266642e-03
-2.079172410632332268e-02
-1.791076446519847612e-02
-2.015848254107516571e-02
2.005318302071727732e-02
-9.688480386184918428e-03
6.865735881800192307e-03
-3.040056939784975196e-02
-1.769878558597627258e-02
-1.487576570173524543e-02
-8.904180529042985889e-03
-9.410293758265240657e-03
-1.604815506883567472e-02
-9.282946383311769731e-03
-9.318038090326004330e-03
3.484613147383690442e-03
-1.844589950377063109e-02
-7.419801880950561805e-03
-1.619632654655090570e-02
-1.497927011320415117e-03
-1.676421767049039724e-03
8.740420921755217773e-03
-1.312039301829777925e-02
-1.072498874034502267e-02
-1.073257890752217329e-02
-7.110944616112074672e-03
-6.597893478122509106e-03
-6.829450244941657165e-03
-5.197636090846327259e-03
-4.202680145159557422e-03
5.570618239566143236e-03
-2.355315431281809063e-02
-2.145108160082628487e-02
-1.954261824576244630e-02
-1.325680149333555852e-02
-1.532769247334322613e-02
-2.490003766848739725e-02
-7.110083007354561085e-03
-7.821920174486244465e-03
-9.797239546777273753e-03
-7.142194149658533326e-04
-2.590578164323050023e-03
3.542301340618120818e-03
-1.528935302512689741e-02
-1.349570954800984567e-02
-1.421314412127711556e-02
-1.009017680255924754e-02
-8.651304907457637097e-03
5.080369052863430157e-03
-1.143891195765574763e-02
6.790455647187579498e-03
1.259999952440914693e-02
3.931512798554791591e-03
4.592083953156458551e-03
-1.301428891472385801e-02
-1.536750777697751605e-02
-1.543883023737722612e-02
-3.914206781172813870e-03
-7.005837765607572784e-04
-7.763914450231819073e-03
-5.900294427813505480e-03
1.026770259547428628e-02
1.924626341305547134e-02
8.984600233662135352e-03
-4.063315922212656570e-03
-1.721967994115600415e-03
-7.419154312073059088e-03
-1.997061540757654602e-02
-1.946858461027565004e-02
-2.063814435768451805e-02
-6.682169934412907249e-03
-5.566109518869675164e-03
-7.681798035801446108e-03
-1.273937601595181296e-02
-1.141630773383672630e-02
-9.390893261703338671e-03
-1.797411177464880785e-02
-1.186308077519121484e-02
-1.959564863246385930e-02
-2.762297793746878657e-02
-1.537377298312178620e-02
-6.603198740753140478e-03
-1.642082453245403625e-02
-8.965783538164046051e-03
3.424418415360946932e-02
5.715457375874353520e-03
1.138859910658781942e-02
-1.185404962006307919e-02
-1.427559432675359376e-02
-4.465599246105896730e-03
8.879169622565253814e-03
8.638888482925585754e-03
-4.016908706511827798e-03
1.783386210031080938e-03
9.837471263116973064e-03
6.593846885664577696e-03
-2.364468352670729204e-03
-8.097593802300111698e-04
-2.767742386079192346e-02
-1.578178684746208912e-02
-2.315839277359244691e-02
-6.317915746988825298e-03
-2.406273335817984103e-03
-1.780252798211422530e-02
-7.402412204715524621e-03
-1.182210399995121952e-02
-1.508647062694521389e-02
-1.670260593209561134e-02
-1.090593462420879484e-02
-1.837371969601689706e-02
-1.036171006647781424e-02
-5.474951388958657419e-03
1.500334275425785780e-03
-8.153659860377597893e-03
-2.303506328329373541e-03
-1.901778296743147911e-02
-2.556428223633477881e-02
-8.030372106944929506e-03
-1.990182809113397872e-02
-1.807642628352135530e-02
-1.462203269757858526e-02
2.501543144988270257e-03
-1.170531336631221858e-03
-1.981019751877594569e-03
2.795149037145081526e-03
-1.642506345001118993e-03
-3.662329272736054853e-03
-2.885458792722078985e-03
2.325691253346785347e-03
-8.574475412097184307e-03
-8.997587405263617402e-03
-1.296198795481858131e-02
-1.766705526507486232e-02
-2.430618039911000214e-02
-1.329659126116185253e-02
2.020281928037844996e-02
3.592944460749684758e-03
6.849227048298657874e-03
5.788737487865783758e-03
-1.332146376090090518e-02
1.314630665226861755e-02
-1.000212469134079477e-02
-8.296773827756894620e-03
-1.772264974244424848e-02
-1.998558423602292064e-02
-1.605610923136924217e-02
-2.173364902064764403e-02
-9.133006229125853644e-04
7.603604378710342084e-04
-4.692319593459243904e-03
-9.393364742423358435e-03
-1.032361531477063270e-02
-7.937210825588632279e-03
-1.389675260878812935e-02
-1.498340232813617084e-02
-1.824005652654881252e-02
-1.194408604479442644e-02
-1.161503908701642246e-02
-1.585425689109900768e-02
-1.769012941886611429e-02
-1.589684649307475037e-02
1.438229068649245906e-02
7.307069674623837066e-03
1.796123604122556311e-02
-2.375114646953882871e-02
-2.913140816012434187e-02
-2.537715615779685338e-02
-1.887227546025501204e-02
-1.985611079409538987e-02
-2.038211723948886098e-02
-8.874500883402381204e-03
-7.738900077537578734e-03
-8.187114918025055824e-03
-3.086887685757803805e-03
-7.108246756293171674e-03
-1.779560187111532557e-03
-4.820477296924895357e-03
-3.750584468167911505e-03
2.180217620968645346e-03
-2.116637042624433269e-03
2.961561444173951233e-03
-1.641454575253996698e-02
-1.215411195215201391e-02
-1.701522321643698238e-02
-1.008893487396080556e-02
-1.537091782870840702e-02
-1.691671237424791779e-02
-4.520366256647734803e-03
-9.147356964105794047e-03
1.104650471725733205e-02
2.248545188566839891e-03
1.405226793020835068e-03
-1.568231399178891990e-03
-1.471737201467132605e-02
-9.196193336525331982e-03
-2.132026253229070759e-02
1.206362771368857389e-02
1.179402326606026133e-02
5.047097788201618945e-03
-5.475607633624387724e-03
-8.782097042523759681e-03
3.650725746721315487e-03
-2.053766417132165886e-02
-1.798417488018660623e-02
-1.524720113063740209e-02
-1.139969400106883267e-02
7.001861345453649042e-03
3.920885690358384863e-03
-2.109646295796521135e-03
3.701065242194342183e-03
-2.847292901683172971e-03
-1.781366143464528998e-02
-1.900760843799733507e-02
-1.974384292669298033e-02
-2.586114789660320240e-02
-2.830302597710668625e-02
-2.179434397555372188e-02
-8.455702834868263768e-03
-9.113921893560703383e-03
2.306568279618450082e-03
3.577468078624836557e-03
-3.025874156792550743e-03
-4.624643605364708344e-03
-3.530878416165685561e-03
-6.416865216046113186e-03
-4.348926171529349238e-03
-5.976081332844713871e-03
-2.367518771976790531e-02
-2.102094703983239249e-02
-1.980185342173411064e-02
7.703022314947081776e-03
1.018962108585904670e-02
-1.523484463598640242e-03
-9.650462440605344153e-03
8.413363426082180914e-04
5.701678242680870146e-03
-1.742466826831516038e-03
9.473041963665282741e-03
1.951221392496469949e-03
1.622108677242772043e-04
-3.783902575864269910e-03
-1.858674022896558004e-02
-1.881780091084407636e-02
-1.428828194510919219e-02
-1.289224627228041480e-02
-1.218201383078040996e-02
-9.030121320246427036e-05
6.537941581343173492e-03
3.980043535331510840e-03
-6.397773438350648142e-03
-4.069409318490842600e-03
-1.282071816530697995e-02
-1.377463467691870773e-02
-1.834976118456726688e-02
-1.862280093547581672e-02
-2.290387144171135772e-02
-2.048864524932289544e-02
1.923738681855280408e-02
1.105683375805996231e-02
-1.274790878952810486e-02
-6.813301351663810825e-03
-1.076179564877668277e-02
-1.532265819977239769e-02
-1.770039957882561799e-02
-1.357036985728057692e-02
-3.168158790360672827e-02
-3.217951593996886545e-02
-3.322006375970543157e-02
-6.455959925429942577e-03
-1.565881623422008331e-02
-1.475449748536053485e-02
-1.064857159090654148e-02
-9.045086940679823023e-03
-9.879403596694053685e-03
-2.421990105676375890e-02
-2.770796544491226782e-02
-9.603811936562692275e-03
-1.325778698832166987e-02
-2.922384317390899072e-02
-2.737931608842969836e-02
-2.741824867073197614e-02
-1.611343879799393905e-02
-1.889823021927237653e-02
-1.714956989602961501e-02
1.411679359933577446e-02
1.387523767122465605e-02
2.782767299107940465e-03
-1.576474253349279507e-03
-4.357864205532931633e-04
1.097002432195182293e-02
2.019356784787153941e-02
-2.607388452046249371e-03
-7.453322929851481475e-03
-1.059846116497523659e-02
-8.377036499150142474e-04
-8.393455550957558409e-03
-1.076502782340626498e-02
-7.240284528582391875e-03
-2.389273870610736719e-02
-2.610692337923030057e-02
-1.779275154304500728e-02
-1.425800938567738096e-02
-1.587668450543736065e-02
-1.656101919898448141e-02
-8.367442350786720093e-03
-1.774971806076482139e-02
-2.218423995026329310e-02
-2.304487703112770985e-02
-1.122621141627453724e-02
-1.089182842495422208e-02
-1.381568060688188361e-02
-1.761745800033189327e-02
-2.744928951738694750e-02
-2.242088342417095786e-02
-3.906339440627862314e-02
-2.759304865062843851e-02
-2.260003636799905874e-02
-2.245451663909672074e-02
-4.002370510600481920e-03
-5.730215796171988021e-03
-3.973546860773680307e-03
-2.490898914223517793e-02
-3.371258097250817709e-02
-2.618886111392036350e-02
-1.821118317816539448e-02
-1.740415332390784359e-02
-1.299860646070164633e-02
-2.592785388984846992e-02
-2.756203368118167324e-02
-2.823536720917812701e-02
-1.964051750185199022e-02
-2.334536805175127863e-02
-2.284126010597439804e-02
-1.875229870912907201e-02
-2.139128371593392725e-02
-5.123571318753451093e-03
-8.202645956085521245e-03
-1.848955490582727262e-02
-1.853603170114270435e-02
-1.911025350198369832e-02
2.525066554616481069e-03
3.181619659863091799e-03
5.147228573575987707e-04
1.685112431064614454e-03
-8.874035111301718445e-03
-6.197369340576119705e-03
-1.172110274717773001e-02
-1.096764747117667457e-02
-1.239254434151838835e-02
-1.200419377383947842e-02
-1.411531940878602009e-02
-7.104422510011912904e-03
-1.085144496549577363e-02
-1.266623024740713352e-02
-5.796476982774898846e-03
-3.973282978501632007e-03
-2.478174110817564849e-02
-2.944531342503113255e-02
-2.644320801889585293e-02
-3.367973263407789825e-02
-1.595471032662566097e-02
-1.809863574190605229e-02
-1.331955789362149201e-02
-3.308114457879442888e-02
-2.410642377808776271e-02
-1.843132608842117104e-02
-7.897284598737749559e-03
-8.681834141278247166e-03
1.880895070980142386e-02
5.486609735115688738e-03
2.036729235758858326e-03
6.250938530434467337e-03
7.497876497693959502e-03
5.897730861543932016e-03
-1.240124726646899683e-02
-1.437784192885220060e-02
-1.432173910413275103e-02
-1.486633474084793002e-02
-1.733232697269925654e-02
-2.506707099489300511e-02
-2.677465457841297913e-02
-3.574229987002792291e-02
-2.562652267169515663e-02
-2.234756963613413611e-02
-2.378036201159784008e-02
-1.620955198885542722e-02
-2.126609879393344740e-02
-2.044709044833070699e-02
-2.376265934480467634e-02
-1.708809048325424240e-02
-1.660975813157736930e-02
-1.727305675578831926e-02
-2.120991361147427090e-02
-2.250242047265939641e-02
-2.205114583430948030e-02
-1.993478509976782248e-02
-5.987587806307572737e-03
-6.689037985893723538e-03
-1.257459379534287512e-02
2.008624552129091231e-03
-2.838783289224689008e-03
-8.065792704739749644e-03
-1.133811298163517160e-02
-2.458740926189749085e-02
-8.022817614885206783e-03
-1.303572563547202197e-02
8.446785001116461147e-03
9.829348960701820084e-03
-3.081687216880155816e-03
-8.733518160910544448e-03
-8.629678608369857964e-03
-9.299975241009296109e-03
-9.780608528047648673e-03
1.213569788088184574e-02
5.286350089082517828e-03
2.229041018519486474e-03
2.283781195045731655e-03
4.030287015752646168e-03
-3.559380993747928573e-03
-4.606549616876293683e-03
3.583227903764424870e-03
7.394362519343418774e-03
-1.084007641099957522e-02
-1.541603032130886911e-02
-1.423625948313966653e-02
-1.084829111378354284e-02
-2.235105535594580917e-02
-1.604221339183214620e-02
-9.610813433182228971e-03
-8.301163431948125129e-03
-1.366103324141060976e-02
-8.158644378999478988e-03
1.638474341616570976e-03
3.175420741922152274e-04
-1.395401308260145988e-02
-2.376688904721747583e-02
4.116357587674644367e-03
8.896958073677723594e-03
-1.245064321315504088e-03
-1.149651772639174487e-02
-1.020260668344305684e-02
-1.445956333828281141e-02
-1.649871306779758171e-02
-1.725725066790181200e-02
-7.048294836790174565e-03
-1.363040050227318440e-03
-9.633076863993792274e-03
-1.190357234404353266e-02
-2.552571532171086024e-02
-2.092381649216597597e-02
-2.615308903220799151e-03
-5.218756675354681643e-03
-1.280658783725951294e-02
-8.750209109193211009e-04
1.125686874560616075e-03
-1.672907032417566848e-03
-9.966046099965373758e-03
-6.574416137408855589e-03
-1.023662740047653549e-02
-1.587672524334963337e-02
-1.274114129601073078e-02
-1.305689483787833040e-02
-1.893948341001285701e-02
-2.753550024333100560e-02
-2.211212392975351812e-02
-1.831511879813540675e-02
-1.962242417944582568e-02
-8.292439900060403352e-03
-1.679239576733327494e-02
-1.638738361063873938e-02
-1.804771492498869964e-02
-1.821351985969940288e-02
-1.152536532343535237e-02
-1.362690850737193447e-02
-1.265964728187504891e-02
-1.312625391054967998e-02
-1.413501927902525296e-02
-1.204575971544487485e-02
-1.675458452972047527e-02
-2.342660112506208744e-02
-1.450601014638339993e-02
-1.609909808545813281e-02
-1.580316877954862295e-02
1.501099372443365308e-03
-9.763615194922296847e-03
-1.921185814125522806e-02
-1.507255192891582621e-02
-1.394432513417936254e-02
-6.227844066511587645e-03
-2.944382276880235481e-03
-6.938024879362118813e-03
-2.652669417815850875e-02
-1.616774579266765793e-02
-2.284148185222612676e-02
-2.684721653203475319e-02
-1.028927327813086885e-02
-1.537821068299155894e-02
-1.841478952793915158e-02
-2.601022487742685879e-02
9.178477828997727225e-03
2.963811004433593473e-03
2.366638594732824522e-03
4.288664590212317579e-03
-1.135231284810062904e-03
-4.238744607900389767e-03
-5.200813159063165728e-03
-1.132842038005285601e-02
-1.066685494716101794e-02
-1.283538963444534088e-02
-1.164768265157382215e-02
-7.865679177824821261e-03
8.050178691142403573e-03
-1.221110179995357238e-03
7.340123741062991834e-03
-1.072255652182648594e-02
-1.516768707019129463e-02
-1.130864013103769460e-02
-1.224895403801671764e-02
-1.267087368823234181e-02
-1.231067922362526212e-02
-1.102115137769849387e-02
-1.791500736854568718e-02
-1.914638440079225595e-02
-1.604642934774893823e-02
-8.111403417371878047e-03
-4.836164307183342566e-03
-6.198365054490087740e-03
-2.087050320371291665e-02
-1.906120380141105436e-02
-1.765676650105922618e-02
-1.649034686665719340e-02
-1.544516036190167647e-02
-1.969855921539043209e-02
-1.936784256070623461e-02
-2.437561805320625705e-02
-1.090502185384885879e-02
-1.288322625967002269e-02
-1.307045154554779647e-02
-1.204582148940802969e-02
-9.132981665753707456e-03
-5.078463079844388120e-03
-1.797266973509420050e-03
-1.033309290913492738e-02
-4.670883928023302975e-03
-1.312004736391146620e-02
-1.239990481782572013e-02
6.084707142124211451e-04
7.729142715826105466e-03
8.327781861377229339e-03
2.904495845239641726e-03
-8.567033513332820635e-03
-1.708095971699245819e-02
-1.685548496066584939e-02
-1.710156886546397928e-02
-1.847600468603789042e-02
-1.484903049655999369e-02
1.527281589559071305e-02
2.646744745013845934e-02
-9.477074530554385409e-03
-6.708309113805748652e-03
-5.486076713811164143e-03
-4.227853992310750229e-03
-1.964544437743842575e-02
-1.870581514947077320e-02
-3.605842050912647784e-02
-3.027852010716364922e-02
-7.789770583359065595e-03
-9.029650052906117164e-03
-1.151250180746717783e-02
-1.909006242182385155e-02
-3.049565562556481868e-02
-1.762486831518967137e-02
-1.765794406439103251e-02
-1.671157931123948975e-02
-1.399834606631476623e-02
2.494370829291937082e-04
-6.526735797087485948e-03
-6.322170261030313904e-03
-1.145312313593450058e-02
-1.428803464245733193e-02
-7.280719842441142620e-03
-7.702073747071012076e-03
-1.294981640721441264e-02
-5.930590689731778109e-03
-7.287341807937896404e-03
-1.311072630811575997e-02
-1.749900469287809374e-02
-1.936600928724993521e-03
-1.061886344946256708e-02
-1.041091715104324258e-02
-2.957449086380831843e-02
-3.562652714337975063e-02
-1.853808526833145010e-02
-2.092049893116597684e-02
-5.944100079723005012e-03
-2.768151854859863398e-03
6.456352011527929056e-03
-9.714188224561125240e-03
-9.512780972866757834e-03
9.936406355243506544e-04
6.139111947568062257e-03
2.170432189297484549e-02
-1.054470323561130206e-02
-1.176794890787427779e-02
-1.892911138063681914e-02
-1.518610097538445822e-02
-6.018338087662672073e-03
-8.129712567263764483e-03
-2.138438579080511812e-02
-1.191555520046690478e-02
-9.703765957725070737e-04
4.619566708269309818e-03
2.012099485610871832e-02
1.139643512470908497e-02
2.278525454701491038e-02
1.789206749733609353e-02
-1.789640106548547396e-02
-2.063188838723463425e-02
-1.432950506652763689e-02
-1.420829178673810311e-02
-1.813436932499391460e-02
-8.306935125308488946e-03
-1.012034882280304915e-02
-6.293013199136955269e-03
-2.790042789252568638e-03
4.893414948387088707e-04
-8.051974722743920204e-03
-1.438458863340252901e-03
-1.784523588123448565e-02
-2.036114770778289437e-02
-1.548850495875035704e-02
-1.226918458341972815e-02
-1.062770991729580262e-02
-1.481317962369900661e-02
-2.099057568831930870e-02
-1.744080972543043950e-02
-1.178467098878671453e-02
-9.573165462466259532e-03
3.092061741764808356e-05
2.041897875734561066e-02
-9.607034225254020704e-03
-7.094525583012272971e-03
4.347549789719544130e-03
-5.802239363867830665e-03
-4.018259225397268278e-03
-8.033247931140611101e-03
-4.949001335404584929e-03
-1.711451975705900047e-02
-1.121565429969014621e-02
-1.257263377186349299e-02
-1.881423288664952828e-02
-9.893067168854571131e-03
-6.929944173982062645e-03
-4.614170621723031468e-03
-1.026312026532855311e-02
-1.203027476413879443e-02
-1.480740462501097996e-04
-1.001952333640502343e-03
-1.571790160071973724e-02
-1.113745264777796229e-02
2.540836610297656471e-03
1.217930226593929048e-03
2.621190044964659838e-03
-7.698247755085095220e-03
-1.266611665526045510e-02
-7.219597309376431932e-03
7.629186535879258109e-03
-3.736574681225796578e-03
-2.803569760623075813e-04
1.618056747742343615e-03
-2.186230544383196018e-03
-7.150643133204271328e-03
9.433481235046036958e-03
-3.786580955025720726e-03
4.762379267101143898e-03
-2.212506274243288690e-02
-1.614642464302650654e-02
-1.829109541490360480e-02
-2.967542980454099949e-03
-2.089041793747196951e-02
-2.208925699491142564e-02
-1.821982789185845608e-02
1.451712991066952084e-02
3.168238955479147495e-03
3.102484524225093427e-03
6.567324573458137131e-03
4.876471823667255338e-03
-2.168011628506735095e-02
-1.868567202901848592e-02
-2.241678621135684626e-02
-1.719263454873729696e-02
-1.168203051214115017e-02
-1.396038500813312662e-02
-1.281830396298746198e-02
-9.090160951249265028e-03
-7.641563229112097871e-03
-2.104670077771916836e-02
-2.056368847859080945e-02
1.049302705640109759e-02
7.561035216326731506e-03
2.064242825291630681e-02
-2.326852605833182666e-02
-2.148616522276182439e-02
-2.034500093493107550e-02
-2.050621612691190879e-02
-1.568040952033049329e-02
-1.924870572361268503e-02
-1.769440744324426301e-02
-1.969112204913771313e-02
-2.131624100774918637e-02
-1.563433410321780209e-02
-1.138938709003274249e-02
-1.364132806832385469e-02
-1.485683117968126903e-02
-1.943194141449610529e-02
-1.358393660199042757e-02
-1.651658104376353339e-02
-1.741590203027687869e-02
-1.657472796790862915e-02
-1.765227023037422086e-02
-7.794356103424675622e-03
1.717302953108889793e-02
2.377116274727437625e-02
-1.134506540833097286e-02
-9.331171110326327151e-03
-1.728414348543640469e-02
-2.275120842469282104e-02
-3.151804830790731066e-02
-3.193862802057031297e-02
-9.470006324525140698e-03
-1.866203724692645088e-02
-1.844281887888400695e-02
-1.629381935727472822e-02
-1.283805567830053999e-02
-1.530314906853451166e-02
-9.873659462819870444e-04
-2.933834206949554029e-03
-1.846599337530445417e-02
-1.456942598254153121e-02
-1.810087112612894511e-02
-1.833532535391232260e-02
-9.601222699704314856e-03
-6.842590063094238992e-03
-2.698401532082395516e-03
-1.572144806357429064e-02
-1.325927114458015990e-02
-7.615145005960916903e-03
2.670782934384015477e-05
-1.036564081538265741e-03
-8.107875317148011476e-03
-8.707147956346739798e-03
-2.235574649568979749e-02
-2.139904522392396813e-02
7.945309186071938465e-03
8.027228950857143858e-03
4.481577154830659188e-03
-4.402480732204727687e-03
-1.701081007909465564e-02
-3.258242876323904236e-03
-1.020208149942257447e-02
-2.072069641936530576e-03
-3.420220893950666252e-05
-2.208581286194092122e-02
-1.747779488610363627e-02
-5.057691995782360658e-03
-1.707519919951024437e-02
-1.009539158900760701e-02
-5.815951358318319220e-03
-1.460736530632353834e-02
-1.298324538366176992e-02
-1.832895037805826188e-02
-1.877708556104965010e-02
-1.512524275231574671e-02
8.287129658512816174e-03
-8.303961207946705322e-03
7.070651257368922027e-03
-7.512743305018565639e-03
-1.354253833192019946e-02
-5.252491945176161053e-03
-1.845552340383181666e-02
-1.691450104247791894e-02
-1.509582710233269356e-02
-4.132739962206263308e-03
-5.114910540556560740e-03
-7.950785222517282522e-03
-2.883552692603085291e-03
-1.644174720618789276e-02
-1.256236760005337988e-02
7.406391058180025917e-03
7.282141908625106366e-03
5.500686221393264255e-03
9.396696757170886274e-03
-5.543796455191552994e-03
-3.512004120086530123e-03
-8.333205352360296969e-03
-1.011929415574871170e-02
-8.103674412057117540e-03
-9.272832576158952962e-04
-6.803134395115647409e-03
-2.417705428023718059e-03
-1.927082082809535024e-02
-1.759012234851521986e-02
-1.757335321794945004e-02
-1.115445040047923289e-02
-1.396572390503247017e-02
-5.865580350833725365e-03
-1.299088456280381165e-02
-4.813373374671090291e-03
-4.933170737494868736e-03
-1.383076830912940633e-02
8.893835802771640070e-03
-6.597357365256561849e-03
-1.283718877019487947e-02
-1.148279654254511645e-02
-2.982730162052394784e-03
-1.386588518180945865e-03
1.244096267378931933e-02
-3.733429931095819717e-03
-3.289620932892821197e-03
1.785851691859220063e-03
1.757331938454483175e-03
8.286630398030282035e-03
9.929500621898436352e-03
-7.699023062080497144e-03
-1.457826906023642656e-02
-1.210283008865655971e-02
-2.053960217240093783e-02
-2.238698102500399911e-02
8.418609727269160334e-03
2.412043138269957929e-04
-1.509000113273391633e-02
3.233137717735358636e-03
4.363210864082297863e-04
-1.828269300681258092e-02
-3.140930394792761093e-03
-1.052616135126156760e-02
-1.493082716500026587e-02
2.859684066532473465e-02
2.315710717532271437e-02
-2.011027254730594904e-02
-1.741195632828414219e-02
1.437035247044982610e-02
1.377548563543034600e-02
-7.074289842768436733e-03
-4.898744269709891588e-03
-1.661094737582454253e-02
-1.901583797255641459e-02
-3.035067886440835985e-02
-4.178864757524374668e-02
-3.235563420470045221e-02
-1.404898948121347316e-02
-1.095812427055674332e-02
-4.452759330954104625e-05
3.216564519006331283e-03
-2.283335198782037584e-02
-1.973313925436993507e-02
-7.694643281360124577e-03
1.335982631036173457e-02
1.063944860258314064e-02
-1.211158472836696733e-02
-1.370130069734205175e-02
-7.083520558695077449e-03
-7.889131755666575069e-03
-1.142985499726221696e-02
-2.699212785797288489e-02
-3.366548759389741824e-02
-8.222683499169547439e-03
-5.418387195363165085e-03
-5.988765216154329739e-03
-5.573013278898576034e-03
-1.587175321258417135e-02
-2.227096147278257582e-02
-1.703604724847464919e-02
-2.076164902517737415e-02
-2.426035583215487013e-02
-1.865046107564625327e-02
-2.022258595395658512e-02
2.777397878587826215e-03
1.239333542356055827e-02
-2.115881411773576359e-02
-1.680427058548779676e-02
-1.105036349485172265e-02
-3.095391447639056753e-03
-6.871266284397241006e-03
-1.180241842168413408e-02
-8.791565327225324411e-03
-8.795171161757165887e-03
2.094931515253600426e-02
-5.834465401492869817e-03
-5.213865621352469296e-03
2.252713318583128999e-03
-2.391536491311711029e-03
-5.303821741404598968e-04
9.298360975206414842e-04
-7.705637196078095157e-03
-1.263383685524052322e-02
-1.366285055047387377e-02
-1.517271441542324129e-02
-1.216688575646536659e-02
-1.475282635805412641e-02
1.553218070958238550e-02
1.054736223348736943e-02
4.172508945793573787e-03
-5.605910437386326349e-03
-2.487844477769062933e-03
-5.316505830412221641e-03
-1.153023582158941088e-02
-1.764373510027024416e-02
-2.217079091323479259e-02
-1.728211046760434397e-02
-1.014904945824273742e-02
-1.674206971792870091e-02
-2.178292995517753725e-02
3.171322277753551352e-03
-3.916956065215716591e-03
3.147845104583422027e-03
-2.456354118487765175e-03
1.492903618645279387e-03
3.202947471729235794e-03
-2.078481028613735418e-02
-2.167415583632761530e-02
-1.064714771194012755e-02
-5.882434974919207617e-03
-1.309388146387396173e-02
-1.440765106933445359e-02
-4.575958919119972601e-03
-5.986586783448178198e-03
-9.166218233418418557e-03
-1.682386452441574434e-02
-1.724346874476354388e-02
-1.757168580032274913e-02
-2.072811125276848368e-02
-2.291050535406527911e-03
1.039609405216807177e-02
-2.206371861491639164e-02
-1.479698055902934142e-02
-6.569821792807208766e-03
-1.277754086726077577e-02
-2.024325007694584982e-02
-4.187026136901924309e-04
-4.737481023622312423e-03
4.288589050050060220e-03
-8.900054647070367682e-04
-7.185008525549704990e-03
2.540521252900262376e-03
-1.750768518427287326e-02
-1.019330282850015174e-02
-2.112120934736249830e-02
-1.717347445898416425e-02
-2.719645996100249208e-02
-3.279428960807991705e-02
-3.530671242952232447e-02
-2.024262054958246917e-02
-1.784612053893752659e-02
-1.347574809091029932e-02
-1.557898633071216031e-02
-1.269545675232385158e-02
-1.066615931679611509e-02
-2.641857625334187790e-02
-3.580473972040366937e-02
7.885646606499990482e-03
8.262476116241227950e-03
-4.414945120868197376e-03
-1.324662114348401296e-02
-6.571746446533721295e-03
-1.065312786841608218e-02
1.519489021646741210e-03
9.273255565751462384e-03
-3.193114865997700308e-02
-2.275693410225501298e-02
-2.386286955813097382e-02
-5.807717930778080913e-03
-5.638588380517852404e-03
-9.444836356678013370e-03
-1.474981789327036927e-02
-1.026053129356473310e-02
-1.302436944079309565e-02
-1.061642259023663423e-02
-2.091175964117191269e-02
-8.307965980973389813e-03
5.364895309849076685e-03
1.181490913655845396e-02
-7.720016799983116761e-03
8.456494077284712864e-04
1.686939914812478304e-03
-1.240241957682905634e-03
-1.425149381148843250e-02
-2.151825964176311626e-02
-6.602907989958274951e-03
-6.495764310451263880e-03
-7.326020585909497063e-03
1.015063953583617874e-02
1.004130559904669630e-02
-1.350359307407581790e-02
-1.523825982407365186e-02
-1.397259082350736301e-02
-1.249374376840537391e-02
-3.773774506353183913e-03
1.783401537017672081e-03
6.872598364547483074e-03
8.458834862112364281e-03
-1.345934391240080977e-02
-1.658078749104740027e-02
-8.952706673459227132e-03
-1.965945442540352819e-02
-2.622214012011257409e-02
-1.589496400687566077e-02
-2.497566352908136417e-02
7.639376808897425410e-03
1.147566015001125206e-02
-1.103024376880324883e-02
-7.314730960913089740e-03
-5.785099603187079421e-03
-9.010684059122796644e-03
-5.178243397681573344e-03
-2.056673243840546027e-03
-1.345493190729357995e-03
-2.045168058160947919e-02
-2.462472863377868082e-02
-2.468113536300972632e-02
-2.149939586953066029e-02
-1.732422443522659006e-02
-2.447480026432854311e-02
-1.158869085289006284e-02
5.955238860584749147e-03
2.287667484723795563e-03
7.655502807303033027e-04
-1.641431927826045648e-03
1.000019605331379548e-02
6.481194760285023324e-03
8.330766855719923605e-03
1.073872701728471012e-02
-1.001524378701753454e-02
-1.239403619005222980e-02
-1.512689907533319202e-02
-1.466448135974497517e-02
1.126136929310232217e-02
3.447978492564580575e-04
-1.684060269052380793e-02
-1.977644046888134277e-02
-2.013658542459611026e-02
1.585802555167795114e-02
1.654688295390746924e-02
6.589277844830031608e-03
-8.478021350557474189e-03
-1.056312157843493013e-02
-1.099245454740284920e-02
-8.152325896923853094e-03
-2.746052325069652097e-04
3.886218044914123513e-03
-1.723488456220445553e-02
-4.487029198634116117e-03
-7.356624662472393758e-03
-8.280370343363195954e-03
-9.946920984780242749e-04
-9.016367555584429982e-03
-3.101085607652661214e-03
-4.905699106437644633e-03
-1.643477196443274280e-02
-1.569609876655591110e-02
-1.543556867491929427e-02
-2.331214925309430322e-02
-1.898201895562801750e-02
-2.024388315350587539e-02
-1.753404892916364879e-02
-1.975317650257491300e-02
-2.199240363485097105e-02
-1.432485592033452305e-02
-1.457691582287269985e-02
-9.341118628859232734e-03
-1.308220830434103817e-02
-1.098017724648770420e-02
-2.485015013521166272e-02
-2.138500575511483731e-02
-2.254012026245112363e-02
-1.213370700267357022e-02
-2.401401061457355754e-03
-1.862246420725440638e-02
-9.945447011853431052e-03
1.213429565968847899e-02
-1.189231653327012424e-02
-1.840560210616884115e-02
-2.056274257809721090e-02
-2.051825322837180776e-02
-2.674489691204727949e-03
4.784535680457114616e-03
1.706394615422658981e-03
-9.819587592212483326e-03
-1.396518023719795117e-02
-3.702671014023757676e-03
-2.957664288359983067e-03
-1.920833946965291514e-02
-2.768175089966430028e-03
-3.497157237562828654e-03
-1.573479647053796157e-02
-1.988414667896959420e-02
-1.752346415638533078e-02
-1.380811972435176845e-02
-1.298317088650045859e-02
4.788574657802831605e-03
-3.260872468384279875e-03
-2.421666353631326055e-02
-1.883301243662980837e-02
7.229025112556472857e-04
-6.786151114710442349e-03
-1.980697369849272749e-02
-1.843230102947463270e-02
-4.591160336395727626e-04
-7.103193671029942383e-03
-8.231376078041544031e-03
-5.420412596692805729e-03
-4.140891879782227815e-03
-5.253725085100273071e-03
-8.209421650738756016e-03
5.958665744211194548e-03
2.075648356652917519e-03
-7.153603154218746846e-03
7.380487755271080731e-03
-4.398417931530590463e-03
-2.144532357626158237e-02
-2.055280071152644494e-02
-4.801309960326054921e-03
4.414306182773480164e-03
2.638270776357422645e-03
-1.991650231724823028e-02
-1.611738840270551115e-02
-1.777766092753733582e-02
-3.304534133037564936e-02
-2.910097777360549920e-02
-2.619189946670082147e-02
-1.106420000840106256e-02
-7.902674795055530249e-03
-6.165551789807775622e-03
-8.032352400554391286e-03
-5.575031858600648519e-04
-3.924768542770302473e-04
-7.040393938723172804e-03
-2.378176619097543618e-02
-2.560055178867578010e-02
-2.691196845671436910e-02
-1.944417899804459088e-02
-2.929404052027506297e-02
-2.963409799943700351e-02
-1.085795280071954853e-02
-2.086976020625959730e-02
-3.323190817410076603e-02
-1.515413092822734745e-02
-9.523163235171890062e-03
-1.165295340633448751e-02
-1.301755650002837765e-02
-9.091973650778829852e-03
-2.083085730122103546e-02
-2.487851911004134234e-02
-1.858249135279918182e-02
-1.824105271159337863e-02
-1.099862229318578771e-02
-9.534918227215161482e-03
-1.810977902388951136e-02
-7.100219525306599930e-03
-1.372410687164497736e-03
-4.047366722514488500e-03
-8.240851455940823717e-03
-5.920448734896053763e-03
-2.425198790079310940e-02
-2.578525187627880161e-02
1.250300165228641555e-02
9.048466297581514786e-03
4.498954722924036927e-03
-1.140056150112951118e-02
-1.473790432689110579e-02
-1.271821844071683617e-02
-1.818557662758438567e-03
-1.348003966745834996e-02
-1.325062412830945065e-02
-2.297899057758986952e-02
-1.931552471229409235e-02
-8.974437019051373365e-03
-3.311190678231100935e-03
-8.776026835887870345e-03
-8.174360834885171720e-03
-6.470504542712945950e-03
-4.472386359499718259e-03
-6.221004608174706373e-03
3.816818927067331139e-04
-2.824541916283615679e-03
-8.062802691390848209e-03
-7.409410952101507832e-03
-7.072654643914245975e-03
-1.231186513775041173e-02
-1.269749868493268673e-02
1.102584393978306779e-02
5.632934044732510262e-03
3.164164134485896937e-03
-1.286368279445668748e-02
-1.156820014747842081e-02
-3.063645734339134202e-02
-3.530995786016827287e-02
-2.442747236782890838e-02
-2.138326936241240553e-02
-2.224913670665610091e-02
-2.224091716367329954e-02
-2.184112367048536563e-02
-2.583226928844384665e-02
-2.759020896760139632e-02
-1.780278705767875114e-02
-1.608223763805206874e-02
-2.217315468623009059e-02
-2.109980015969224049e-02
-2.237181387537877375e-02
-5.768286236141712160e-03
-2.388597640792567561e-02
-1.179470004895057794e-02
2.633752282226247896e-02
8.317617351810495038e-03
6.505104951872305204e-03
-1.433564603058960600e-02
-5.469181726846102445e-03
-1.891873426621716939e-02
-1.878025862126060652e-02
6.369406357558702464e-03
1.402028051967462276e-03
3.079818459187710217e-03
-2.091085225674494188e-02
-1.997009547415250913e-02
-1.843064290795853183e-02
-2.004717433508322946e-02
-1.943743458413576403e-02
5.874594021363067908e-03
1.933967240779111687e-03
1.609339707880722296e-04
-3.183711281911191533e-03
-1.743900871731779044e-03
-1.213761565632703529e-02
-1.538698815349576546e-02
-1.639322949831463483e-02
-2.696630353494275725e-03
-5.160998308098035774e-03
4.883815860830848996e-03
-4.859645242937208655e-03
-1.772229299954682091e-02
-1.086685965873740965e-02
-1.381419401248437304e-02
-1.376206203318791274e-02
-1.189927586786376605e-02
-7.172956829120391564e-03
-5.109792390576018729e-03
-5.638590796137241384e-04
-6.908677439539055547e-03
-4.932431426151779805e-03
1.564377540933720764e-04
-5.443797006542638178e-03
3.593657680625185870e-04
1.598748879255841929e-02
1.776887399886790606e-02
-2.797157923883365413e-02
1.774746535125353367e-02
2.262834784901846322e-02
-7.831965113285243793e-03
-6.022249973541801346e-03
1.373121296281054789e-02
8.795080630298565336e-03
-2.150056156915088144e-03
6.370393980905982544e-03
-7.377522172835682471e-04
6.861083579284539633e-04
1.053253250312595653e-02
2.042287666523811412e-02
-9.973040375912609057e-03
-1.280259002800693963e-02
9.626939713710652366e-03
1.070127248836245416e-02
7.638688789531052764e-03
6.060218621509436826e-03
1.971547458077818962e-02
2.869768876089496754e-02
1.417536219540365891e-02
5.289233212323113040e-03
1.921217223433098432e-03
1.817987277423351034e-02
-3.190006234196383211e-02
-3.150742709278964160e-02
-1.781936835619542595e-02
-2.318551621477470820e-02
-2.293131552143782420e-02
-2.500112780313332866e-02
-2.512318591043228612e-03
-4.943581623630034609e-03
-6.750220300669120162e-03
-8.989561741651285603e-03
-8.784043234384869211e-03
-4.881253558303428990e-03
4.234561509847931636e-03
-1.802630153547289682e-04
4.079873885884683672e-03
-6.456820573229452888e-03
1.578575733456267713e-02
-3.136999500342731347e-03
-1.561075328430650607e-03
9.061064137761417475e-03
1.003398423943779524e-02
-1.224658281682142365e-02
1.911050384476041791e-03
-2.610246509030512627e-02
-2.573602857523914905e-02
-2.217850482185447156e-02
-2.551365204235783030e-02
-2.637448555647938994e-02
-1.833871142483124370e-02
-2.365655295326158855e-02
-2.213183872227510174e-02
-2.385510096283173509e-02
-2.746624864532967031e-02
7.393286741290867881e-03
1.574008842244408119e-03
3.860838465742185387e-03
-2.403234525984021541e-02
-2.293658387553479047e-02
-1.258481866374409897e-02
-1.099463477065120223e-02
-1.317567172006926975e-02
1.561997546881562643e-02
3.707478646609062029e-03
-8.333589617286992976e-03
-5.098886016121063208e-03
-1.975884049644144325e-02
-5.784861860799587509e-03
-2.071226733836697281e-02
-1.492832835436186389e-02
3.800970655165914229e-04
-7.456518496589603293e-03
-9.872019113265325177e-03
-2.501430234877424080e-02
-6.371266912831048158e-03
-1.542555884902748961e-02
-1.618852956135055296e-02
-5.305680953836764899e-03
-8.098919494129469543e-03
-1.240033088679626423e-02
-7.561099777047871305e-03
-7.542595752126276219e-03
-7.124945850187546816e-03
-5.973626988497255513e-03
-2.219328160508047404e-02
-2.122717807159310924e-02
-1.845298494380671200e-02
-7.647563964278292215e-03
-7.053232471576497895e-03
-1.783394237196507179e-02
-1.671966308731906437e-02
-3.865831192899235602e-02
-2.557569263129199494e-02
-1.920517643505771990e-02
-2.393917476208928113e-02
-4.302708378528423590e-03
1.253684791843542173e-02
-1.247579138323050675e-03
-8.482233260669578417e-03
-4.773420956175400583e-03
8.253723421099246754e-03
1.159560445748041707e-02
-1.435271656286354197e-02
1.655353180299514934e-02
1.609138705329747274e-02
2.853551190428898522e-03
7.716742165037661014e-03
1.584287153336446513e-02
-1.984232197063555761e-02
-2.267657858849172689e-02
-2.816391496876572559e-02
-2.447005948204401121e-02
-5.657927992639888784e-03
-7.805999479261538539e-03
1.674538925249854579e-02
4.544896217937293738e-03
-3.599226878393543740e-03
1.774448382437661918e-03
7.579059065260215604e-03
-5.712202461403801008e-03
-1.931407600410830691e-02
-9.961342590560232427e-03
7.137258232822977534e-03
-9.746627185598851287e-03
-9.999994369289093993e-03
-8.456402428274400335e-03
-9.882691142039677634e-03
-6.997749779713046021e-03
-1.457704296787117222e-02
-8.585246179944933456e-03
3.847446565956820497e-03
1.059783252426267468e-02
-1.918115706946092736e-02
-1.845109078819239662e-02
1.573727019740440644e-03
-5.815803716957180722e-03
-7.128329812981471295e-03
1.837539729644634134e-02
1.336631827060335599e-03
1.179148041800219017e-02
-9.458962261332290022e-04
2.596199622966797481e-05
1.792970179598952010e-02
1.100489520878314247e-02
1.345995980622727815e-02
1.083469176095510668e-02
-1.197594558163489128e-03
-7.787230050215350995e-03
-7.477110595445026105e-03
-3.603297348208215831e-03
-2.616925206505448312e-02
-2.167490598568387952e-02
-2.019121827057184307e-02
-2.864783215999633370e-02
5.994595382961531542e-03
9.426131734360262623e-03
-1.881788975261953004e-02
-2.630561595825945190e-02
-6.476462116028761790e-03
-3.484882721250535768e-03
-1.322941856598286881e-04
-1.487234806309261845e-02
7.559161105929674759e-03
-3.039863999655527914e-03
-2.252150925575019478e-03
-2.138668210673749792e-02
-2.230732669221285533e-02
-3.229341645186070697e-02
-3.132419518598866109e-02
-1.080088063714790964e-02
-8.610192046943431583e-04
-5.433563413995383742e-03
-7.902805579756646062e-03
-9.032769073358318940e-03
-1.220236396473280312e-02
-8.145841207661956226e-03
-1.403967928948569865e-02
-1.345171754869965881e-02
-2.827963251583540637e-03
1.642210705442777655e-02
2.242661633712574390e-02
3.253283581938604552e-03
5.475434768332333030e-03
-2.115135833690025974e-02
-1.588444832914560553e-02
-3.225197261239996782e-02
-3.345258214886991099e-02
8.777286614298789383e-03
-1.625868115873660424e-02
-1.622888824254146989e-02
-2.072469327843074957e-02
-2.348776440628019217e-03
-1.312621298307659404e-02
-6.446702990861181634e-03
-4.784450143091143956e-03
4.538567362649282427e-03
2.012305014822558368e-03
-1.493549076379273657e-02
-1.963582180772277530e-02
-5.313905668869633135e-03
-1.422345639754053238e-02
-7.284987794881714850e-03
-9.833316358493099721e-03
-7.516460679396533805e-03
2.456240812354387737e-02
1.211223281203101416e-02
-2.019281907991867311e-02
2.321369028814196898e-03
-1.524351108815385179e-02
3.930902732269219227e-03
4.465652293180097897e-03
-6.165751005810135056e-03
-2.753531946280459840e-03
-3.180875948952808802e-03
-7.196706095856176058e-03
-7.566414786029937792e-03
-1.657174896987343923e-02
8.837298187492656325e-04
-1.269332234337607404e-02
-1.448819569982968437e-02
-1.837737092980679457e-02
-4.954006783408015924e-03
-1.471522557124165485e-02
-7.574414520030933913e-03
-5.807712037830480532e-03
-8.018592756402079594e-03
-1.597436666275982298e-02
3.551868574591277462e-03
4.597629268836354866e-03
-3.517943992327990117e-03
-1.090007716975105630e-02
-1.156879845557239744e-02
-5.738992646101896862e-03
-1.840108514526185221e-02
-1.344813263578176557e-02
-1.258078880539602144e-02
-1.559908730253508312e-02
-1.781535986386320256e-02
-3.079509817970092420e-02
-2.475056801689468414e-02
-2.412995861238960166e-03
-8.166231238611836377e-03
-1.338170359039232878e-02
-1.487995448813090975e-02
-1.495446319979077017e-02
-1.038031893473764962e-02
-6.384801335661487165e-03
-5.851978743772709088e-03
-3.624837439564869424e-03
1.188168388713748335e-03
-1.687939447961425178e-03
-1.228800188415576054e-02
-1.276511229261485976e-02
-7.758651108447050908e-03
-2.056718399947069396e-05
1.276019099105711249e-02
4.529783222200992748e-03
-4.877402074808380276e-03
-1.235764685922276056e-02
-2.199128654157623750e-02
-2.133146698509499894e-02
-1.704664146140732334e-02
-1.630238887964750166e-02
5.467840446726263039e-04
-5.118690492137473527e-03
-6.875757054542950587e-03
-2.252919980162509678e-03
-2.537611891237449152e-02
-2.593594473062770314e-02
-2.341391300791084359e-02
-2.843480853708339057e-02
-7.045380780227481973e-03
-8.580281357699051301e-03
-7.505416070329766313e-03
1.230523845774519377e-02
-3.399019462923579763e-03
1.061301570381328928e-03
3.191075913972183774e-03
-9.043855850458476162e-03
9.374920303253233634e-04
-8.150330680422365054e-03
-1.034628512470234067e-02
-6.342127345878043575e-03
-6.627584601782828162e-03
2.980148374730773059e-03
7.786429313194080139e-03
-1.144360791984639497e-02
-3.161623767016829515e-03
-7.256472642723621642e-03
-1.663920519250186580e-02
-2.313065040467710779e-03
-5.651108386305020263e-03
-2.477135996464248022e-03
9.899569150791575831e-03
-1.500888382645875797e-02
-5.658827770051257089e-03
-2.599841644465479204e-02
-2.713633729056496441e-02
-1.643986496930710528e-02
-1.723229927885561175e-02
1.078656341850343404e-02
9.081423171167708405e-03
-7.969208375619950269e-03
-7.375828158739351163e-04
4.894110464468143760e-03
-6.276595181510694760e-03
-2.120154082086639098e-03
-1.738776579903042116e-02
-1.370776460519065008e-02
-1.828477466872154705e-02
-1.166391642993278195e-02
-1.272355425617904823e-02
-1.231751766604341318e-02
-2.311497188796008545e-02
-2.136470004374501838e-02
-9.142270902509314762e-03
-8.656015044798527278e-03
8.976081414823961976e-03
-1.173704310720322629e-02
-1.740772098225581641e-02
-1.516846597705021754e-02
-1.608813290797126219e-02
-1.246744994979406308e-02
-1.846000677492981232e-02
-2.608035688071590197e-02
-2.785537308856637223e-02
-8.024324882747861133e-05
-7.803615677457964583e-03
-1.589404615953625335e-03
7.883901862081378088e-04
-2.336275275204412194e-02
-1.919881932824752876e-02
-1.757095247891177908e-02
-2.263441650216965056e-02
-6.587144064891773884e-03
-3.307048124802488588e-03
-6.806024530794821219e-03
-6.434582033312668918e-03
-1.816742022765376052e-02
9.532884374848728595e-03
3.085127117626652350e-03
-3.129395643554230139e-02
-4.331630613609703528e-02
-2.273244743056501010e-02
-2.040229499252516759e-02
-9.834864952654818332e-03
-8.274100479969232272e-03
-1.748771931685027398e-02
-1.745771685222485825e-02
-2.572213870455110005e-02
-2.009060996478246805e-02
-1.702876731407658786e-02
-1.234567380159791103e-02
2.693959404288607043e-03
-5.771967479276446898e-03
-2.545219796438516740e-03
-7.345464650300249747e-03
-8.807077239038530250e-03
-7.015062487762766669e-03
-8.156731996175236449e-03
6.470777053469166417e-04
1.942047036758235258e-03
-4.647156018019024150e-03
-3.405358213600954888e-03
9.603647667447931871e-03
2.113502856465835928e-03
-6.257719275269657891e-03
5.730555515418947130e-03
1.490724084153476243e-02
9.189540732803260295e-03
-1.057457725932867305e-02
2.842827397805886350e-03
1.713400094679447998e-03
1.041698575232516974e-03
-4.214535141896392362e-03
1.311264420947550282e-04
-9.190932838973076306e-04
-3.945506237331017352e-03
-1.568783396726173857e-03
-2.200977807409287227e-03
-3.632675049927058288e-03
-2.366003509740075006e-03
-1.653271437404203736e-02
-1.107195621595394482e-02
-9.928847504058849541e-03
-1.166106285120794249e-02
-1.092466128458425591e-02
-8.874380119484704538e-03
4.742775282219760004e-03
7.751147357609122768e-03
5.486407103999822212e-03
-1.935753922608865517e-03
-9.772927220204622595e-03
-8.281422850700959418e-03
-3.444053853107265258e-03
-1.032799111968801808e-02
-9.404586927793428391e-03
-8.391267771597854183e-03
-9.241341507016206935e-03
-9.438404819000732748e-03
-4.954742531595942440e-03
-1.027805486585195265e-02
-1.725010621988827195e-02
-1.616265219549187920e-02
5.984017229578161498e-03
-9.231922508866896582e-03
-9.532455276679263276e-03
-9.009789686927451371e-03
-8.594634294468130736e-03
-8.385651414767233622e-03
1.838721449341826353e-02
-2.465873351688995570e-03
1.521633109221614492e-03
-9.420121750895627411e-04
3.010218186943227226e-03
-1.703137058860973094e-02
-1.525581978989967377e-02
-2.848289658129738930e-02
-2.345213560846371587e-03
-4.553661834625161164e-03
6.042647120995243938e-04
-2.539762016423222080e-02
-2.092255829797869809e-02
5.399937539860091146e-03
2.595296952311131186e-04
-4.012544275507277415e-03
-5.547334432441091735e-03
7.052347124437328106e-03
-1.015496410795538665e-02
-1.182526166500404326e-02
-1.381914606964161629e-02
-1.740800881032684988e-02
-1.367734082864339833e-02
8.043453269334361992e-04
-1.672889776846366722e-02
-9.895898514421953146e-03
-1.309115540662455709e-02
-1.367159871513972703e-02
-9.781370263188669811e-03
-2.969272457973860021e-03
-4.540869881646492252e-03
1.643919745822269851e-02
-8.653786687761896163e-03
1.160220506886011117e-02
-6.960707340122669617e-03
-1.153930563311710705e-02
-1.437820135061810937e-02
-4.980783920831054548e-03
-6.005808701330966892e-03
-2.155558157291268678e-02
-2.646351617931247749e-02
-2.438759059619358474e-02
7.401671117904747889e-03
2.962253522416771062e-03
-1.451030469118013040e-02
-1.532990520476450180e-02
-2.033096083063500731e-02
-2.761805538254923087e-02
-9.621501355712391151e-03
-5.953298560663734286e-03
-6.647367722793383685e-03
1.838395855973613867e-03
1.302269348054327369e-02
4.874746416538852461e-04
-1.734260255957792343e-03
-9.250671195788760445e-03
-8.980289111207918548e-03
-2.384755116952097520e-02
-1.307000222613405489e-02
-1.193729138555835873e-02
-2.187999099521762553e-02
-1.344437702805849864e-02
-6.641958043211860195e-03
-5.415977866202239914e-03
-5.352658432216218266e-03
-9.367436968129938882e-03
6.414499907278697205e-03
-1.735859431067464723e-02
-6.430022729898081076e-04
1.293028720654545993e-02
1.126413315382205488e-02
1.666611675971535478e-02
1.628704013172565385e-03
1.214879912857362272e-03
-8.457833240515286177e-03
-1.573495062559860172e-02
-1.566096294505642944e-02
-1.668404989159477051e-03
-6.074658926702982721e-03
-1.034519804107774527e-02
-1.906183693054236059e-02
-1.673378907604389232e-02
-1.934713582071860560e-02
-1.612019085938744267e-02
-2.209010628465630718e-02
-1.315997093647318893e-02
-1.868051583176236555e-02
-1.504528928026047790e-02
-1.405797157835513012e-02
-1.352754265783757785e-02
7.713239966313181588e-03
7.238062599894544598e-03
-5.720751425378039698e-03
8.046800988081784364e-04
-2.054591379380289046e-02
-2.474549110037848471e-02
5.733497638740219296e-03
1.280141336395238146e-02
-1.137041839477850175e-02
-1.354415905225713097e-02
-7.545394453113792553e-03
-2.233367906339162393e-02
-1.078125230924815471e-02
-1.738782372239341262e-02
2.493042269368712666e-03
2.642119168331299485e-03
-2.441721951349448867e-03
-1.105636735200334758e-02
-9.654811540608317783e-03
-9.843792392733882388e-03
-7.683959104225585382e-03
-1.428205621491347721e-02
-1.184111581811569426e-02
-1.368322214598174068e-02
-2.045398755206746452e-02
-1.834455799874010196e-02
-2.270937695009588378e-02
-2.814567471724486319e-02
-2.075369721571081183e-02
1.043167250890175007e-02
1.137676209297779073e-02
2.106244575163072202e-02
4.505457644793093956e-03
3.935113076632209758e-03
1.086721543080466403e-02
-1.012222938229375910e-02
-1.246234941381873726e-02
-1.009362916965114015e-02
-1.565144743508391917e-02
-1.965880060408192742e-02
-1.328688147082894740e-02
-1.555100187519293901e-02
-2.138004189394300189e-02
-8.596716884813842760e-03
-2.545462247647025875e-02
-2.646318585836218013e-02
-3.201036817545313551e-03
-3.087773652405470179e-03
-2.615293856378430454e-02
-2.424579212727524108e-02
1.325031512630936263e-02
-3.345463478653220440e-02
-2.597932428495506110e-02
-2.943997450613047850e-02
-2.324126515501071313e-02
-1.667265639187906143e-02
8.248896616375680016e-03
2.957288956139729214e-03
-9.015671557313868073e-03
-9.358683890162703550e-03
2.971263487242528298e-02
1.705966104030304242e-02
-2.480814272183765740e-02
-2.795169153769169745e-02
-4.080192472986804951e-03
-7.810465536283057834e-03
-1.016692024977137142e-02
1.114731051897623407e-02
1.342363590019735910e-02
-8.868152573288495474e-03
-2.407353490170336188e-02
-2.262325482622299516e-02
-1.948968127082328916e-02
-2.589917792944328515e-02
-1.037158696651503849e-02
5.057701260186026754e-04
-1.299298648857336556e-02
-1.607709532152237775e-02
-1.265261295173102096e-02
7.487531894336929127e-06
1.127934736033327310e-03
-8.657832434749332742e-03
-1.206098589930551697e-02
-2.311873893539910779e-03
-2.111210488393996595e-02
-1.473219218122927797e-02
-1.927360864329480741e-02
-2.459684254255317670e-02
-4.250208320724216393e-03
-1.002262092336323775e-02
-1.215024274536586832e-02
-7.423649368115246665e-03
1.409072407184353655e-03
-1.358001640885362965e-03
-4.621451735748990756e-03
1.597611973837832072e-02
1.090507328429013260e-02
-4.483620780724533426e-03
9.444184759411633837e-03
2.841153918528677939e-03
-1.144702462771650213e-02
-1.334541660858275247e-02
-9.275678502768365877e-03
-4.903843690328339375e-03
-1.399519908757327138e-02
-1.582448969953634960e-02
9.862577346852167623e-03
1.378375705599084282e-02
1.878650608781356687e-02
-2.546833166382560243e-02
-1.776444099863503864e-02
4.165652367168638098e-03
-8.366983190966870501e-03
-6.535641108278329899e-03
-1.044900055594846083e-02
-1.092511260409904927e-02
-8.605682503564464347e-04
-4.825455131535783329e-03
-1.393371274912477351e-02
-7.272106328928931371e-03
-5.418697157097777375e-04
-2.378778348824820560e-02
-2.323083235894100873e-02
-2.668344182752693458e-02
-2.398350929240024992e-02
-3.066292127776836657e-02
-2.580698259702102204e-02
-6.757399299584256579e-04
-1.332831420212243767e-02
-2.203715239067076392e-02
-2.258371761910775780e-02
-5.057713878164249791e-03
-1.986463221366584209e-02
-2.055300796932618690e-02
-4.752634732946086141e-03
-4.551974213486860432e-03
-1.495161089513011993e-02
-1.337114103598889374e-02
-2.067071254490799107e-02
-1.905822920148295130e-02
-1.150521669104753730e-02
-5.104470567677730185e-03
-5.110229316429589115e-03
-1.008209935078764261e-02
-2.261596482429033619e-02
-2.641742184133858556e-02
8.967656835538029671e-04
2.759352995755597060e-02
2.454182278017242452e-02
-2.472984299362555871e-02
-4.157791816427812426e-02
-1.815684153937228767e-03
-1.906019197778206688e-03
1.658430470771254245e-02
-2.533035533547561922e-03
-4.583435462939281814e-03
-1.267817707298798773e-02
-2.010085836328607753e-02
-2.613776053982985997e-03
5.124668537505951832e-03
-1.200765288542553384e-02
9.646017473183757587e-03
3.946672867268226879e-03
-1.676682888811344488e-02
-1.853193517895100270e-02
-1.575924787861802609e-02
-2.278445210985495517e-02
-5.758436284756324880e-03
-6.596322712596983107e-03
-1.530389826917793496e-02
-1.936814288547396290e-02
-3.393651017665628425e-04
-1.167971099536815015e-02
5.299818527929085407e-03
-3.684925861752279264e-03
5.804118545831923534e-03
1.095593013612271988e-02
-1.351369839894579067e-03
-6.606569766611170881e-03
-9.882931402300008591e-03
-8.960826362935906883e-03
8.087600326956220905e-04
1.507405147200544307e-04
-7.365401365233215786e-03
-1.233058565515569860e-02
-1.396137089821899123e-02
-9.349824246267067138e-03
-8.063669865885437008e-03
-9.738673075929285203e-03
1.252615363830391054e-04
-6.299883146180304018e-03
2.184344877309883116e-03
3.904697201323634789e-03
-5.170912593479382556e-03
-1.207262612512220376e-02
8.489046412792682289e-04
-1.389275081882558876e-04
3.598511515224038330e-03
-2.033119420085354855e-03
-2.490660535326750386e-02
-2.294773179277238839e-02
-2.609983010576537657e-02
-2.577531255310083411e-02
-2.330048169242003933e-02
-2.876773167262994257e-02
9.428743036684181580e-03
2.885299536238304218e-03
1.555157918962343268e-02
-2.967971365327920497e-03
-3.672122634014576836e-03
-3.580815263118666825e-03
-4.832583752339953895e-03
2.396190852210634131e-02
2.887130684344139248e-02
-8.969133764243481660e-03
-9.037461723795317189e-03
-1.634133482363471848e-02
-3.923211928757684708e-03
-4.197765205455896223e-03
-1.943479970127443696e-02
-8.082229065220531902e-03
-5.323430368979822046e-03
-4.547985575633193937e-03
-9.301762624059203496e-03
-1.339015492526502045e-02
2.113930920888241072e-03
-5.981662042851673168e-03
-1.109360923550557765e-02
-9.022262196647569399e-03
-1.263269152301735310e-02
-2.673844942087883966e-02
-1.908131741615298055e-02
-1.177579023688691932e-02
-9.865141165267597365e-03
-3.154077052314240535e-03
-3.341489439932415588e-03
-9.217432406302942041e-03
-1.774816215766507983e-03
-6.891084710151353099e-03
-1.568152163130080365e-02
-1.416704999603608838e-03
-1.451799710825236490e-03
1.657413955115937670e-02
5.540063696358535524e-03
1.497182682343762769e-02
-3.515076772691569807e-03
-2.441491470498578439e-02
-2.767422161743950766e-04
1.982804115027148734e-03
-1.493113275317458494e-02
1.030353187889202111e-02
5.176869977049287572e-03
-1.388589337996643663e-02
-1.325502824249101888e-02
-1.443288737412437572e-02
-1.687293809108074459e-03
7.168753864162435117e-03
-9.973850455725033481e-03
1.945508791943634892e-03
-2.160024613504617219e-02
-2.033497489180303291e-02
-2.481990058626093801e-02
-1.683141963823383408e-02
-1.978120566192197172e-02
-1.869981126754322737e-02
2.542575198515090911e-04
-2.739593497037501324e-02
-1.812671345541317855e-02
-1.772467222857532915e-02
-1.634723801372454932e-02
-1.435558267264917635e-02
-2.419444398754159314e-02
-2.624466988133661999e-02
-2.652274495014075861e-02
-3.047577217117690418e-02
-1.148825963010702104e-02
-1.063399366056444126e-02
-6.829003460661203784e-03
-2.113786819315774390e-02
-1.662974723619363784e-02
-1.723036935472129633e-02
-1.868511902187493983e-03
-7.711855707232047330e-03
9.539253952349236940e-03
-1.261960518057060783e-02
-2.053967080854214589e-02
1.284367866043222353e-02
-7.090151111883888704e-03
-1.672766857147471500e-03
-7.956984511708642752e-03
2.346166753858428596e-03
-5.778095509043711282e-03
-9.698779134411602762e-03
-2.091162134452038274e-02
-3.073454570179383685e-02
-5.557480809019388866e-03
5.873325313205539182e-03
4.245472232303690308e-03
-1.160071067896442957e-03
-1.426910868806771301e-02
-1.321173396431911916e-02
-1.562252917500613590e-02
-5.118572006226243531e-03
-3.253442869743054106e-03
-3.353197899930258821e-03
8.654042793962585592e-03
4.788214705076423300e-03
-2.117922882140016450e-02
-1.330113840578746494e-02
-1.254938360524526092e-02
-1.363547752030681154e-02
-1.303804869926505211e-02
-1.321106984852650143e-02
-1.472186841324803035e-02
-1.420299719159951075e-02
-1.115714557055552496e-02
5.538321301003230716e-03
-6.551293710872667722e-03
1.072334174479693848e-02
-4.360683415354532633e-03
-6.833627394174337372e-03
8.380885142774277888e-03
3.132405662169559200e-03
-7.196325764736800738e-03
-6.619137727590753903e-03
-1.050348278361501637e-02
-2.502332847733712562e-02
-1.287170605553848886e-02
-1.640540727640296681e-02
-1.648521838802480960e-02
1.141792704488201480e-03
3.965812344618381557e-03
-1.637795746776102637e-02
-3.119157001301848826e-03
1.731301827746367520e-03
1.698197475747782346e-03
1.974668127861081268e-03
8.559946737338139031e-03
-1.054150137430992853e-02
-1.027835246744431691e-02
-1.244975498783481953e-02
-1.431641934618325084e-02
-7.596713554373669096e-03
-6.269326956900867116e-03
-1.996234643201994993e-02
-1.427743323956281269e-03
2.410431792813408011e-03
-6.705433851206595887e-03
5.048296822829850122e-03
-5.483819445238106386e-04
-3.001317415324356377e-02
-2.800766655257948268e-02
-3.293779963882385170e-02
-3.593345648018649724e-02
3.811983647695471166e-03
4.937898426289591761e-03
2.611701321701859722e-03
-7.059184608151479294e-03
-1.939353237198890951e-03
-2.936032594988510595e-03
-1.041254622115241404e-02
-2.021376156623084716e-02
-7.795909110328887040e-04
-2.410736656777542799e-04
1.358929657487711342e-04
2.588456883179551023e-03
-1.837967753056427012e-02
-1.830241552133772889e-02
-1.938578881449988175e-02
-2.038580850172649547e-02
-1.945380427726723163e-02
-1.072784968427406560e-02
-9.320638277111496089e-03
-1.719039247348361568e-02
-1.455083718770141393e-02
-9.041764790043791550e-03
4.395939508679537477e-03
7.665323581445261658e-03
8.064402875444954405e-04
-7.388481271366271162e-03
-7.672641655365578656e-03
6.553895773479642001e-03
-1.877745397910202466e-02
-3.464396869194397849e-02
-2.583406906431556013e-03
-2.824948542763040544e-03
-6.141044290861047070e-03
-3.829283774684809957e-04
-7.505575672286859436e-03
-8.781319447002316342e-03
-5.301931240475993463e-03
-9.210843933058068117e-03
-1.076773954663701183e-02
-6.944863494971806502e-03
-6.191484724046182955e-03
-5.156447530503897522e-03
-4.516510464565471651e-03
-8.931889618620283619e-03
-4.231851058457306719e-03
-3.479276402186295015e-03
-1.923861895330590066e-03
-6.174797631301819946e-03
-1.814355104766831109e-02
-1.328025690082953666e-02
-2.273124369820321913e-02
-2.254335257787945523e-02
-1.189483626290199943e-02
-1.303319168201740735e-02
-9.818896787342323851e-03
-8.509435109716589202e-03
-1.226990818805042370e-02
-9.305963860135438998e-03
-1.186106710227550348e-02
-5.245938284945817279e-03
-1.480856416049040501e-03
-2.076450857395460703e-02
-1.878018172846548234e-02
-2.824583741089366218e-02
-3.395719995078115561e-02
-9.673237864058546395e-03
-7.820025533565033715e-03
-1.580451711436322432e-02
-2.315172198968363029e-02
-2.082467322696752998e-02
-8.355920670878667911e-03
-1.197182406592291540e-02
-2.573244652629730345e-02
3.111778574586638625e-03
-4.049870927596487154e-03
-1.157938708793598316e-02
5.326136660844396110e-03
5.103274363134522977e-03
-2.975646875794176957e-03
-2.082604866830150767e-02
-1.371557839794994120e-02
-8.740911936840374888e-03
-8.980994351023821945e-03
-2.038115146649607454e-02
-2.737769362398271775e-02
2.828385018469961945e-02
6.121337664052344495e-03
-8.972423741852256912e-03
-4.918691273492518772e-03
-1.889289252220250140e-02
-1.326720372797580462e-02
-1.334715242054249941e-02
-2.460223193140652700e-02
-1.866932565769494068e-02
-2.285332601554962428e-02
-2.556319448289946783e-02
-2.733813590943084612e-02
-8.274336034780720162e-03
-1.086276122267830838e-02
1.323534326945485567e-03
-1.175077014744555903e-03
-8.841487540451919633e-03
6.253785671718939572e-03
3.439757194804860928e-03
-5.299607380094113751e-03
-3.917476925253128919e-03
-1.185199893411938328e-02
-1.534966993695325438e-02
-7.917619764468602009e-03
-1.163495320612588022e-02
-1.884184126038163445e-02
-2.302215588245335939e-02
-1.080455984284118924e-02
-1.303873249040468640e-02
-1.076836273637145173e-02
-1.102655117945261672e-02
-2.330194765319667030e-02
-1.299549036930375788e-02
-8.053037676484912227e-03
-4.632700045575800091e-04
-1.059286176620263809e-02
-9.428937491359737702e-03
-1.155810567449548111e-02
4.727366914066688107e-04
4.044596999948157391e-03
-5.892220571492433334e-03
-2.264059150547216310e-03
7.161490945482451402e-03
-6.691699115430554609e-03
-4.852150282746312861e-03
-1.163620440650769267e-04
3.639659238970907248e-03
-1.127393010409293711e-02
-3.650459755857818345e-02
-2.703796332417784248e-02
-1.942878690419718932e-02
2.424889727509339072e-04
-2.621824211682454581e-02
-2.830033476323746619e-02
-1.193212676878685138e-02
-2.408185854149204330e-02
-2.323452010660593745e-02
-2.124793259901185810e-02
-2.301455192765340663e-02
-1.312697637471587318e-02
-1.654924389159491069e-02
4.225699791051619469e-03
-4.383768928140381951e-03
6.668698025155696783e-03
7.232949247802654066e-03
4.673705434503198398e-03
-1.321452196357955633e-02
-9.957527626592190331e-03
-2.622180519495104917e-02
-1.734041927039063624e-02
1.077252070520785462e-02
-9.347943728955728296e-03
-2.355616616614058037e-03
2.356099176140841016e-03
-8.937964924433602215e-03
-4.050309796106835170e-03
9.159810297683739638e-03
1.280723275989179705e-02
-8.746517182416632674e-03
-1.915156361944533175e-02
-1.704731049614716457e-02
-1.530913883764664987e-02
-9.663750245398493657e-03
-8.425615712556610085e-03
-1.334694637771770970e-02
2.684493816401506763e-03
-3.078235144246917708e-03
-2.878100117518319484e-03
7.031122319553690693e-03
1.417117010777304946e-02
-5.633835578754304262e-03
-6.875035517576591655e-03
-7.967068920450692121e-03
-8.708080339340271148e-03
-1.384694561319149003e-02
-9.052290244686631362e-03
-9.984605591048684517e-03
-2.407239337811370797e-02
1.139090320694571314e-02
-1.502658564835174931e-02
-1.159307184583792047e-02
-1.013364000029168092e-02
-5.280841760085233129e-03
-9.496646504609828829e-03
-2.888715209365045299e-03
-1.865807366721271982e-02
-2.617868232070060322e-02
-7.309864870668507895e-03
-2.870480275014825923e-03
-2.538268481120788816e-02
-2.530719877931527848e-02
-2.256027390887949818e-02
-2.921588287409948234e-02
-2.655765801171030768e-02
-2.888704790365906327e-02
-2.575024774091643626e-02
-3.070951626624921632e-02
-5.377963620258669440e-03
-7.439189365879972718e-03
-6.305373475788028301e-03
-2.125967365975868495e-02
-2.094161481561512134e-02
-2.035784148159098389e-02
4.391521745112488863e-03
6.642544424026427911e-03
-2.678548405146339000e-03
-3.833329637972649612e-02
-4.248720817338134254e-02
-1.785800123519116003e-02
-1.667324488458215431e-02
-8.069148124229409691e-03
-7.216372578552681001e-03
-1.855843418554346466e-02
-1.765340357789839734e-02
-3.432982263261244449e-02
-1.100515398075772172e-02
-1.602750896681954390e-02
-9.375502932935939407e-03
-1.053240153443222096e-02
2.689182764786680196e-02
1.910347935329588173e-02
1.706694421872334555e-02
1.969802101160335415e-03
-2.249247915480750287e-02
-1.628255719274518745e-02
-2.614713721531673751e-02
-2.233069611123201029e-02
-1.010099940023017479e-02
-1.036923353133427546e-02
-9.801269906822170780e-03
-2.042735596649376990e-03
-7.452600145712183835e-03
6.352718948956518653e-03
-8.246806002294474261e-03
-1.667723231190146663e-02
-1.569696977483502412e-02
-1.631254642823314407e-02
-6.144944550366818366e-03
-4.751755067584088367e-03
-7.660486579476476557e-03
-7.332666532990869158e-03
-6.414290768553119158e-03
-8.062903217910479328e-03
-1.750826082970096884e-02
-7.600572308487664984e-03
-6.134896980915044429e-03
1.691265814045878058e-02
1.072961064013179359e-02
-2.563014789238581351e-02
-1.660080516003315312e-02
-1.335313447273889231e-02
-1.589604190148912605e-02
-1.115037568586457230e-02
-1.076716520143794313e-02
-7.779323642171497716e-03
1.178434961488990587e-02
1.016709313053940598e-02
-8.791507507431598964e-03
-1.144300463127443691e-02
-1.643314626132462430e-02
-1.464626886993372103e-02
1.799246556025491800e-02
-6.841110633704145655e-03
-1.011407637922211340e-02
-7.369652322388514296e-03
-7.428587028049365298e-03
-9.154890834715129211e-03
-7.029374279046047246e-03
-8.440353644728499152e-03
-5.954834947014181479e-03
1.131628659353577614e-02
-9.581269113623044897e-03
-1.464992484767445313e-02
-4.126442632029515552e-04
-9.239817912239549954e-04
2.400371602884146787e-03
5.458264276485386667e-03
-8.763520148122476427e-03
7.680985252749815417e-03
-1.038429915646333279e-03
-1.551938378026388073e-02
-8.279716235102586169e-03
-1.476804977173684814e-02
-2.381658725425916945e-02
-2.100350631256064568e-02
1.196172890862203788e-04
