0.000000000000000000e+00
0.000000000000000000e+00
0.000000000000000000e+00
0.000000000000000000e+00
0.000000000000000000e+00
0.000000000000000000e+00
0.000000000000000000e+00
0.000000000000000000e+00
0.000000000000000000e+00
0.000000000000000000e+00
0.000000000000000000e+00
0.000000000000000000e+00
0.000000000000000000e+00
0.000000000000000000e+00
0.000000000000000000e+00
0.000000000000000000e+00
0.000000000000000000e+00
0.000000000000000000e+00
0.000000000000000000e+00
0.000000000000000000e+00
0.000000000000000000e+00
0.000000000000000000e+00
0.000000000000000000e+00
0.000000000000000000e+00
0.000000000000000000e+00
0.000000000000000000e+00
0.000000000000000000e+00
0.000000000000000000e+00
0.000000000000000000e+00
0.000000000000000000e+00
0.000000000000000000e+00
0.000000000000000000e+00
0.000000000000000000e+00
0.000000000000000000e+00
0.000000000000000000e+00
0.000000000000000000e+00
0.000000000000000000e+00
0.000000000000000000e+00
0.000000000000000000e+00
0.000000000000000000e+00
0.000000000000000000e+00
0.000000000000000000e+00
0.000000000000000000e+00
0.000000000000000000e+00
0.000000000000000000e+00
0.000000000000000000e+00
0.000000000000000000e+00
0.000000000000000000e+00
0.000000000000000000e+00
0.000000000000000000e+00
0.000000000000000000e+00
0.000000000000000000e+00
0.000000000000000000e+00
0.000000000000000000e+00
0.000000000000000000e+00
0.000000000000000000e+00
0.000000000000000000e+00
0.000000000000000000e+00
0.000000000000000000e+00
0.000000000000000000e+00
0.000000000000000000e+00
0.000000000000000000e+00
0.000000000000000000e+00
0.000000000000000000e+00
0.000000000000000000e+00
0.000000000000000000e+00
0.000000000000000000e+00
0.000000000000000000e+00
0.000000000000000000e+00
0.000000000000000000e+00
0.000000000000000000e+00
0.000000000000000000e+00
0.000000000000000000e+00
0.000000000000000000e+00
0.000000000000000000e+00
0.000000000000000000e+00
0.000000000000000000e+00
0.000000000000000000e+00
0.000000000000000000e+00
0.000000000000000000e+00
0.000000000000000000e+00
0.000000000000000000e+00
0.000000000000000000e+00
0.000000000000000000e+00
0.000000000000000000e+00
0.000000000000000000e+00
0.000000000000000000e+00
0.000000000000000000e+00
0.000000000000000000e+00
0.000000000000000000e+00
0.000000000000000000e+00
0.000000000000000000e+00
0.000000000000000000e+00
0.000000000000000000e+00
0.000000000000000000e+00
0.000000000000000000e+00
0.000000000000000000e+00
0.000000000000000000e+00
0.000000000000000000e+00
0.000000000000000000e+00
0.000000000000000000e+00
0.000000000000000000e+00
0.000000000000000000e+00
0.000000000000000000e+00
0.000000000000000000e+00
0.000000000000000000e+00
0.000000000000000000e+00
0.000000000000000000e+00
0.000000000000000000e+00
0.000000000000000000e+00
0.000000000000000000e+00
0.000000000000000000e+00
0.000000000000000000e+00
0.000000000000000000e+00
0.000000000000000000e+00
0.000000000000000000e+00
0.000000000000000000e+00
0.000000000000000000e+00
0.000000000000000000e+00
0.000000000000000000e+00
0.000000000000000000e+00
0.000000000000000000e+00
0.000000000000000000e+00
0.000000000000000000e+00
0.000000000000000000e+00
0.000000000000000000e+00
0.000000000000000000e+00
0.000000000000000000e+00
0.000000000000000000e+00
0.000000000000000000e+00
0.000000000000000000e+00
0.000000000000000000e+00
0.000000000000000000e+00
0.000000000000000000e+00
0.000000000000000000e+00
0.000000000000000000e+00
0.000000000000000000e+00
0.000000000000000000e+00
0.000000000000000000e+00
0.000000000000000000e+00
0.000000000000000000e+00
0.000000000000000000e+00
0.000000000000000000e+00
0.000000000000000000e+00
0.000000000000000000e+00
0.000000000000000000e+00
0.000000000000000000e+00
0.000000000000000000e+00
0.000000000000000000e+00
0.000000000000000000e+00
0.000000000000000000e+00
0.000000000000000000e+00
0.000000000000000000e+00
0.000000000000000000e+00
0.000000000000000000e+00
0.000000000000000000e+00
0.000000000000000000e+00
0.000000000000000000e+00
0.000000000000000000e+00
0.000000000000000000e+00
0.000000000000000000e+00
0.000000000000000000e+00
0.000000000000000000e+00
0.000000000000000000e+00
0.000000000000000000e+00
0.000000000000000000e+00
0.000000000000000000e+00
0.000000000000000000e+00
0.000000000000000000e+00
0.000000000000000000e+00
0.000000000000000000e+00
0.000000000000000000e+00
0.000000000000000000e+00
0.000000000000000000e+00
0.000000000000000000e+00
0.000000000000000000e+00
0.000000000000000000e+00
0.000000000000000000e+00
0.000000000000000000e+00
0.000000000000000000e+00
0.000000000000000000e+00
0.000000000000000000e+00
0.000000000000000000e+00
0.000000000000000000e+00
0.000000000000000000e+00
0.000000000000000000e+00
0.000000000000000000e+00
0.000000000000000000e+00
0.000000000000000000e+00
0.000000000000000000e+00
0.000000000000000000e+00
0.000000000000000000e+00
0.000000000000000000e+00
0.000000000000000000e+00
0.000000000000000000e+00
0.000000000000000000e+00
0.000000000000000000e+00
0.000000000000000000e+00
0.000000000000000000e+00
0.000000000000000000e+00
0.000000000000000000e+00
0.000000000000000000e+00
0.000000000000000000e+00
0.000000000000000000e+00
0.000000000000000000e+00
0.000000000000000000e+00
0.000000000000000000e+00
0.000000000000000000e+00
-2.524895736621649012e-02
-2.154124301949456033e-02
-9.721392624486954043e-03
-2.682700187613483878e-03
-4.052370334817271408e-02
-2.229454252942250983e-02
-1.740591823830247784e-02
-1.541976543804050165e-02
-7.023293737143351465e-03
-8.708107733913591011e-03
-4.440333299893061206e-03
-3.342789526204705767e-03
-3.072376512201170640e-02
-2.474459894512963040e-02
-9.936630059035111984e-03
-9.498245543598706625e-03
3.097380251195400690e-03
-1.173191475857100416e-02
-3.037483735357037612e-02
-1.134883048761008324e-02
-9.441123312049017752e-03
-5.586413185647577315e-03
-2.474074195775822702e-02
-1.075797816232228893e-02
-1.221493085191972805e-02
-1.789193754347372101e-02
-4.919714143488446330e-03
9.218092090123589794e-03
-1.449636139753438142e-02
-2.177352246929831203e-02
-2.321770334031370703e-02
-1.719558031863662254e-02
-2.950380312918277417e-02
-1.984265225251553161e-02
-2.387023912828098796e-02
-2.623755882214243162e-02
-1.849988598265157186e-02
-3.149074797227091604e-02
-1.201777460346808296e-02
-8.968806923683608073e-03
-1.063684874807691201e-02
-1.744848704113562826e-02
-1.870988139559489477e-02
-1.028965898567854760e-02
-1.206917660883320784e-03
-9.206385744888991723e-03
7.983562672457103493e-03
-3.969817361216182450e-03
9.244290448037758429e-03
-7.070502968724022216e-03
-5.359074465341935253e-03
-6.231702984250280658e-03
-2.244644604938290239e-02
-1.582565632434906888e-02
-4.422877132507721347e-03
-2.075039626837404949e-02
-4.074756265329895072e-02
-2.122594081236959043e-02
9.915941511028723843e-03
-1.829360144606050759e-02
-2.254795650279646166e-02
2.974909311688410385e-02
-6.699605957714505544e-04
-1.305880902908631777e-02
-2.178742033531808064e-02
3.157768694017543121e-02
-7.803318464415787137e-03
-4.608407494615397379e-03
-8.900525305264080783e-03
4.347636630752427928e-03
-8.990216740039413956e-03
-1.657387699698424643e-02
-1.718918675401259408e-02
-1.931024263336923730e-02
-1.029366455277273482e-02
-1.491824895896155280e-02
-2.073951809967985137e-03
-8.303930764692520408e-03
-2.361336759478882086e-04
-6.019167134199874918e-03
-1.441871507714457754e-02
-7.084785473137264304e-03
2.361990566126339394e-03
-1.125295866711056511e-02
-8.974761400095036465e-03
-5.345691066495660178e-03
-1.125790763300044475e-02
-1.813424092195271495e-02
-8.926200478164810284e-03
-2.084101540040516135e-02
-2.104198390628884974e-02
-3.002210345045953216e-02
-1.534517984450159758e-02
-2.466393207240932459e-02
-2.299903277969437762e-02
-3.432099068852778167e-03
-2.320635824347262732e-02
-4.854058925725344975e-03
-1.507596695161586391e-02
2.021520960404372610e-02
-2.389292823385511660e-02
9.885900050035163929e-04
1.116396442166358807e-04
-2.750809915121634266e-02
-1.215711398515555500e-02
4.707281341234579447e-03
-1.366451344988836580e-02
-3.511946369036924448e-03
-2.721836364311193412e-02
-1.497314606049966745e-02
-1.403885379070117685e-02
-1.401728012645389381e-03
-1.133232789585768285e-02
-1.923489130519779808e-02
4.866637087076645420e-03
-1.084266194176148300e-02
-1.919473946870168049e-02
2.539871544448508382e-03
-2.584231363134968998e-02
-1.815867109459786549e-02
3.637119007889891720e-03
5.893428884857753076e-03
3.319449097461441185e-03
6.883652297420174947e-03
-7.052471640518676770e-04
-5.896326327671595931e-03
-2.026040465681266597e-02
-2.857538873108385682e-02
-1.943859500502179496e-02
-1.450650906194947236e-02
9.926503796535804044e-03
-3.861347685354863529e-02
-2.371881303321112314e-02
-1.595513640745388137e-02
-2.623616040127012879e-03
-1.511391970681703195e-02
-1.109420584348230245e-02
-7.222784968634857541e-03
-4.118531716061248418e-03
-4.196588446624754769e-03
-1.878600662803510402e-02
1.231975253780042074e-03
-1.146557142639445526e-02
-2.293210533122364350e-02
-3.370021190305402120e-02
-2.879797804843257925e-02
-1.671572535298631798e-02
-1.649308598694084610e-02
-2.087469414580227223e-02
-2.389849346882166534e-02
-8.158431554198606120e-03
-3.387670807632150571e-03
-3.366490171738331649e-02
-2.163043981501759291e-02
-1.509633059391303142e-02
-2.534089405694833763e-02
-1.427109029623632730e-02
-3.302572963300303560e-02
-1.442620857610125637e-02
-2.721822011604474109e-02
-9.597793803446065183e-03
-1.069684500960651694e-02
-4.237472072062389850e-03
-5.096275781299785222e-03
-3.653329055267207082e-02
-1.466995054961611235e-02
-1.657559192468541220e-02
-8.667834694346279387e-03
-1.297371576421353298e-02
8.849439778795173059e-03
-1.025251180092848907e-02
-1.242704627215156926e-02
-1.323703484799887940e-02
-1.387817497692415102e-02
-2.151910422912297824e-02
1.374820392763208797e-02
-7.898358960944353024e-03
-1.091695756683852027e-02
-2.560253999985082074e-02
-2.721522034064512499e-02
2.772103608783076188e-03
1.926426249753440331e-02
-1.544357814376227413e-02
-5.855010101973324652e-03
-8.745847829016184863e-03
-8.479771156594734238e-03
-9.370294607527763706e-03
6.893524029654197333e-03
3.211283466937430581e-02
-1.484701212575102909e-02
1.680522333645648181e-02
1.072087920426348893e-02
-4.858772877170814200e-03
-2.415722963218964320e-02
-9.983917608059691279e-03
-1.788405476286651988e-02
-5.459821329769794056e-03
-1.879474722637816328e-02
-1.141256364764307342e-02
-1.446499112155841260e-02
-3.066469538619060430e-03
-1.342373643703216601e-02
-1.824776031470963164e-02
-1.496641650667223343e-02
-2.380861886538278294e-02
-2.383911433868237187e-02
-5.061048772859184919e-03
2.441859201621098940e-03
-1.481138469527315885e-02
5.719942444154402054e-03
1.094264549625075834e-02
-3.048787164550269962e-03
-1.674345756313656494e-03
-1.812377789483938378e-02
-1.356460511900463815e-02
-1.771739762703243917e-02
-1.550092326954004111e-02
-1.636886778250036534e-02
2.200176086795671213e-03
-2.439480609471974572e-03
9.816321411050890622e-04
-7.462417264940011605e-03
-1.533323485436382042e-02
-1.287091971934720309e-02
-7.737364289381975027e-03
-7.937236836639499291e-03
-6.893497177379534838e-03
1.577401701423313332e-02
4.424747749642149279e-03
-2.569034380039934840e-02
-2.223643820260425702e-02
8.416092281380141427e-03
1.043188275243191361e-02
8.079227440507498123e-03
-8.991533346669805180e-03
-1.881618449284291200e-02
3.758857067469917670e-03
1.924889258809067694e-02
-1.480856607640435377e-02
1.814598019660541156e-02
2.019400129883861666e-02
-1.714857204845561187e-02
-3.315131813181573101e-02
1.758685532663140441e-02
-9.406201870668717130e-03
1.848097775557849820e-02
1.320666797476043909e-02
5.591550328374842761e-03
-6.511773931458198980e-03
-1.210992798143683581e-02
-1.663782931358321129e-02
-2.234962425077936451e-02
-1.864445896550245146e-02
-1.417211560835513959e-02
-3.559253355979446511e-03
-2.124831057248533286e-02
-2.633819667055593838e-02
2.583921433454779495e-02
-3.058330779082673451e-02
4.363705523907374789e-03
9.637745038350372002e-04
-8.986898616986550500e-03
-1.013934591837211373e-02
-1.226367377179205832e-02
3.193778789249628741e-03
-2.138839581724194007e-03
-8.860764951937518535e-03
1.915091136279280237e-02
-2.495843220667104466e-04
-1.652932369393365474e-03
-4.170795844617157522e-02
-1.423727205996489636e-02
-1.806466787113068448e-02
-2.600561854892695368e-02
-4.242151554422878695e-02
-2.244493650407881902e-02
-2.340847281259328741e-02
-2.625393180419013234e-02
2.367358737532445235e-03
-2.528517335978566413e-02
-3.292608432264246959e-02
-1.777645452230977238e-02
-2.466823579466860539e-02
-2.740367223355632403e-02
-8.637747229823010756e-03
-1.423784216958560479e-02
-1.605799479486776093e-02
-1.453491327560211578e-02
-4.816301267826892871e-03
-7.728345413000688516e-03
-1.378772545762015946e-02
1.936851676519051740e-02
-1.900373974592219767e-02
-3.222797400578343574e-02
-1.565384975114843952e-02
1.962505024408666560e-02
-1.065016302104321300e-02
7.290889837476445881e-03
1.443796172996333633e-03
9.152952559996443971e-03
-1.476652536892988227e-02
-3.308429852293803819e-02
5.775804508961379820e-03
-3.506689578937813301e-02
-6.940429704522317784e-03
-2.044459019211679676e-02
6.807819688726643968e-03
-1.312879092779018105e-02
-1.788700447752562470e-02
-3.894921541702780696e-03
-1.030543886289134702e-02
-1.765729032036602447e-02
-3.875307044953089225e-02
-3.867599387443176884e-02
-9.050232050960853661e-03
-2.366557296768603824e-02
-3.148870139572275406e-02
-1.994740093944147308e-02
-2.423063507612376738e-02
-1.324077435735797684e-02
-8.503139183263947474e-04
-1.992488297659934446e-02
9.581664920480639780e-03
-1.081878630950722751e-02
-1.858000942037178142e-03
5.719261726706405778e-03
-6.067883112022370157e-03
-1.070579963743832283e-02
-4.405118329322633801e-03
-1.202101838278059505e-02
-1.673411241862059889e-02
-2.997186731360402569e-03
4.992437702029704945e-03
-1.392407373621381422e-02
-1.837891778963562928e-02
-1.092953209490545897e-02
-2.331885695679735901e-02
-3.159691340008843885e-02
6.368767059756793702e-04
-1.323433821429894144e-02
-1.189144631736281828e-02
-2.567816525180592613e-02
3.306477521805810930e-05
-1.069571911918857678e-02
-2.299407051607744307e-02
3.805694072677524896e-04
-1.256799078521226784e-02
-1.334813707895881642e-02
-2.902065786362946834e-02
-9.304156100080026789e-03
-2.025150900006112906e-02
-2.194325578550848296e-02
-1.018599602089025578e-02
-7.192993731575968164e-03
-1.379366159749442072e-02
-7.743039048939955558e-03
-7.353086408597545552e-03
-3.123955456725788574e-03
-2.331892110355414729e-02
-2.206260981963355933e-02
-1.241045817428102112e-02
-5.526611076135366091e-03
-2.097545881756520889e-02
-2.478269621139960951e-02
-2.028568091443494481e-02
-3.540637310454671643e-03
-2.330437370785197124e-02
-1.434512929507633129e-02
-1.538473062417882592e-02
-2.564985704335427663e-02
-3.610029496873222096e-03
-9.194662327278954952e-03
-4.899026197823732991e-03
1.800768297000690868e-02
-1.825564190252413829e-02
-1.797686404823591695e-03
-1.985417887309264343e-02
-1.437100785869828423e-02
-1.099501710034805554e-02
-5.294269741482367578e-03
-3.405344623709449792e-02
8.076014490633007595e-03
-2.686052241363507710e-03
6.842812590180043057e-03
-9.915413550027531858e-03
-6.916454001043122884e-03
-9.942541027499252927e-04
1.210393039576031053e-02
-1.348902217839787268e-02
-7.908920129563935808e-03
8.705002481566500097e-03
1.666744197621104068e-02
-3.586937587805525719e-03
-1.160861062385892817e-02
-6.770146646560905833e-03
-1.075191331810766183e-02
-1.635163372078191069e-02
7.449160639728996582e-04
-2.086009330899859029e-02
-1.721793349834720762e-03
2.831847900445555802e-02
2.756827218500751235e-03
-2.214410446137144144e-03
-1.548924481319559517e-02
-1.577795273116457120e-02
1.012633803378426480e-03
-5.924159944265896399e-03
-3.816780321824273653e-02
-1.245041293937920214e-02
1.955917262325624836e-02
-1.511566277108283146e-03
-1.128925387241497789e-02
4.752870898186725007e-02
-3.704091588723301080e-03
-1.557590497796535779e-02
-1.238806284158801112e-02
-1.926688472233406904e-02
-4.223515976969998559e-03
-2.242349797511533280e-02
-9.103777642339667964e-03
-2.781518309672958988e-02
-3.485674079367580974e-02
-8.504464595603330318e-03
-7.489304661569344893e-03
-5.814738690045772977e-03
8.648749196828136102e-03
-1.597196544160554496e-02
-3.709020146008043702e-03
-1.211603656673127492e-02
8.465341310636221098e-03
-1.715474588540700368e-02
-6.962279908576482317e-03
3.068205802920685732e-03
-2.993855561752111621e-02
-1.818546910773468153e-02
-1.314621440441987935e-02
-7.281669682595003253e-03
-8.408579655038965137e-03
-7.947545481361079772e-03
-5.041824365614073176e-03
-1.790055171832042810e-02
-2.682904601190152019e-02
-3.791980337680662949e-02
-1.179755689485529127e-02
1.067289209544178274e-02
1.495882697716866081e-03
-1.075960990327906250e-02
-2.667993058465222694e-03
-8.548432942914206689e-03
-1.992357703445122100e-02
-1.728300930921230355e-02
-1.998506411805637747e-02
3.257628765392801048e-03
2.335610042241053133e-02
-1.624637905531473372e-02
-1.608359066038674706e-02
-1.792248041279222853e-02
-1.919518411508660746e-02
1.017553143266730804e-02
-4.057013698507340449e-03
-1.635249697032322563e-02
-1.995163584192201009e-02
-1.575181752181426670e-02
-1.514991154944803596e-02
5.029652023830715087e-03
-1.305058209292531482e-02
4.409068543534146005e-03
-4.221757201739198724e-03
4.135287262150023338e-04
-2.022869643640905907e-02
-3.444176066134504305e-02
-2.824366362729327506e-02
-1.649159386328333992e-03
-9.760819555225062547e-03
-1.080133688140115278e-04
-2.371798422364299400e-02
-1.148667264478558242e-02
-9.499404731560218140e-03
2.659108139921667960e-02
-2.136963208060330827e-02
-1.726467954221420215e-02
1.629814190148166572e-02
1.259329395333533448e-02
-3.458865138076175350e-02
-1.100129268053227395e-02
-1.989065133439037875e-02
-3.003437719815912205e-02
-1.080476276521250868e-02
-1.964212579960405297e-02
-4.129111894642156083e-02
-2.342058674562951665e-02
3.818923398621372998e-03
2.432882823283910156e-03
4.550601443585682547e-03
-3.884273895376832725e-03
-1.520379293696023232e-02
-1.111057995351468278e-02
-2.070306713436765103e-02
-9.286758098600524439e-03
2.124183581162811252e-02
1.602267066430518305e-03
2.212980172394240184e-03
-3.424346301834055566e-03
-1.167384905124280517e-02
-5.434429365981768498e-03
1.968991505915093296e-02
-4.680298880083921809e-03
-2.322943329939045412e-02
-8.217805968544536141e-03
4.974770031847638128e-03
1.033125542443321353e-02
8.312563729521927486e-03
-2.101725421723765752e-03
1.783497560893508333e-04
6.787432192206744805e-04
-1.434971481881344713e-02
-2.300163189182337711e-02
-1.029382674950344440e-02
-8.229659475621474776e-03
-8.934629922730068924e-03
-9.811913511995092388e-03
-7.362605296538054893e-03
-1.577724079114922739e-02
2.212114024496200041e-03
-2.533634166214078151e-02
2.242822364820231881e-02
-3.689256547353729314e-03
-5.836331716845531876e-03
-2.149063911858089138e-03
-6.337085823890941695e-04
-7.709565539470292043e-03
4.930397723147824166e-03
-4.836661003158462986e-03
-2.968688528731631970e-02
-2.768538940348486826e-02
-1.781430020892710298e-02
-1.342667620123097830e-02
-7.652015906827304946e-03
-2.018098599576442082e-02
3.767836769110681060e-03
-1.646250828527857230e-02
-1.873172732350908854e-03
-6.655226007137986580e-03
-1.581028891499068265e-02
3.660319992148900348e-03
-2.365673761244179232e-02
-2.103502293325881095e-02
-1.010509224039245419e-03
-8.429289527630326115e-03
-1.699279296816489076e-03
-1.360217614300364419e-02
-1.747343506983569869e-02
-2.680845816203982282e-02
-1.070173280840520545e-03
7.138873658537548718e-03
-1.849309983115710737e-03
7.295297115410430411e-03
-4.877890128694573404e-03
-4.986800752818626448e-03
-7.009971854542110074e-03
-1.893491040115300242e-02
-1.421592250522367082e-02
-6.628522185000862259e-03
-5.951435432998714720e-03
-5.035072942614248620e-03
-8.962191867420645289e-03
-2.316080329705530114e-02
-1.765382800847802719e-02
6.589375361553939311e-03
-1.871743868731360130e-02
-1.301761629917075336e-02
-8.654169502806837583e-03
-7.398845356583833022e-03
-5.569312149711500015e-03
-1.646824863158256880e-02
-5.968683131184595106e-04
2.464464766012729787e-03
-4.089335747192249411e-03
-6.359696801490380760e-03
-9.615103340054413292e-03
1.362767397285563273e-02
9.077125815744898837e-03
-1.464188071980424867e-02
-8.735628386625450895e-03
3.193646795769926154e-03
-3.893376212943389786e-02
-2.191587645734457968e-02
3.707948384079283542e-03
3.135205898789787671e-03
-2.169064417372344039e-02
-1.924789758063253850e-02
-8.545847778670966760e-03
-2.157659686863557490e-03
3.592154787057329646e-03
-8.965318454604100790e-03
-4.112771488879690511e-03
-4.845709566722197076e-03
-1.942300686195415696e-02
-2.222614415107482602e-02
7.175013760518306367e-03
-2.399986727334551401e-02
-2.515411193171977061e-02
2.314782449724096108e-03
-1.382904340447854881e-02
-3.592452821297292126e-02
-1.641576998399616599e-02
-1.028846681578148882e-02
-3.132420533389151940e-02
5.297082582129727935e-03
1.068208225677490589e-02
-9.187632893785853752e-03
-1.445880229900284135e-02
7.974257499653100364e-03
-2.420681787135469873e-02
-1.065082220955861428e-02
-1.501572328700430912e-02
-2.536452673896141818e-02
-5.697949989928144561e-03
-2.963509151238801972e-02
2.632956040610423109e-03
8.909049879579182540e-03
1.475055326892365896e-03
-5.173980371175843649e-04
-1.163185063910757155e-02
-2.285092414786454602e-04
-1.105668356325965364e-02
-2.065091653543419184e-02
1.081342521784315475e-02
-2.233038377223604126e-02
2.864177252622245040e-03
-2.119014517642822670e-02
-5.946724934942613366e-03
-2.513815242081388068e-02
-4.372706989176715353e-02
-6.328122680669267738e-03
-5.677586031938793715e-03
-2.186854898301006378e-02
-7.522308815241148146e-03
-5.847472691693877782e-03
-3.503269171793090431e-03
-1.803988053828515375e-02
-1.968496939167229537e-02
-1.211916438405603869e-02
-1.914472709187992061e-02
-3.687795764402716781e-02
1.401797234105071725e-02
-1.941716062239468021e-02
-1.055514880540235796e-02
-1.121973823784806409e-02
-7.224365300734522308e-03
-9.384185258252854614e-03
1.226307634539794758e-02
-3.870335470692961959e-03
-7.235844712208803174e-03
8.191496301637966057e-04
3.289828121993294135e-02
-1.050715299762747419e-03
-1.259304128310944834e-02
-2.434018548356854314e-02
-2.765142413213247594e-02
-8.697105376867452289e-03
-6.827122129584760162e-03
-2.151802314581094736e-02
-8.475935937925990760e-03
-1.538065166254938608e-04
4.870689139120930149e-03
-8.869066421612734410e-03
-2.126301284435484860e-03
-1.216755211722531094e-02
-1.045807910833449102e-02
-1.836675372108758156e-02
1.034173673878912951e-03
4.582252802469026325e-03
-1.982510404335544735e-02
-1.956102673317191079e-02
-2.019095951678928635e-02
-2.505003528538054386e-02
1.911434239458409748e-02
3.148984261302254645e-03
-2.048774892521137633e-02
-1.176544430008895185e-02
-2.704423577459134920e-02
-2.896860396151976907e-02
4.856529485480900327e-03
2.340693235293416635e-02
-1.222315372093847607e-02
-1.165504207687261505e-02
-8.629365007346628466e-03
-9.428721359108695188e-03
-3.490249491066431398e-03
-6.700520173405827631e-03
-4.323963156913134616e-04
8.229750743347743688e-03
3.706926887674586325e-03
-6.426952904713042862e-03
-6.399509099705499339e-03
-1.198095662311748910e-02
-3.752412315789880465e-03
-1.437613816766054875e-02
1.683114173376366093e-03
-2.621148028461385213e-02
-2.941777086641376993e-02
-6.993108981889845956e-03
-1.041053136341847651e-02
-6.696394066177890902e-03
-1.538385482389062996e-02
-1.105057990289520613e-02
4.177071241148379993e-03
-7.788645609387905878e-03
1.017199291635686618e-03
-5.096466788774628963e-03
1.503853666975380442e-02
-1.249825436661236057e-02
-2.636842308106073125e-03
-6.861890646397827455e-03
-7.157943058605378307e-03
2.603267681500230201e-03
1.041484236756377683e-02
-2.580844263459057628e-03
-1.266363559770808042e-02
-5.202716211092070497e-03
-1.514895187865703506e-02
1.623973074317273252e-02
3.221967427987704365e-03
-1.538920079065962373e-03
-4.417131272596209850e-03
-3.328232693688974297e-03
-4.422517479180558889e-03
1.068679863228897005e-04
-7.291904666160298892e-03
-2.132778513734255588e-02
-1.722127279251283935e-02
-2.905354920104707278e-02
-1.884058774117191443e-02
-5.154345009125915582e-03
9.760909415982274573e-03
-4.089002256185574058e-03
2.409869867543561217e-04
-2.939166792550026996e-02
-1.743491662945364368e-02
-1.158025696725091015e-02
-3.039327117627375918e-04
-6.832973679398868759e-03
-2.071392444699530350e-02
-1.764161763877193992e-02
-2.022254364302573937e-02
1.990016313683136071e-02
-9.771278393736383336e-03
6.835862671204229191e-03
-3.036688024384650783e-02
-1.792450743641328323e-02
-1.495136655951094691e-02
-8.936850243386819034e-03
-9.036283753647494227e-03
-1.608497931313994031e-02
-9.363244987931656355e-03
-9.261280201809730592e-03
3.433939640780602626e-03
-1.837967891468953591e-02
-7.619424973574333640e-03
-1.640176071047401082e-02
-1.721193464281980685e-04
-8.136733998742037366e-04
7.501991522830985491e-03
-1.315811588272461016e-02
-1.071961815309624595e-02
-1.080997312176156661e-02
-6.846839345802676821e-03
-6.593837514816069077e-03
-6.433940166004317035e-03
-4.299480930733701536e-03
-3.417237149078469240e-03
5.368670922774403630e-03
-2.442765762381363809e-02
-2.190417092380946701e-02
-2.027663528836983961e-02
-1.238927006251854326e-02
-1.489102464060358330e-02
-2.406449139090215475e-02
-7.675885062771369179e-03
-7.884702909051268666e-03
-9.675685935682097616e-03
-1.729309166781169225e-03
-2.402074393699704050e-03
3.401763868692932614e-03
-1.534918718215753236e-02
-1.347075136635655923e-02
-1.498151375497046647e-02
-1.003685059877224527e-02
-8.311082655464001670e-03
4.673101065467854913e-03
-1.143554272823569910e-02
6.602141960235887071e-03
1.265111864389568443e-02
3.876033007712521242e-03
4.691541092679955317e-03
-1.404964940059445777e-02
-1.617175692549456881e-02
-1.540764308658219665e-02
-3.880837098088989016e-03
-9.898173643359670353e-04
-7.816201586275568075e-03
-5.393773911076437527e-03
9.045326777580929567e-03
1.982216717750245882e-02
8.698930522291821454e-03
-3.533872107099103859e-03
-1.508514656532123016e-03
-7.811108599952745236e-03
-2.029104392203760418e-02
-1.941381277291373900e-02
-1.996276762925597303e-02
-6.371239541247281264e-03
-5.330643793285416883e-03
-7.076857608046370832e-03
-1.259617222546059213e-02
-1.116324661974148896e-02
-9.914525648006626210e-03
-1.802289409022819408e-02
-1.175322733412873487e-02
-1.946980521862180791e-02
-2.777966352438975342e-02
-1.611170687036995314e-02
-7.376472498105154582e-03
-1.589310756703790281e-02
-8.251856833666889116e-03
3.367886266604092765e-02
5.660755872945720003e-03
1.136920944872818473e-02
-1.200523199694764585e-02
-1.348111666099296654e-02
-4.938402231167900516e-03
5.357331923119426284e-03
6.443857934518285556e-03
-4.110694642186689916e-03
1.802963119260150458e-03
6.269835784646901784e-03
7.295204914070744021e-03
-2.506245589093853386e-03
-8.763651296070945227e-04
-2.780058209285111645e-02
-1.571668494043916911e-02
-2.387316684429686628e-02
-6.252688628884770818e-03
-3.287931410430568017e-03
-1.972880541573747079e-02
-7.313767652172328826e-03
-1.230807434441541851e-02
-1.485766584113761002e-02
-1.615465761190234065e-02
-1.179795224622597928e-02
-1.856727224792031200e-02
-1.007360373579742167e-02
-3.728023674841911966e-03
2.065990237768273140e-03
-8.155316929572387075e-03
-2.650034900879712305e-03
-1.927543777244814655e-02
-2.547860821978570681e-02
-8.458748712163599234e-03
-1.913254254830901169e-02
-1.771352758918045417e-02
-1.543385319053172840e-02
2.488082342915460318e-03
-1.160337035728041186e-03
-1.904800902526501997e-03
2.811270643376061022e-03
-1.610176287638258319e-03
-3.683497946973733356e-03
-2.570873556843565177e-03
2.432100839839959269e-03
-8.172090761024942626e-03
-9.346792478234125512e-03
-1.273202516776178635e-02
-1.772079416841169930e-02
-2.432733146165154750e-02
-1.355694847947166125e-02
1.968594355498956561e-02
3.640034922170019924e-03
6.660813847623362795e-03
5.733093950251670623e-03
-1.326226505966186971e-02
1.321764126694806134e-02
-1.102405880935630397e-02
-1.019539339414935082e-02
-1.746205865902655460e-02
-1.939129719101616300e-02
-1.579251656136703569e-02
-2.243061025035320358e-02
-1.126173460839043853e-03
5.402419717731943641e-04
-4.658433587097824367e-03
-9.407867322583552197e-03
-1.037234687105799413e-02
-7.967855378403408684e-03
-1.394443941505279540e-02
-1.641900368956438622e-02
-1.885014539602330660e-02
-1.248622060455716574e-02
-1.214838579964702854e-02
-1.648063819200201729e-02
-1.739878212445081229e-02
-1.608792515678069898e-02
1.345683360540387077e-02
7.427573371369068991e-03
1.666178238374505308e-02
-2.323992965333071190e-02
-2.840412134086580873e-02
-2.606187202414537649e-02
-1.871872570359394902e-02
-1.966164905447216268e-02
-2.082724806908258300e-02
-8.834840795163244331e-03
-8.172193852786282034e-03
-8.220738988163152003e-03
-3.757647376471313569e-03
-6.854472525422030012e-03
-2.482626096324594498e-03
-5.219926126084645061e-03
-3.701723728117933213e-03
1.038712586662776747e-03
-2.016563812664083025e-03
2.869272140177401339e-03
-1.634759838811296329e-02
-1.126921833844939796e-02
-1.719786800659707168e-02
-9.879823275540660851e-03
-1.643103577523736744e-02
-1.745837330898830642e-02
-4.463457168055142386e-03
-9.507139387301464725e-03
1.111979233823013301e-02
2.126812786525043505e-03
8.070056777688565169e-04
-9.619423799755741442e-04
-1.319402725647046866e-02
-8.261477778816746914e-03
-2.146764500282491439e-02
1.165431502374150892e-02
1.186543619602475549e-02
5.073650906164039499e-03
-5.501415384387406404e-03
-8.622930838460846764e-03
3.670036077913986679e-03
-2.033255099698652243e-02
-1.791744457666847104e-02
-1.296195820319261290e-02
-9.837776626895071777e-03
5.969934097965878123e-03
3.946438650878097976e-03
-4.528234589507732465e-03
4.168669089034842713e-03
-2.489793876490524818e-03
-1.800997255166099723e-02
-1.951914457338585138e-02
-1.851768709792520756e-02
-2.703459777745739756e-02
-2.770789277384520452e-02
-2.228209383414885350e-02
-8.023010012730265317e-03
-8.966133047971665965e-03
3.843863905072041932e-03
2.621461490337921151e-03
-2.978121076774154115e-03
-5.180033460717888005e-03
-3.317820555369546329e-03
-6.508893368131689165e-03
-4.459963062066531550e-03
-6.197582994037885949e-03
-2.342898471688070056e-02
-2.142574562072100536e-02
-1.888547126390371228e-02
8.468650709352135500e-03
1.031071973558784355e-02
-2.319789227726958870e-03
-1.000458070151049629e-02
2.320803789803452429e-03
5.903103800948840060e-03
-1.932254426388098443e-03
1.143652819182941829e-02
2.085738560779680246e-03
4.677652884108259067e-04
-3.808312876011609067e-03
-1.952709431898896550e-02
-1.950370840751998458e-02
-1.381485464177402422e-02
-1.163971540138352204e-02
-1.321245218801406912e-02
-1.064389979079567641e-03
6.700250717248923925e-03
3.467112118343626623e-03
-6.667306121114506025e-03
-3.945203638238411331e-03
-1.289681109258365710e-02
-1.370292515002481150e-02
-1.904774435026623455e-02
-1.917507132694341865e-02
-2.424934411674221912e-02
-1.900960465965407034e-02
1.913377930068304450e-02
1.098970595923322476e-02
-1.094952161195842689e-02
-5.872233789194438239e-03
-1.126579597760678404e-02
-1.654091469864359815e-02
-1.832768536571523221e-02
-1.332115827191674741e-02
-3.155857848406257160e-02
-3.177160723941654941e-02
-3.233479871565228536e-02
-6.467001488848429618e-03
-1.549920061471980748e-02
-1.483397550252724822e-02
-1.067602322843260419e-02
-9.093518891971328483e-03
-1.001754234936144509e-02
-2.370371015335576148e-02
-2.775761992536059097e-02
-1.040992198004987018e-02
-1.511212961661944666e-02
-2.937294134092782727e-02
-2.744193224797724859e-02
-2.707924473703320761e-02
-1.559764278324825802e-02
-1.874522951275050739e-02
-1.667760395740439799e-02
1.436030251609743055e-02
1.440743134704357276e-02
1.662305490177243186e-03
-5.901782269352528294e-04
-1.313035720596274648e-03
1.042354453007403314e-02
2.039457582338263797e-02
-1.777155440335704845e-03
-7.521636290778523602e-03
-1.048881714510560212e-02
-5.940833497581323114e-04
-8.357309155714349666e-03
-1.067385651485095246e-02
-7.282343022710401417e-03
-2.304603383339126274e-02
-2.621884060749996720e-02
-1.976913931432430077e-02
-1.499538128857751812e-02
-1.565816248442738340e-02
-1.747495560993273314e-02
-8.714600415158486879e-03
-1.674160615654869677e-02
-2.135070210417292988e-02
-2.206008387758952999e-02
-1.052886045653952073e-02
-1.108208831249968968e-02
-1.284796306446072192e-02
-1.861581300880620418e-02
-2.764890452101345653e-02
-2.197094653010770240e-02
-3.857277577100230032e-02
-2.703260086851301883e-02
-2.282633207894546948e-02
-2.222086694151619718e-02
-3.332611400963322087e-03
-4.793669951978916238e-03
-5.488476834516540885e-03
-2.374646695082536021e-02
-3.355503658235144820e-02
-2.617371034558981305e-02
-1.778691699047029590e-02
-1.739483985189074419e-02
-1.305871072362392755e-02
-2.440975695157356767e-02
-2.674753271274900659e-02
-2.812910883403815787e-02
-1.975488151674993642e-02
-2.320254413773790644e-02
-2.250930229351102985e-02
-2.085641375607097739e-02
-2.225919787546650624e-02
-6.455683404576013570e-03
-7.341072391844287622e-03
-1.947539416673611107e-02
-1.897213859152442963e-02
-1.897559050935933647e-02
1.612093172885965950e-03
1.918073633205304770e-03
8.358410542551825227e-04
1.532596570573867886e-03
-9.106959337118258196e-03
-5.942740412806231214e-03
-1.039586529937380419e-02
-1.085845910614664962e-02
-1.227519122204057470e-02
-1.192341686306875106e-02
-1.500204744144572298e-02
-6.753368736219458705e-03
-1.066205785186949938e-02
-1.090776431458198581e-02
-5.736332626542178618e-03
-4.363106023339989072e-03
-2.392367527368020885e-02
-2.892198936545537988e-02
-2.559454732153840575e-02
-3.528499916256346708e-02
-1.597347461786970471e-02
-1.825418056300063402e-02
-1.200450700134952746e-02
-3.237484806969503220e-02
-2.397708063657965835e-02
-1.783316901119289324e-02
-7.894160941656840069e-03
-8.829898262095195460e-03
1.847244640693747678e-02
5.485092886563311919e-03
1.913123972504561553e-03
6.315526586931183468e-03
7.639622689603179674e-03
5.787856474554257079e-03
-1.419685779279052790e-02
-1.575285420090432459e-02
-1.281500435699758390e-02
-1.605994353833697583e-02
-1.657121916866575659e-02
-2.682602550305645400e-02
-2.805117019713431609e-02
-3.681320399719561348e-02
-2.551469425004457975e-02
-2.231791157473399234e-02
-2.292639882320972322e-02
-1.594325832239993496e-02
-2.088017981343435331e-02
-2.132298528218633943e-02
-2.340694213172614044e-02
-1.754945256692133984e-02
-1.594484452871562999e-02
-1.763919554994381259e-02
-1.972927631580699212e-02
-2.152591039394678024e-02
-2.147259799592087307e-02
-2.020572263994002346e-02
-5.303543270539429373e-03
-7.531453157506658343e-03
-1.277686333308824737e-02
6.684349156734750632e-04
-3.138667498107111046e-03
-7.026062690068908718e-03
-1.240303619746948791e-02
-2.384451971260617004e-02
-7.621607381451790154e-03
-1.223682352501972818e-02
6.718705832090252766e-03
1.041277540969828830e-02
-2.483566166906903214e-03
-8.617130157366101675e-03
-8.430985166307471482e-03
-9.224436619197572476e-03
-9.996382740138292505e-03
1.203021953037600351e-02
4.724701446548669991e-03
3.319054319199268247e-03
2.549550442523479486e-03
3.946453025484103483e-03
-2.894382913100753026e-03
-4.947909251168909790e-03
3.503082055102025184e-03
7.234383929535663331e-03
-1.168975521603073976e-02
-1.571496685540845623e-02
-1.336530288822198285e-02
-1.058156096928086938e-02
-2.207058591700715444e-02
-1.452963238502294648e-02
-9.566194115744776696e-03
-8.220832093551096523e-03
-1.361892725290239983e-02
-8.249352188678851783e-03
9.606179716121829434e-04
1.306559499533366383e-03
-1.474296828796306871e-02
-2.151249181323068235e-02
4.620193296161529198e-03
9.064240240417738986e-03
-1.657569054790455606e-03
-1.157329801036883175e-02
-1.080806847840676786e-02
-1.446457485904776956e-02
-1.609304043289366479e-02
-1.751127178768080439e-02
-6.338061855860110949e-03
-1.782117156768003039e-03
-9.177757424371385184e-03
-1.223481773889867515e-02
-2.561049092078528794e-02
-2.084166875754994014e-02
-1.659022168289002539e-03
-4.966093606956259107e-03
-1.138182073064889117e-02
-3.367587271587485151e-04
1.218531693834408241e-03
-1.465548041453846543e-03
-1.017261379382261577e-02
-6.584888526817484281e-03
-9.873313014435652207e-03
-1.614420743019938376e-02
-1.282897056427168350e-02
-1.337453348145609643e-02
-1.758570126354043472e-02
-2.762312252784424049e-02
-2.195136281822851823e-02
-1.911028552685427664e-02
-1.726338198640585755e-02
-7.668255771253636166e-03
-1.638203607541151297e-02
-1.701989506164581709e-02
-1.747630594215988931e-02
-1.906747781129576602e-02
-1.131057814529853357e-02
-1.331279965929367710e-02
-1.328612698988297820e-02
-1.360449637233198360e-02
-1.417831072922997974e-02
-1.150274822145606370e-02
-1.738013326526777202e-02
-2.257441147131801842e-02
-1.522123367583202991e-02
-1.576495324906865281e-02
-1.612214871664512453e-02
1.577328937021504245e-03
-9.845238369697367417e-03
-1.889939142870310923e-02
-1.377992847787221607e-02
-1.404371904099627200e-02
-5.736074842614976785e-03
-3.135751789321874778e-03
-6.614451446314755477e-03
-2.556954699203373496e-02
-1.726865533510125658e-02
-2.320270135795486979e-02
-2.625513971406930047e-02
-1.076759867615451755e-02
-1.786392513107611796e-02
-1.764514691885709155e-02
-2.592674814120289953e-02
9.115125722454056612e-03
3.243424581870652749e-03
2.481834390620137401e-03
4.168688301621105950e-03
-4.348250310712048114e-04
-4.209435794011850279e-03
-4.984242672441362848e-03
-1.124129844015989664e-02
-1.068344886016808423e-02
-1.256253416593336447e-02
-1.174125407301018081e-02
-6.991035704599457383e-03
9.029749558068440526e-03
-2.420226892903236252e-04
6.297423924650016186e-03
-1.032174042193290293e-02
-1.639477794593902429e-02
-1.145239115625969022e-02
-1.266124227843692246e-02
-1.270377753354075615e-02
-1.281079428179965861e-02
-1.102113449378614579e-02
-1.784930272671516813e-02
-1.917301500025887090e-02
-1.663494173882398147e-02
-8.376329538598284094e-03
-5.104072450012783410e-03
-6.063050404264720174e-03
-1.951257497011707823e-02
-1.900658116658177771e-02
-1.814882138305773732e-02
-1.758672222132486723e-02
-1.376078799639998337e-02
-1.953571427429405191e-02
-1.978278742062846915e-02
-2.397172596220408305e-02
-1.096425318376827510e-02
-1.289696433159796991e-02
-1.295699256677956129e-02
-1.208506122583891465e-02
-9.183471390889012473e-03
-5.104982450239515905e-03
-1.654365827582544466e-03
-1.013417502493040023e-02
-4.693146502297918139e-03
-1.324036206462887721e-02
-1.240045597825119132e-02
1.957532658569073516e-03
8.225382840401149545e-03
8.202708983814168547e-03
3.075673896324990046e-03
-8.606892029019645729e-03
-1.556821428016106137e-02
-1.541632127148482266e-02
-1.784522718971286517e-02
-1.826574846106781419e-02
-1.530707192459087630e-02
1.459790751745256542e-02
2.447262494545630537e-02
-9.319185991369364000e-03
-7.014852669587560985e-03
-5.963950682887126167e-03
-4.224690983597591092e-03
-1.935307868403955689e-02
-1.895551028686091530e-02
-3.668006236917268487e-02
-3.033756908184495268e-02
-7.827743003756996304e-03
-9.114908172840262626e-03
-1.136662191827909549e-02
-1.908267406506738637e-02
-3.050717448322148515e-02
-1.710070056120410395e-02
-1.673832405358511438e-02
-1.771328508487454365e-02
-1.375584242015320119e-02
-8.704649058504330137e-04
-6.168844274058317423e-03
-6.014867294687113383e-03
-1.133826883018491764e-02
-1.423221377864231606e-02
-7.256091194636264674e-03
-7.516304325110494643e-03
-1.301168865926209499e-02
-6.176323019109544732e-03
-7.256260233875878353e-03
-1.291100944130382441e-02
-1.774291431589336554e-02
-2.011460846127032659e-03
-1.082753641225901384e-02
-1.015691284627460479e-02
-2.932857329481652897e-02
-3.431542770248699470e-02
-1.917661649393284998e-02
-2.135294548123068195e-02
-6.105418472678466289e-03
-3.444143983624272948e-03
6.207898832406568042e-03
-9.685937820965622239e-03
-9.377201698709725433e-03
8.525301235740621137e-04
6.467882369578486189e-03
2.120700765255154746e-02
-1.084245970806934148e-02
-1.240240616710887485e-02
-1.924974057209764139e-02
-1.548459255558761773e-02
-5.893270539351847838e-03
-8.169478818379495230e-03
-2.121691369085274351e-02
-1.210649934311834597e-02
-1.584926457264243136e-03
3.688531886759146249e-03
2.038355622007496926e-02
1.111824131948034068e-02
2.206927554407035405e-02
1.851535825077659306e-02
-1.656030000910371433e-02
-2.021067264551085901e-02
-1.450836343899893251e-02
-1.366303375169728232e-02
-1.806627693932349316e-02
-9.109641844523041695e-03
-9.933633305553843384e-03
-6.644040169152376496e-03
-3.598449973598404246e-03
1.602440703825355750e-03
-7.378862391772921317e-03
-1.152690158462256823e-03
-1.702737592708533990e-02
-2.249951820531973998e-02
-1.647372128020596280e-02
-1.230382660381419517e-02
-1.066332299851003793e-02
-1.465543905978721265e-02
-2.065335765532211321e-02
-1.795368200633683589e-02
-1.170562696146679876e-02
-9.568261916210457976e-03
1.576264948813388932e-03
2.047821840614831926e-02
-9.479699721894545295e-03
-7.561183143368637241e-03
4.815168075901526262e-03
-5.853991019462626184e-03
-4.583357140069046348e-03
-8.353770812646869881e-03
-4.519811909759036649e-03
-1.682030699082155689e-02
-1.111502873281632053e-02
-1.263061259227635756e-02
-1.889370833954907847e-02
-9.595793648254991384e-03
-6.903826232657271113e-03
-4.450431084449852845e-03
-1.027387722991906713e-02
-1.224219878470251405e-02
-8.003404679558871184e-04
-1.703240859127481358e-03
-1.600722371788228932e-02
-1.091353594159544596e-02
1.402261500056212282e-03
1.645107951685228489e-03
1.994291158260426064e-03
-7.928661098125079285e-03
-1.273464887108311655e-02
-7.036209385432160013e-03
7.469350887277132443e-03
-3.841300707773100728e-03
-2.232858877341560295e-04
1.036189230782058688e-03
-1.477141975613196524e-03
-7.262366111025869188e-03
9.584847482699207499e-03
-3.589339474910541866e-03
4.512186150958094610e-03
-2.057903743115367320e-02
-1.552799430913750882e-02
-1.790729655336838200e-02
-2.864592331840905889e-03
-2.123569146594726439e-02
-2.258401439527576993e-02
-1.775620962765970048e-02
1.545951251033866707e-02
3.317637426564603968e-03
1.466075667211004388e-03
4.715292309750388801e-03
6.529735866738331333e-03
-2.158480711187930196e-02
-1.882382587647423236e-02
-2.229063683858852063e-02
-1.677624753737951349e-02
-1.330339938938115973e-02
-1.398185989266709228e-02
-1.278808158473945973e-02
-9.609185507692893924e-03
-8.511227090090662042e-03
-2.109283794453391606e-02
-2.018585459534243468e-02
9.673082613995081722e-03
7.241404118821285173e-03
2.167122434839477765e-02
-2.290450769070245113e-02
-2.118209003131620027e-02
-2.043280375800582069e-02
-2.062376826138306168e-02
-1.653712094056522530e-02
-1.942710576540417067e-02
-1.699345989906738894e-02
-1.967634758443710663e-02
-2.103331321486191091e-02
-1.557940887567434499e-02
-1.134975021418240665e-02
-1.415747908355668473e-02
-1.517138502091397619e-02
-1.938996441908481805e-02
-1.330576026615680647e-02
-1.649394513682361785e-02
-1.773507058951231952e-02
-1.583446012933369118e-02
-1.682053034455213703e-02
-7.400566307790044235e-03
1.712233463672342693e-02
2.417538388109244721e-02
-1.113230766906293974e-02
-9.580176184077611803e-03
-1.820826053178562290e-02
-2.222725754853398239e-02
-3.184601062403522032e-02
-3.187416778707870962e-02
-1.080620433432645175e-02
-1.896147884323013191e-02
-1.876893798613198105e-02
-1.640817207567080507e-02
-1.333569264240768576e-02
-1.506645396946372679e-02
-5.790069700830662502e-04
-2.760632048104893176e-03
-1.843397358503095704e-02
-1.538112107632856954e-02
-1.882215396272773553e-02
-1.856366649330671095e-02
-1.046987249982364761e-02
-7.186935020306990662e-03
-3.325950751419766080e-03
-1.542309003518802998e-02
-1.323158256636628761e-02
-7.458129305941838677e-03
-1.258565814310240233e-03
-1.625583729593866548e-03
-8.227654579114795225e-03
-8.837642569906024870e-03
-2.166989711968254559e-02
-2.095360749015321919e-02
8.569999957172679678e-03
8.420790580430992378e-03
3.041197021615264524e-03
-3.395994047534058122e-03
-1.703544134744433905e-02
-3.532396738731794199e-03
-1.053518206970603145e-02
-2.663224668890512808e-05
1.130684868546081266e-03
-2.216870336856337567e-02
-1.748790701223647964e-02
-5.114440111468713211e-03
-1.714126636493076838e-02
-9.834288521095824534e-03
-8.055226928166615147e-03
-1.491117583620307600e-02
-1.266763657140343446e-02
-1.809721763009952689e-02
-1.787219659635537125e-02
-1.549270072658807430e-02
8.378890064283437897e-03
-8.010692198473922873e-03
7.007770642749973876e-03
-7.801412260280726416e-03
-1.418690856324941567e-02
-5.269235635492416220e-03
-1.865559754204845072e-02
-1.760225386340861717e-02
-1.459493286413227238e-02
-2.350567020488086075e-03
-3.777280943362413407e-03
-8.023788287041850806e-03
-3.509254083135022149e-03
-1.677994754206102446e-02
-1.373875302384624901e-02
7.473685687015028944e-03
7.345855374098374767e-03
5.424240078224433319e-03
8.910021385039205988e-03
-5.884201641971195315e-03
-3.479988744887902493e-03
-8.393065475781733356e-03
-1.016339158690168429e-02
-8.142749227674654644e-03
-8.920752655768201785e-04
-6.781743198112384803e-03
-2.441204312360075943e-03
-1.916973684485185486e-02
-1.702267494964805616e-02
-1.763510512117143214e-02
-1.127328184447143333e-02
-1.329468935130375014e-02
-5.942163974815660790e-03
-1.287175534022656602e-02
-5.256390759127312767e-03
-4.524429609258739764e-03
-1.367235630308551164e-02
8.952827889929491217e-03
-6.556284599306194845e-03
-1.080018327795845626e-02
-1.159265519235563348e-02
-2.854402694756364225e-03
-8.788524297107057738e-04
1.227837155798278991e-02
-3.721266723158207345e-03
-3.921861492745021445e-03
1.314080001900068450e-03
2.572734146333001837e-03
7.921400863549202948e-03
9.913591132741053635e-03
-7.712066840005363071e-03
-1.573340880342125395e-02
-1.355453542639853404e-02
-2.022659211835864043e-02
-2.238603734564521830e-02
8.087586135416484356e-03
4.586375714470292565e-04
-1.553506563241308612e-02
2.287707619570956107e-03
2.065323302406131968e-04
-1.817751631258541362e-02
-2.857809544272999717e-03
-1.079715823237726614e-02
-1.453659889214304474e-02
2.828760254463839885e-02
2.298705279700328369e-02
-2.107565842763216291e-02
-1.602960857493513497e-02
1.445233454726005395e-02
1.374443890663882249e-02
-7.270041941368237358e-03
-5.106656439905151584e-03
-1.696791520073467896e-02
-1.910810422939659275e-02
-3.105884993432730251e-02
-4.185774551665773918e-02
-3.128873319613709875e-02
-1.506236530360623334e-02
-1.091540361431413315e-02
-1.120274985052116957e-04
3.686498730189161164e-03
-2.432265996682529338e-02
-1.955509044643874081e-02
-7.386993426542152845e-03
1.328166579694401925e-02
1.069768282762210455e-02
-1.258381574799485696e-02
-1.405601555417383859e-02
-6.662605664704575499e-03
-7.507563626501333534e-03
-1.138110399656167004e-02
-2.477271750830171287e-02
-3.356239349460587301e-02
-8.175869663679252719e-03
-5.274594538070062101e-03
-5.361935123885170316e-03
-4.572058246553475057e-03
-1.553488555770526219e-02
-2.245932376130758967e-02
-1.664837110471667145e-02
-1.988305725622351375e-02
-2.449969398611302057e-02
-1.915931090678503826e-02
-2.089507316690487893e-02
2.400279730776032523e-03
1.139888812894226076e-02
-2.095500133842037940e-02
-1.652016004601966973e-02
-1.016276852935891692e-02
-3.164062409486466908e-03
-7.346459412061099280e-03
-1.029354151747485097e-02
-7.795011809580829586e-03
-8.752569913513620625e-03
2.142830692377196283e-02
-4.337285010393265861e-03
-4.703480397756224125e-03
2.085011025866149829e-03
-1.744555959851217452e-03
-1.340480254352173458e-05
-5.204859386676725626e-04
-7.582814718226510604e-03
-1.323097533286695868e-02
-1.397879521640559182e-02
-1.535748005564330047e-02
-1.264647351916801769e-02
-1.417786748825835760e-02
1.533331711496611210e-02
1.067172071974063947e-02
5.957571275543051964e-03
-6.156822067835182946e-03
-2.170254677654748221e-03
-5.426096116093842917e-03
-1.150896424984452701e-02
-1.806552316424176602e-02
-2.112285836006088172e-02
-1.669143881050190806e-02
-1.009453440447829337e-02
-1.670337443974934111e-02
-2.187759877017005430e-02
5.060087780838001467e-03
-3.611598336377171061e-03
2.751045401033164715e-03
-2.337396559150065056e-03
1.247472938100262305e-03
3.338931325322340091e-03
-2.092950998764188733e-02
-2.194917512560895512e-02
-9.985572785910130228e-03
-6.369534273088677152e-03
-1.361791136891605560e-02
-1.271447779251848841e-02
-5.770272348522166757e-03
-6.268290361327825445e-03
-9.193351884832366011e-03
-1.652477262416837331e-02
-1.779379613153009645e-02
-1.746905369909099170e-02
-1.969325048921471630e-02
-1.295708218265132546e-03
1.139417071034311106e-02
-2.096733111394351312e-02
-1.493278614562674154e-02
-5.613894031601166477e-03
-1.335015927409719146e-02
-2.002577604176206810e-02
-1.719041595645404022e-03
-4.818810192120203187e-03
4.412178756089257282e-03
-1.160143795559970964e-03
-7.506347394518802195e-03
1.932261501069646933e-03
-1.802927127051060993e-02
-1.048869642862727304e-02
-2.122535610204485598e-02
-1.694572461938438981e-02
-2.632036667304918712e-02
-3.221608643965329782e-02
-3.627278316747157422e-02
-2.164971379544665397e-02
-1.817400455015749650e-02
-1.337319698273438905e-02
-1.533869257351106255e-02
-1.269126264934814299e-02
-1.102974455295102803e-02
-2.824488440447252974e-02
-3.552032315739855201e-02
7.904550569123008907e-03
8.652252730572454129e-03
-4.929677242319109587e-03
-1.321318756289850162e-02
-6.654807579049159746e-03
-1.065614157811399336e-02
1.570133202807834794e-03
1.021439190847925164e-02
-3.087259025381944993e-02
-2.250889259535021614e-02
-2.418543349539473836e-02
-5.489825118385534275e-03
-6.154749680380058874e-03
-7.836370939382801201e-03
-1.482670649689841157e-02
-9.717423437095860581e-03
-1.258563016955988739e-02
-9.668965965742947269e-03
-2.143094572237005946e-02
-9.771297335560098773e-03
4.743435273466040450e-03
1.118254671897253756e-02
-8.133493272513140845e-03
1.946767852018141658e-03
4.036934130924078705e-03
-1.120970296407515932e-03
-1.493652353283387961e-02
-2.165365204359268395e-02
-6.499123414119786953e-03
-6.374556068637535731e-03
-7.279399941124983266e-03
1.021856417881696760e-02
9.933249334340626263e-03
-1.375400584134490664e-02
-1.563245985776307717e-02
-1.489924193388870999e-02
-1.283553448455345032e-02
-4.593544755599759596e-03
1.553440744287000854e-03
7.430322609291191774e-03
9.048120487703236944e-03
-1.281887185084585462e-02
-1.510210598808377561e-02
-8.861976923983189147e-03
-1.955459065450429815e-02
-2.654606950221361991e-02
-1.539769432977133173e-02
-2.430606408509563762e-02
9.045614358465929247e-03
1.167042490935952907e-02
-1.117815501567835830e-02
-7.708359458720167451e-03
-5.873634416238393552e-03
-9.546917216348319718e-03
-5.626254631897040573e-03
-2.086283906018338453e-03
-3.092018253604371641e-03
-1.962749274025946122e-02
-2.471242704440589077e-02
-2.378904819712447313e-02
-2.148434090748317996e-02
-1.621125010984341905e-02
-2.328060538362790657e-02
-1.295648783537265737e-02
6.001502769422244372e-03
2.197260485369590365e-03
2.577208079817711896e-04
-1.741670669526436529e-03
9.796828885934437403e-03
6.498896566128755520e-03
7.275771108139368441e-03
1.099181961369801765e-02
-1.014164368395400161e-02
-1.246053193488423985e-02
-1.437112487762746450e-02
-1.507344241175850863e-02
1.132117958835258606e-02
-1.309264281316405317e-04
-1.691050930561237980e-02
-2.036848403471872709e-02
-1.964581529564328466e-02
1.547155745900494206e-02
1.660812371598972131e-02
6.484061816735476290e-03
-8.561497057118835213e-03
-1.054963795115033444e-02
-1.093870882914053586e-02
-8.231440932581107414e-03
-1.835351337100057652e-04
3.782286650818161237e-03
-1.752627375987007505e-02
-4.659815250195354329e-03
-6.580943851007258275e-03
-6.842735242319587970e-03
-1.177172100733305687e-04
-9.109309157421892691e-03
-3.637773320246073545e-03
-4.454620152242382176e-03
-1.747050178927561648e-02
-1.550059368577518491e-02
-1.568347209753616356e-02
-2.259948302366575693e-02
-1.991589420946465738e-02
-2.044090668820369022e-02
-1.736736242400786778e-02
-2.076262877667780365e-02
-2.210112133586617997e-02
-1.432571597212819146e-02
-1.461895868777703632e-02
-8.355777633994612014e-03
-1.222903108497934779e-02
-1.151862825270828436e-02
-2.423559456155150935e-02
-2.104048526684306614e-02
-2.257299235114139033e-02
-1.228341938953206487e-02
-2.170849600242287167e-03
-1.883832048015709332e-02
-1.015939705666293359e-02
1.202577864945169120e-02
-1.082061782227396358e-02
-1.759158288276801638e-02
-2.012776364916695968e-02
-2.065252048228203782e-02
-3.915064801891336536e-03
3.944439272073019601e-03
2.796737748435499001e-03
-9.818173928570551531e-03
-1.398094321975511430e-02
-2.979563532605106896e-03
-3.084870357255397547e-03
-2.023414146121831764e-02
-2.846417257948640270e-03
-4.052473169550240180e-03
-1.616220118617730031e-02
-2.021427715317486787e-02
-1.722431862047965265e-02
-1.360850769942513819e-02
-1.262017859934028499e-02
4.340548238004147269e-03
-1.536662552523476461e-03
-2.444953203172191974e-02
-1.895280508174022535e-02
-4.195302514733432239e-04
-8.064537431242484525e-03
-1.934466564274844175e-02
-1.940434643498288939e-02
-1.822331584880901474e-03
-7.562785278857717987e-03
-8.486532480243950266e-03
-5.796082867752100354e-03
-4.232632138464768358e-03
-4.466081053972333764e-03
-7.802445800587299446e-03
5.802884731240479099e-03
1.984586346079400369e-03
-7.174399844994516773e-03
7.480041180149538289e-03
-4.382488032145599906e-03
-2.137682096746131716e-02
-2.019346070215669031e-02
-5.485899138085034536e-03
3.576315061082542286e-03
3.001894090896408632e-03
-1.990405458221779916e-02
-1.635357310034615125e-02
-1.796871588551210777e-02
-3.274765499324608364e-02
-2.850073802373745760e-02
-2.615563423839376705e-02
-1.211309451376071065e-02
-8.391344825980690328e-03
-6.320765576768219880e-03
-8.093098692026418767e-03
-8.927045654818082125e-04
2.565757989101772598e-04
-6.820972359388628899e-03
-2.384267237981680873e-02
-2.454344605164678755e-02
-2.667018365964072060e-02
-1.873890760800873620e-02
-3.011647165531741027e-02
-3.004864571262490236e-02
-1.099560761475865817e-02
-2.041542457079142253e-02
-3.308290097069537666e-02
-1.515870380211354132e-02
-9.670823173517811497e-03
-1.174581841536389941e-02
-1.302577412140905333e-02
-8.581248292183161000e-03
-2.059647579348069038e-02
-2.465433904763451173e-02
-1.888715993657619219e-02
-1.828977196480004869e-02
-1.085766480794564219e-02
-9.508498599596706263e-03
-1.826580832576528077e-02
-7.189103508104819143e-03
-1.416553433952636278e-03
-4.020586833815343632e-03
-8.184557846959041386e-03
-5.891499243544237423e-03
-2.459342738963645608e-02
-2.432957663997525888e-02
1.255946665248602184e-02
9.071137129591452103e-03
4.496978808771179802e-03
-1.165563931602404436e-02
-1.469831632934951587e-02
-1.096565260977314799e-02
-1.068027905825868562e-03
-1.286536110113081603e-02
-1.376467491512142240e-02
-2.301422544160000583e-02
-2.054086974122113982e-02
-8.961537773552456787e-03
-3.535915493884833789e-03
-8.854045445529671807e-03
-8.218335337765562271e-03
-6.428300133557728752e-03
-3.418046739748997840e-03
-6.002481718336192228e-03
1.584185608754444096e-03
-1.885442622689051991e-03
-8.200662693861351243e-03
-7.535209957443699154e-03
-6.974108713530783633e-03
-1.237831463074754064e-02
-1.268659973137781921e-02
1.122609394901557221e-02
5.712557795073582544e-03
3.476210770912665279e-03
-1.260327214059763293e-02
-1.177331275363932561e-02
-3.045112194146772436e-02
-3.489798427052468593e-02
-2.415058805221370966e-02
-2.105847502870052471e-02
-2.119166210551487114e-02
-2.200560709779840821e-02
-2.175321234957275709e-02
-2.588817413399488801e-02
-2.797541978119774328e-02
-1.750700753082572170e-02
-1.640845752279261952e-02
-2.215960505827669139e-02
-2.134292998438194061e-02
-2.103163989791491037e-02
-5.631083641597199249e-03
-2.392290431293085662e-02
-1.396161684975776376e-02
2.637387503475913803e-02
8.588673342227525626e-03
6.455778833831369093e-03
-1.441791080431924048e-02
-5.319234809414517123e-03
-1.721557080027630304e-02
-1.830769794090792921e-02
7.378603642597249788e-03
2.431420643612974223e-03
2.079338652652552681e-03
-2.079983408300794395e-02
-1.969250835955863380e-02
-1.863548936592640537e-02
-2.003738699983793892e-02
-1.940783630527627771e-02
4.721548963871056645e-03
1.334995220365408275e-03
6.105178470756870285e-04
-3.255824883278077026e-03
-1.662045752973259280e-03
-1.244407413280045234e-02
-1.550598860983025927e-02
-1.640779056506683209e-02
-2.819154424462690621e-03
-4.692115259012500858e-03
3.576977953053643664e-03
-5.325672070128517621e-03
-1.771831309191074580e-02
-1.098207499669974843e-02
-1.359087674680282964e-02
-1.364251661838197273e-02
-1.178064419899614405e-02
-6.292424330825116020e-03
-6.572921868933130109e-03
-1.314223802049556324e-03
-7.411565988873272497e-03
-6.361270687696467079e-03
1.670177036459178678e-03
-5.596824988707860618e-03
4.826480389427849414e-04
1.807162864227272736e-02
1.781691350830091891e-02
-2.873815516726602876e-02
1.746796294254770315e-02
2.201027530771792334e-02
-7.269129993026514358e-03
-6.449769834477319871e-03
1.395794211170895902e-02
9.148596258124854982e-03
-2.175209730757440667e-03
6.446559541919870233e-03
-6.842932303360745299e-04
2.281995988615954333e-04
1.104705874917927266e-02
2.018790342776488611e-02
-9.820598686494853846e-03
-1.272002097546431551e-02
8.366400771362064032e-03
1.173821364153255185e-02
6.958007215950006569e-03
6.128263264346209098e-03
1.946893187970535899e-02
2.846302398000027586e-02
1.485556549837886188e-02
6.187984261422506578e-03
3.207520519072980508e-03
1.803997925552673284e-02
-3.218705805426148175e-02
-3.156125814465438051e-02
-2.004769827577739319e-02
-2.319650601010322249e-02
-2.332282772952178410e-02
-2.383298980276465570e-02
-1.224493334532914717e-03
-4.527452701228402987e-03
-8.763459003420390192e-03
-9.153179925318929988e-03
-9.038768396483104137e-03
-4.812703901140657527e-03
4.059408796313009049e-03
-4.821463972087781588e-04
4.150420407568957901e-03
-6.522140864943644541e-03
1.582442229118179167e-02
-2.987445021661117809e-03
-2.262126036485417706e-03
8.460236918352282559e-03
9.907881265647431462e-03
-1.195537842814618779e-02
4.459880790122509246e-04
-2.540465777783922421e-02
-2.409968366611896923e-02
-2.321576372609050060e-02
-2.611299861959073126e-02
-2.462887248208551691e-02
-1.715860007801665171e-02
-2.299646095842684812e-02
-2.294673932409263539e-02
-2.375795958234106983e-02
-2.728206553856974553e-02
8.195411780445496092e-03
1.487256940714697714e-03
3.714988366618428121e-03
-2.395172174466073806e-02
-2.187891659223217475e-02
-1.317122505879712857e-02
-9.983030945712879911e-03
-1.220553610445030725e-02
1.565189727891330360e-02
4.175191027557873490e-03
-8.391529845094558571e-03
-5.220213655727183946e-03
-1.947046378968688568e-02
-5.576981392005758535e-03
-2.078346223745423590e-02
-1.379638634213544920e-02
1.549977772571032881e-03
-8.022517387869049221e-03
-9.717734951515011321e-03
-2.530289358737042651e-02
-8.029396222676368072e-03
-1.587099152658318774e-02
-1.616238772429111348e-02
-5.392757970389505488e-03
-8.302897217286834414e-03
-1.196163598441486210e-02
-7.767505085835531460e-03
-7.119627071715045261e-03
-6.781581167475079878e-03
-8.433891614922988181e-03
-2.235552381381194012e-02
-2.166444503869033658e-02
-1.856463209875842610e-02
-7.367681165814238264e-03
-7.541323498931554875e-03
-1.934580746050129987e-02
-1.754103171892017199e-02
-3.995418319000219876e-02
-2.563673298876067291e-02
-1.944292458082605771e-02
-2.297544088205309351e-02
-4.321834325155099119e-03
1.297237140596108583e-02
-1.286529141647824778e-03
-8.330279717753436008e-03
-3.738120107642283699e-03
8.095999177404469144e-03
1.103484813329021555e-02
-1.413230844023830556e-02
1.571701505183144623e-02
1.675980053112084006e-02
3.018385965826974552e-03
7.050644808474899883e-03
1.499710798260014098e-02
-1.990399048752006933e-02
-2.211627195995935491e-02
-2.807095227109155516e-02
-2.488402651981034067e-02
-6.458953020388734888e-03
-8.063087835567611661e-03
1.702227136563773044e-02
4.452965986476362971e-03
-3.791721669783673469e-03
2.025294296351548735e-03
7.899939894544237215e-03
-5.620206097396719148e-03
-1.933523315864515632e-02
-1.021826527772799233e-02
7.876138477848574487e-03
-9.886789172200340786e-03
-9.887753204996347148e-03
-8.608956582196158544e-03
-1.147258851445215333e-02
-7.789782641904162939e-03
-1.468312721963365049e-02
-8.211532681048903590e-03
3.734403822565992605e-03
9.806289603033610178e-03
-1.927391039458443631e-02
-1.871423410363666495e-02
2.333191187242280792e-03
-5.627369488312345541e-03
-7.175674611615086643e-03
1.670432181426196455e-02
1.539411381353275208e-03
1.157733876227366211e-02
-6.489143086364202416e-04
4.980857683306069272e-04
1.806396256963632013e-02
1.144213044024203554e-02
1.335498199816585567e-02
1.112407598583528383e-02
-1.261059659357052819e-03
-8.138858008242509656e-03
-6.752501744967069966e-03
-3.198618493893686660e-03
-2.599722422716886985e-02
-2.166581548302465646e-02
-2.010988417986485019e-02
-2.818444331100631098e-02
5.864348342250812890e-03
9.624286332199376640e-03
-1.886617695308295470e-02
-2.502790624465775840e-02
-7.019652796569986544e-03
-1.131010126616109092e-03
-7.462939897370573714e-05
-1.518984728749319529e-02
7.534986222226740943e-03
-3.323336430579590297e-03
-2.275934368902707717e-03
-2.204884312360774756e-02
-2.200341681739884786e-02
-3.197297390966737790e-02
-3.063422001450943552e-02
-1.080321042520616774e-02
-1.583797805025084207e-03
-5.315032860968025089e-03
-9.075261378072728771e-03
-8.851838142609097168e-03
-1.199784771657632851e-02
-8.026481660873302504e-03
-1.464107177834814318e-02
-1.361195182338199340e-02
-2.840965060377042325e-03
1.636272923156815995e-02
2.151688881288896238e-02
3.160629776313737989e-03
5.391412616279260203e-03
-2.169326194542182604e-02
-1.636710881409102203e-02
-3.209304361610369055e-02
-3.319197385183505350e-02
8.260521231985442844e-03
-1.655130027354508385e-02
-1.637866669969430602e-02
-2.065127890321494242e-02
-2.145757267646008961e-03
-1.342468149288960494e-02
-5.976251128575344948e-03
-6.098774287071825895e-03
4.992725685593430059e-03
1.290974772236434592e-03
-1.490165411899412908e-02
-1.952459839210432535e-02
-7.597778576682408767e-03
-1.428992663597461986e-02
-6.826931008428352259e-03
-9.323363972733183375e-03
-7.784371231529041597e-03
2.457035877551536074e-02
1.042464100434577733e-02
-1.999505205265218397e-02
2.843576501325943435e-03
-1.537641016283841297e-02
3.854018730104264660e-03
3.421164781207913438e-03
-6.378382165370007767e-03
-3.649122513420746759e-03
-3.000569436499554623e-03
-9.144890955396431376e-03
-5.519509457071516620e-03
-1.647867452228443316e-02
1.336862759814589144e-03
-1.272994929063626761e-02
-1.512630214239422087e-02
-1.837169265029500037e-02
-5.127676888598573478e-03
-1.451432613810487576e-02
-7.241518847987564456e-03
-5.977563462839473318e-03
-8.122869719402334154e-03
-1.599574562364893676e-02
3.612289167660882871e-03
5.227016133347102585e-03
-3.717598092883364971e-03
-1.079255153616059254e-02
-1.163964826548444763e-02
-5.674506734841976499e-03
-1.753628855490379015e-02
-1.377708426065096282e-02
-1.255643841592525740e-02
-1.567914218154226394e-02
-1.843100681584614389e-02
-3.102872861820977352e-02
-2.483131200120486728e-02
-2.446008951370034785e-03
-7.893557001923661581e-03
-1.312178598939190907e-02
-1.492375241970182037e-02
-1.520892060241734942e-02
-1.033769346504461589e-02
-6.375007351696868919e-03
-5.847315831575551105e-03
-3.636643767582182010e-03
1.254439315996150025e-03
-1.654561895392959352e-03
-1.232860676082870623e-02
-1.278361740520549475e-02
-7.751239901791414158e-03
-1.138928409242045839e-03
1.249777792296971439e-02
3.985865442814121203e-03
-4.686857475496948242e-03
-1.328306452049190720e-02
-2.235685446697666459e-02
-2.172935896509980286e-02
-1.731981906621223380e-02
-1.620536232456027195e-02
-5.768672053307550077e-04
-4.134061876906161039e-03
-6.362936494255702798e-03
-2.363939769844496542e-03
-2.514083982986653823e-02
-2.616630120187270897e-02
-2.354555575673422663e-02
-2.719484772607668605e-02
-6.099549614211336422e-03
-8.053048381118503227e-03
-7.124145573900642417e-03
1.301532899805797096e-02
-2.752825764057912836e-03
5.229574745752665638e-04
2.924904089661296055e-03
-9.711602502916848526e-03
2.370727969938381773e-03
-7.207642007101568681e-03
-1.032701428166507562e-02
-6.262632702975374707e-03
-6.748039969915077887e-03
3.248540770729708201e-03
7.744422204094139096e-03
-1.157242318386098728e-02
-2.793866749847359436e-03
-7.298329472669664794e-03
-1.603523719199482014e-02
-2.360134125338774359e-03
-5.403258374604393705e-03
-2.362326237156782156e-03
9.435679017760715409e-03
-1.503130257621174658e-02
-4.994304972444630654e-03
-2.586641245511463877e-02
-2.535904915822072281e-02
-1.749978254244203765e-02
-1.728461763915689967e-02
1.088120809281544442e-02
9.008177827647239830e-03
-8.332043082250042629e-03
-3.999206647321510029e-04
4.915969505783710988e-03
-6.299200885083069794e-03
-3.381596564125433167e-03
-1.808876758052060940e-02
-1.352495133266582925e-02
-1.906113621789328610e-02
-1.094443889786554831e-02
-1.264458961500985676e-02
-1.239599293136417132e-02
-2.256203354951115403e-02
-2.110503830288650712e-02
-9.948451712339179479e-03
-8.964362471984423791e-03
9.012580144138301191e-03
-1.184057063222622962e-02
-1.724910455101217807e-02
-1.516878910203746898e-02
-1.624082750442933792e-02
-1.313379877443110813e-02
-1.859089441018572236e-02
-2.805417888459914647e-02
-2.776760775009383050e-02
-1.867934917430685114e-05
-7.537350363101081273e-03
-1.962892086247704660e-03
9.998132913914112210e-04
-2.238133560596600180e-02
-1.870271156172079521e-02
-1.764639640952958902e-02
-2.258458455712272078e-02
-6.173531475942911281e-03
-3.458055051159564675e-03
-6.837251466574201068e-03
-6.674105777278226646e-03
-1.857747553528239781e-02
9.291783564755183231e-03
2.629701914026919603e-03
-3.072938247833291794e-02
-4.260232827355280721e-02
-2.243316341864374716e-02
-2.121518960727701922e-02
-1.017837100859707126e-02
-8.269320420175278394e-03
-1.740282138904105866e-02
-1.764788087918776893e-02
-2.627069499570489769e-02
-2.035720337066493704e-02
-1.626728380334769783e-02
-1.188111499461431617e-02
2.575298734812155304e-03
-5.816111705474680954e-03
-2.585957266353266105e-03
-7.406819111681563553e-03
-8.719509682141850238e-03
-6.527447740088024308e-03
-9.266129981764043011e-03
5.539278268281853023e-04
2.716225028833814739e-03
-4.285602010603383090e-03
-3.177320138519492288e-03
9.899708545835904372e-03
2.116182118931172074e-03
-6.325476074671256173e-03
6.026436417115048697e-03
1.500984649415543389e-02
1.005476388779234787e-02
-1.049293085647973536e-02
2.741641260513304028e-03
1.672396246655811916e-03
9.774654844301572908e-04
-4.242743678013892634e-03
2.026591169567861601e-04
-9.132790386235679079e-04
-3.950707323974765768e-03
-1.584391739078033464e-03
-2.201192014005613762e-03
-3.627656125832696629e-03
-2.364674126525227130e-03
-1.682058625115335007e-02
-1.118489330750013951e-02
-1.016419663001855676e-02
-1.163888709296270405e-02
-1.059689456636486379e-02
-8.595930702913551907e-03
4.256936717072047800e-03
7.940245156129640755e-03
5.398854813129003172e-03
-1.432451233077347086e-03
-9.045240185678742745e-03
-8.200260445516307020e-03
-4.741093868052058229e-03
-9.744182003662079858e-03
-8.821007040176881420e-03
-9.382755657351296227e-03
-9.804773195880215828e-03
-9.279835602021615018e-03
-4.717065174526838614e-03
-1.014856215847533515e-02
-1.716374905895614103e-02
-1.610838319187266401e-02
5.846772973920848562e-03
-9.518218686387037650e-03
-9.479863859774260298e-03
-9.054015689854656365e-03
-8.470252506828895855e-03
-7.838535119569911905e-03
1.863606075613106344e-02
-2.164301323535318313e-03
2.048244055517918234e-03
-1.198918368598202947e-03
3.132608989517455655e-03
-1.728651073824143125e-02
-1.504424724168817486e-02
-2.845419476990120045e-02
-2.264282866303419465e-03
-4.823851694626644926e-03
7.937016160335841255e-04
-2.485152388715212990e-02
-2.054983319567527458e-02
5.317413035586335095e-03
1.254740790825697419e-04
-4.004891526989102536e-03
-5.572793082124745737e-03
7.151117045440355709e-03
-1.061155718508484565e-02
-1.191608982400175522e-02
-1.363493978759339198e-02
-1.755423215088199040e-02
-1.366918878755263127e-02
-1.750796796746164968e-04
-1.662989461118061577e-02
-9.841636390903499634e-03
-1.300537594220597601e-02
-1.361956080631993547e-02
-9.576494498896239924e-03
-3.815977146466960866e-03
-4.680194235348433818e-03
1.631357610429972141e-02
-8.903149222540054919e-03
1.175211974870074561e-02
-6.537399785666942256e-03
-1.122722016581893627e-02
-1.450720943212284626e-02
-4.381629709745061066e-03
-5.497005200970403634e-03
-2.143603545739439231e-02
-2.597610443122202670e-02
-2.462623959619681530e-02
6.151236341927852382e-03
3.440289110214969984e-03
-1.494810379826919805e-02
-1.428087691179210500e-02
-2.043615813779464663e-02
-2.739578465856101069e-02
-8.923143200181048521e-03
-6.196256876204681539e-03
-6.619083702814979389e-03
1.906178027243437883e-03
1.378058929045389638e-02
-8.679961812550706333e-04
-1.484023466790351277e-03
-8.936581915634431855e-03
-8.875042558906439880e-03
-2.494120337460298611e-02
-1.270075466962615474e-02
-1.094005502072687569e-02
-2.178712480491784217e-02
-1.324151104362292046e-02
-5.858535831136467593e-03
-3.671670087750750818e-03
-5.627314973092423060e-03
-9.117152326936887180e-03
6.401034207208939134e-03
-1.722246429015056313e-02
7.362493507225964908e-04
1.102714162041397786e-02
1.013310316194457501e-02
1.679811751176166212e-02
1.511329401502739533e-03
7.938284176266424729e-04
-8.775870785460949605e-03
-1.561112783880746688e-02
-1.634558909174322130e-02
-1.043156128998471571e-03
-6.660767504265973325e-03
-1.022933722544489520e-02
-1.902024904628105834e-02
-1.635679710620896107e-02
-1.923860023899006885e-02
-1.639504793562080245e-02
-2.187332931403155115e-02
-1.357941738302325362e-02
-1.838462636304650025e-02
-1.484993633520075192e-02
-1.427908698937375119e-02
-1.348534101049313899e-02
7.397417187182897536e-03
7.612228178139641456e-03
-5.223029711750584378e-03
3.301094449383273725e-04
-2.063416439033439673e-02
-2.438168300845379097e-02
4.762874879226384681e-03
1.356614934320068445e-02
-1.075860191813854394e-02
-1.344973672239742866e-02
-7.659058375431209396e-03
-2.061326264158290511e-02
-1.071975597441228618e-02
-1.718820423707880310e-02
2.391142034608386650e-03
3.539640405308124450e-03
-2.194990426109921615e-03
-1.069769848391605160e-02
-9.916608167809863594e-03
-9.943328687234695776e-03
-7.555173238015077362e-03
-1.442132747044471384e-02
-1.244714748846010959e-02
-1.335287861912611007e-02
-2.110771045074945340e-02
-1.844405469720634613e-02
-2.345694883667145958e-02
-2.825362474583965541e-02
-2.036409267271555718e-02
1.042653172882187368e-02
1.161554657003795350e-02
2.104800226382149211e-02
3.736327292502643858e-03
3.915036086174402893e-03
1.112085076231484476e-02
-8.829586773379447667e-03
-1.285071389063553206e-02
-1.023397504575930539e-02
-1.633891564999927215e-02
-1.965095200737291409e-02
-1.327126155620791774e-02
-1.569527086101744559e-02
-2.108702540312520565e-02
-8.530715521472624976e-03
-2.469457322847335573e-02
-2.631215760472228882e-02
-3.116162898672470653e-03
-2.499702173705458785e-03
-2.641045038598531514e-02
-2.393666933229176771e-02
1.293617595947996711e-02
-3.329597182302853481e-02
-2.580887570137412393e-02
-2.943095447174706378e-02
-2.330218574531352921e-02
-1.681655685399563796e-02
8.139540269095814004e-03
2.863117178264863033e-03
-8.534962703109173418e-03
-8.225002461742661822e-03
2.995682269652188631e-02
1.714552144677116557e-02
-2.400738835489359471e-02
-2.862948609729864050e-02
-3.846259100774221309e-03
-8.150035503865152645e-03
-1.000738547715837069e-02
1.303819480921144212e-02
1.283000160477579428e-02
-8.791700556949149509e-03
-2.456455765734224736e-02
-2.258324235577261266e-02
-1.945447484648534647e-02
-2.543016209923406809e-02
-1.026504934439485990e-02
2.652715256434230230e-04
-1.251238165675724878e-02
-1.620266951753089602e-02
-1.200649650163995025e-02
-1.430105090760310383e-03
4.780371011730230341e-04
-8.491201093351387688e-03
-1.140271052092351953e-02
-2.795598397397466763e-03
-2.108208769386322665e-02
-1.470249527924546648e-02
-1.933445869287975932e-02
-2.435752566623557158e-02
-4.003622331167962060e-03
-8.435339262567920562e-03
-1.095128521044742842e-02
-6.292848070766120586e-03
1.453699559440717630e-03
-1.921424427105380278e-03
-4.878528859177654400e-03
1.603528590968542403e-02
1.091566087127947456e-02
-5.781767185761484476e-03
9.505125648146310613e-03
2.742173559063365140e-03
-1.147808639908777517e-02
-1.326529371068859570e-02
-9.562002094273571590e-03
-4.812645180313797691e-03
-1.354888240480341122e-02
-1.619602026734591471e-02
8.772856360619004160e-03
1.382611297413617948e-02
1.868058145245972065e-02
-2.535970507985577105e-02
-1.816206902502505438e-02
3.957496890582476272e-03
-7.210659640883258260e-03
-6.247411875655098368e-03
-9.889494810989350737e-03
-1.066398092378635296e-02
-1.597159558035797164e-03
-4.823386913492967720e-03
-1.378901446536216074e-02
-8.409704308958905819e-03
2.932395076528668352e-04
-2.472972860987434143e-02
-2.381894952312683944e-02
-2.672581722392838172e-02
-2.351544695725580822e-02
-3.086996433897060479e-02
-2.449428297168283405e-02
-6.702302384348581867e-04
-1.297139034382503373e-02
-2.292325322395978235e-02
-2.183736428852865730e-02
-4.391992016471932270e-03
-1.969344166744143795e-02
-2.085260861849536421e-02
-4.215540033851807034e-03
-4.804016506965800432e-03
-1.519660434510406929e-02
-1.372583507826453941e-02
-2.054278493732015001e-02
-1.862529924239133064e-02
-1.116257002890922757e-02
-5.021243375278915469e-03
-4.590005807149022399e-03
-9.953855536817530700e-03
-2.300834654065689669e-02
-2.613839050778779885e-02
1.476004957811922168e-03
2.745098415974758094e-02
2.473817267847421703e-02
-2.495122533312447641e-02
-4.120426955070694702e-02
-1.116805680662759240e-03
-2.517662554814022353e-03
1.652053443736449870e-02
-2.504723719834179609e-03
-4.597135854219041445e-03
-1.151304037236947249e-02
-1.971015965610159112e-02
-3.578957725887762023e-03
4.805296347587838419e-03
-1.211727758260058331e-02
9.211067007328438069e-03
4.479084663676511681e-03
-1.701428850479771646e-02
-1.835858343113078509e-02
-1.540217493314023113e-02
-2.101298317083809264e-02
-5.683454989991015491e-03
-6.423990696653998460e-03
-1.584068217240375276e-02
-1.923945129529763473e-02
-1.297459107610327651e-04
-1.171665518155141396e-02
6.219972381495923221e-03
-3.383848419422577462e-03
5.572313311560882741e-03
1.041865114307892297e-02
-1.649691214548043615e-03
-7.210007297314927066e-03
-1.015014783578228191e-02
-8.911195850175551714e-03
-3.206756322680667619e-04
1.424850791001509681e-05
-7.055140963319970343e-03
-1.281706704734027029e-02
-1.365201031761337225e-02
-9.187117389713285801e-03
-7.933836887871090551e-03
-9.982587396986472572e-03
-6.291461687728127250e-05
-5.920020381466543913e-03
2.710680787652595524e-03
2.747247014760896902e-03
-4.798752711203331349e-03
-1.218745664694323785e-02
2.042669993603678550e-04
3.122369198339627113e-04
3.580996760717524915e-03
-2.255448919966137732e-03
-2.460056911848571351e-02
-2.356156788483265360e-02
-2.663020854153716824e-02
-2.599961149462852103e-02
-2.379717762067590572e-02
-2.807794871425709979e-02
1.059480952118775458e-02
3.629021853986106726e-03
1.546097150410606982e-02
-3.055103089196640077e-03
-3.643924561085221895e-03
-3.561967424972282276e-03
-4.836236979129045037e-03
2.421090977927683324e-02
2.826483844910741144e-02
-9.102655501341434807e-03
-8.610743860679974035e-03
-1.658491595768679314e-02
-3.515598329967059739e-03
-3.990417040209364059e-03
-1.931867100372698307e-02
-8.279667936785169505e-03
-7.142596970891066516e-03
-4.833492632725565515e-03
-8.799214000751467979e-03
-1.329000608729637156e-02
2.599343215512607379e-03
-5.862168887293749825e-03
-1.104955048283906040e-02
-9.124975875027491884e-03
-1.259364332868455512e-02
-2.727710021163164480e-02
-1.921837249183354010e-02
-1.190421584756295136e-02
-1.014949082930379290e-02
-3.217072052759866862e-03
-4.210459690072328003e-03
-8.463725728632815609e-03
-1.896786438710296304e-03
-6.903640445994399348e-03
-1.497238523034684181e-02
-4.593556358785261533e-04
-2.280273448763260689e-03
1.693778760095900060e-02
5.391340752568069168e-03
1.417529523154940040e-02
-4.150049092885717619e-03
-2.422633040009937108e-02
-4.145536495691209988e-04
1.657154200937886864e-03
-1.485833084809924480e-02
1.140240845530665799e-02
5.309863349309555842e-03
-1.380468581319175929e-02
-1.344534550880943126e-02
-1.421154918145764792e-02
-1.440544226669295295e-03
7.174536771491257618e-03
-9.897683334480794626e-03
2.010597551877151001e-03
-2.193510122614608648e-02
-2.071530005625977014e-02
-2.409488588108320978e-02
-1.672369730157790765e-02
-1.997062225392787563e-02
-1.826349268642351101e-02
1.367830321321814046e-04
-2.714924547908453834e-02
-1.908653472556615105e-02
-1.800224305252355952e-02
-1.701276359939578320e-02
-1.400754260457188344e-02
-2.398940166333192806e-02
-2.678499544642226962e-02
-2.666967134031613881e-02
-3.059671491979392560e-02
-1.142755551382238811e-02
-1.084950826421062463e-02
-6.784393627866409579e-03
-2.154333383854871442e-02
-1.718164455201136309e-02
-1.684965041112814962e-02
-1.840568822873725431e-03
-7.722055105733154241e-03
9.183431285915422126e-03
-1.258705245884302396e-02
-1.992731263985028298e-02
1.268553930868286835e-02
-7.943402439986509481e-03
-1.143390939982045097e-03
-8.269850559995678765e-03
2.158772641969534598e-03
-5.355446034055452720e-03
-9.824219809405017323e-03
-2.107073067889715656e-02
-3.120555331898656332e-02
-5.485629929104738137e-03
6.076070763161010337e-03
3.774348001241498076e-03
-1.643617589855381114e-03
-1.433821653752155069e-02
-1.312243255331357883e-02
-1.530204055878620073e-02
-5.851494241805368750e-03
-3.260764744568819557e-03
-3.016743200237053182e-03
8.507539322617697908e-03
4.319521588520366766e-03
-2.091698149540583904e-02
-1.288883093598945130e-02
-1.295687444375188957e-02
-1.402446562817975632e-02
-1.330293319379316497e-02
-1.369093413297179165e-02
-1.530246741847435081e-02
-1.403716868474832839e-02
-1.084702699080005578e-02
6.037413550064173184e-03
-6.134367118355316811e-03
1.070186495810745812e-02
-3.813564898426278875e-03
-7.147861710193197798e-03
8.433308797695545506e-03
3.028171882738217666e-03
-8.202019766911853096e-03
-7.001896150563237733e-03
-1.039954687842231836e-02
-2.519716621672864199e-02
-1.270301562968949305e-02
-1.658394620703252526e-02
-1.624530223668956344e-02
9.044327598642353796e-04
3.584170790755081444e-03
-1.634443776188388223e-02
-2.848549540591360004e-03
2.047346156178998355e-03
2.014864671337055282e-03
2.505817154215141986e-03
7.590566753049417942e-03
-1.045126992109821247e-02
-1.024904136125518415e-02
-1.316099455375479080e-02
-1.418440908621055804e-02
-7.842379170098896790e-03
-6.458599089393336247e-03
-2.012771754660381759e-02
-1.547101495287483714e-03
2.391787470190138813e-03
-6.758045368894392314e-03
4.775525886063976613e-03
-9.007772307178546099e-04
-2.928720865066305329e-02
-2.745294863612574715e-02
-3.250245896982209559e-02
-3.706094668370499973e-02
4.330806285322189031e-03
4.892735000323400647e-03
2.785824187336416024e-03
-7.092218868174700493e-03
-1.722679557565989870e-03
-3.531489002108546046e-03
-1.045380418488726232e-02
-2.037167498477552782e-02
-7.828764662793409341e-04
-2.410083117717009248e-04
1.384056671639023034e-04
2.580509215591562759e-03
-1.843803509820169523e-02
-1.844186802439492373e-02
-1.944113059615261777e-02
-2.076741047321969263e-02
-1.979884107780023605e-02
-1.032529048458869121e-02
-8.787913807712601291e-03
-1.740540585018064690e-02
-1.445532876242918222e-02
-8.714441190940931323e-03
3.741906256743463000e-03
7.637707101010600581e-03
2.331991028471894927e-04
-7.234669478365713356e-03
-7.674345179830873234e-03
5.895729615376253153e-03
-1.897753049018844826e-02
-3.420651694260460479e-02
-1.670315857603281917e-03
-2.675779856826196457e-03
-5.820945945507859619e-03
-9.909784649247876855e-04
-7.929854996129737793e-03
-8.614505543566006174e-03
-4.776284071577066755e-03
-9.559451590201852728e-03
-1.102961018289949115e-02
-6.642102791365931541e-03
-6.682310612041891459e-03
-5.426147803623194987e-03
-4.700129531082423637e-03
-8.930184013316133651e-03
-4.230075483356177807e-03
-3.477360387894969269e-03
-1.920203779735324152e-03
-5.820508123983391541e-03
-1.805133220146201006e-02
-1.237559114987234025e-02
-2.325637536046384901e-02
-2.289546360746929146e-02
-1.260504723612569829e-02
-1.298261615300756039e-02
-9.796639135243900495e-03
-8.122620673059815014e-03
-1.311923636153094347e-02
-9.257086470483512700e-03
-1.119687407063964246e-02
-4.797313782151113072e-03
-1.668128393956855261e-03
-2.077375357484558677e-02
-1.848419397894065369e-02
-2.852400943661696428e-02
-3.254673161161736328e-02
-8.310944560842825971e-03
-6.816670060361276241e-03
-1.568155382618074620e-02
-2.331603893828764623e-02
-2.052021012587166085e-02
-7.757237583156952575e-03
-1.091077038526560607e-02
-2.638038866374274247e-02
3.027059222557295856e-03
-6.385333225682111868e-03
-1.192620033172172092e-02
5.163588906641703759e-03
4.971426520960127611e-03
-3.101988773804634052e-03
-2.034743360639539034e-02
-1.371888818077478603e-02
-8.873312441575575971e-03
-9.288724945467187119e-03
-2.020145978021383251e-02
-2.783567368668845438e-02
2.821483828750365186e-02
6.074946936245959571e-03
-8.447080659050767992e-03
-5.425959665548210457e-03
-1.895532529964959537e-02
-1.322540602098585226e-02
-1.338353137300869918e-02
-2.460221599344991975e-02
-1.905997761693827702e-02
-2.298421869943736290e-02
-2.559004794712717648e-02
-2.821655721100898087e-02
-8.474546067315489456e-03
-1.101750135798830986e-02
1.310760340648335501e-03
-1.135653166450696248e-03
-8.524185032726087560e-03
6.210299182224872198e-03
3.448123836993050376e-03
-5.305934180385309985e-03
-3.912057018542092375e-03
-1.224453720192957701e-02
-1.547327502551251385e-02
-7.787465075510080319e-03
-1.168746860506748690e-02
-1.899835933706389701e-02
-2.250764088347985414e-02
-1.102054203292032394e-02
-1.271518575222157707e-02
-1.091481428307357684e-02
-1.075367830505352500e-02
-2.326022937209949390e-02
-1.331478005265346841e-02
-8.148724478449328318e-03
-2.997005516451836009e-04
-1.045163044168794138e-02
-9.089714933789506263e-03
-1.135450340847296569e-02
8.663846955474913385e-04
4.024987647646860456e-03
-5.892081023958419851e-03
-2.247611481797995216e-03
7.116674885180835665e-03
-6.677395524812995177e-03
-4.858976766430780046e-03
-3.010302429168172319e-04
3.376890899861576759e-03
-1.108130826645306773e-02
-3.623460146339493870e-02
-2.727766095948864350e-02
-1.891461155089094875e-02
4.348409204775718537e-04
-2.657991560688043736e-02
-2.825695379506419636e-02
-1.180571957115750595e-02
-2.450360862762328631e-02
-2.381919627007775264e-02
-2.148945468578704332e-02
-2.311661135171330650e-02
-1.330447495273343050e-02
-1.727338642552959935e-02
4.191166745969793390e-03
-4.401301705090423372e-03
6.745504366374354722e-03
7.101023836083394068e-03
4.051698964573889790e-03
-1.287685240393808550e-02
-1.036018211320983637e-02
-2.682795855706640933e-02
-1.795370167319582447e-02
1.071988799692579972e-02
-9.075300880052140223e-03
-2.357405432268952754e-03
2.331847658332503702e-03
-8.943912325687157841e-03
-4.055570367140595364e-03
9.479188303010480793e-03
1.159529795596449253e-02
-8.901600134816804386e-03
-1.910107122009836733e-02
-1.702316961108618285e-02
-1.516352847303375877e-02
-9.817020413067936713e-03
-8.488896711458755739e-03
-1.399654493605921764e-02
2.590077845593267807e-03
-2.844827956016161494e-03
-3.214804588500274913e-03
8.436447506782308522e-03
1.479391765344667889e-02
-6.810577324216633525e-03
-6.970117440974383377e-03
-8.801356771840004867e-03
-8.890830839157639817e-03
-1.361545990987402151e-02
-8.965613656740163001e-03
-9.910433843758418779e-03
-2.427735554190589562e-02
1.170518974549114057e-02
-1.398052518839822643e-02
-1.120638209193233932e-02
-9.981270810296226370e-03
-4.927552819291516548e-03
-8.893928145148761663e-03
-2.738162807777466592e-03
-1.885548871432001644e-02
-2.596557015974861396e-02
-7.305255380227223920e-03
-3.070749490394362059e-03
-2.504753090657908104e-02
-2.514993732725251743e-02
-2.269211558464306541e-02
-2.879458095525851830e-02
-2.650870760489781180e-02
-2.876748375278508768e-02
-2.600587398560079075e-02
-3.097912456103024334e-02
-5.331402819621676795e-03
-7.866062368432309021e-03
-5.571894582858430769e-03
-2.113664655431729544e-02
-2.030439142968822747e-02
-2.032944815021800467e-02
4.775690951507719807e-03
7.118447858797394279e-03
-2.492875835360085224e-03
-3.869420632547427435e-02
-4.219551395500981128e-02
-1.804932913193693991e-02
-1.681591442336502137e-02
-7.890808331795033312e-03
-7.234848813950972048e-03
-1.922572588033603230e-02
-1.774080364773733196e-02
-3.406041252422448151e-02
-1.068495515130959278e-02
-1.525904516998781608e-02
-9.731465733169812962e-03
-1.074170418805991435e-02
2.623573407828520831e-02
2.026883021143576283e-02
1.656806948104524307e-02
2.068594344083751497e-03
-2.323856924530267459e-02
-1.549306102617213458e-02
-2.624557740731794236e-02
-2.231693052918398701e-02
-8.899486070541584581e-03
-1.031385414693241666e-02
-9.603012356924350498e-03
-2.340577244614284493e-03
-8.292942642012449475e-03
6.352565609264195640e-03
-8.875909274664603096e-03
-1.660433708624965352e-02
-1.574630034663601283e-02
-1.626918335198964533e-02
-5.266459241348659184e-03
-5.233589137997339547e-03
-7.452093127524310467e-03
-7.325697074091985089e-03
-6.213518038288820371e-03
-8.111406398083840022e-03
-1.749100300209236597e-02
-7.339676989965466213e-03
-6.924610664270263241e-03
1.594832160512469482e-02
9.821031771012608824e-03
-2.600871458852466178e-02
-1.697009520830205370e-02
-1.327063773964765742e-02
-1.597730377645372249e-02
-1.144012758716557616e-02
-1.069876648118970978e-02
-7.409021971680139138e-03
1.211255901937004394e-02
1.056613100192577842e-02
-8.652762403328996543e-03
-1.210235021937244165e-02
-1.679221736976616031e-02
-1.463592135299262263e-02
1.803380138058779600e-02
-7.025061550647293367e-03
-9.430850703216314343e-03
-7.402402522783919220e-03
-6.932305217403526322e-03
-9.501958205898129728e-03
-7.227435648070074971e-03
-8.389310488393905696e-03
-6.307203540463172421e-03
1.109684798427038911e-02
-9.615679854439753566e-03
-1.440152809726551360e-02
-4.177230718701499665e-04
-9.243037108337053909e-04
2.353305540952359710e-03
5.522222440915857018e-03
-8.830292258239896483e-03
7.258695810962635490e-03
-5.929880498162515149e-04
-1.563741706542795193e-02
-8.089667183666698208e-03
-1.460915103802333179e-02
-2.406567298806492131e-02
-2.110135555103468535e-02
-2.246624889059092042e-04
