0.000000000000000000e+00
0.000000000000000000e+00
0.000000000000000000e+00
0.000000000000000000e+00
0.000000000000000000e+00
0.000000000000000000e+00
0.000000000000000000e+00
0.000000000000000000e+00
0.000000000000000000e+00
0.000000000000000000e+00
0.000000000000000000e+00
0.000000000000000000e+00
0.000000000000000000e+00
0.000000000000000000e+00
0.000000000000000000e+00
0.000000000000000000e+00
-3.901718246001524695e-14
2.885707835789834697e-14
-4.442669907185962525e-14
-2.544268927440885150e-15
-8.666187342138676659e-16
-1.660397628513207972e-15
-3.320795257009766245e-15
-3.029058810726895661e-15
-7.038717163195711653e-15
-8.967200341227347057e-15
-4.154054310054285993e-15
-1.388479985728752263e-14
-1.152430366210231989e-14
-1.553736799291149770e-14
-6.542731348453212060e-15
-1.139988672804530734e-14
-1.707764104613124484e-14
-3.320795257043067219e-15
-3.991966886961631057e-15
-4.345084148388115026e-15
-1.293592935966352131e-14
-5.077518079693978836e-15
-7.215707531872127374e-15
-1.177284645780734084e-14
-1.270382356103437962e-14
2.814749767111851875e+14
5.629499534238396250e+14
2.814749767087194375e+14
5.629499534213120000e+14
1.125899906845596750e+15
-5.629499534213908750e+14
-1.125899906848681250e+15
8.444249301302621250e+14
-1.125899906834877750e+15
-1.125899906846677250e+15
5.629499534195161250e+14
-5.629499534174388750e+14
-5.629499534220776250e+14
5.629499534217117500e+14
-1.125899906841092750e+15
-5.629499534223703750e+14
-3.171632321461814993e-14
5.240477795357614227e-15
-5.376942070378460855e-14
-1.426788452718770397e-14
-4.346218154278151749e-14
-1.398342355176543095e-01
-1.390434710354966352e-01
-1.498323887667749876e-01
-1.265398950068462591e-01
-1.272068157386509746e-01
-1.267283491326894329e-01
-2.350801211837530436e-01
-1.592416417659699157e-01
-1.862924424519475097e-01
-2.288396486231727422e-01
-1.777322587511703800e-01
-1.358041417661002004e-01
-1.390434710349931213e-01
-1.697292099707585766e-01
-1.688271912594375701e-01
-1.662490602132637996e-01
-1.915396600600157151e-01
-1.922065807916804592e-01
-1.945989138203212399e-01
-1.206364458827837577e-01
0.000000000000000000e+00
0.000000000000000000e+00
0.000000000000000000e+00
0.000000000000000000e+00
0.000000000000000000e+00
0.000000000000000000e+00
0.000000000000000000e+00
0.000000000000000000e+00
0.000000000000000000e+00
0.000000000000000000e+00
0.000000000000000000e+00
0.000000000000000000e+00
0.000000000000000000e+00
0.000000000000000000e+00
0.000000000000000000e+00
0.000000000000000000e+00
-3.211555310718793965e+00
2.847376659514371573e-11
-1.316701564374472433e+01
1.070947324001912371e+01
1.566087141533400384e+01
9.846685034682996829e+00
-1.169302063494399135e+01
-4.399872570560777518e+00
8.270902758036903890e+00
-2.172702082709574256e+01
1.696183935152343381e+01
-1.282984320808893131e+01
8.276526802725760135e+00
2.641134135925465642e+00
4.796462330912150129e+00
-1.403358942340592996e+01
4.162320436680345637e+01
-5.690138978848932716e+00
-1.673272336582316777e+00
-8.384603066454978659e+00
4.931976315190732763e+00
8.810624732960615546e+00
-8.341040087595426034e-01
1.172979394857477331e+01
-3.026949288054803588e+01
