0.000000000000000000e+00
0.000000000000000000e+00
0.000000000000000000e+00
0.000000000000000000e+00
0.000000000000000000e+00
0.000000000000000000e+00
0.000000000000000000e+00
0.000000000000000000e+00
0.000000000000000000e+00
0.000000000000000000e+00
0.000000000000000000e+00
0.000000000000000000e+00
0.000000000000000000e+00
0.000000000000000000e+00
0.000000000000000000e+00
0.000000000000000000e+00
0.000000000000000000e+00
0.000000000000000000e+00
0.000000000000000000e+00
0.000000000000000000e+00
0.000000000000000000e+00
0.000000000000000000e+00
0.000000000000000000e+00
0.000000000000000000e+00
0.000000000000000000e+00
0.000000000000000000e+00
0.000000000000000000e+00
0.000000000000000000e+00
0.000000000000000000e+00
0.000000000000000000e+00
0.000000000000000000e+00
0.000000000000000000e+00
0.000000000000000000e+00
0.000000000000000000e+00
0.000000000000000000e+00
0.000000000000000000e+00
0.000000000000000000e+00
0.000000000000000000e+00
0.000000000000000000e+00
0.000000000000000000e+00
0.000000000000000000e+00
6.250000000011750323e-02
1.250000000005612455e-01
6.249999999956999674e-02
1.250000000000000000e-01
2.500000000006600831e-01
-1.250000000000175138e-01
-2.500000000013449797e-01
1.874999999996212197e-01
-2.499999999982799870e-01
-2.500000000009000023e-01
1.249999999996012356e-01
-1.249999999991399935e-01
-1.250000000001700029e-01
1.250000000000887623e-01
-2.499999999996599942e-01
-1.250000000002350065e-01
4.374999999999223954e-01
1.249999999999462375e-01
1.249999999993962330e-01
1.250000000001262601e-01
1.250000000003887723e-01
-3.750000000001700307e-01
-2.500000000002325362e-01
-3.750000000004875544e-01
-2.500000000005825895e-01
-2.500000000007275291e-01
-2.500000000011224910e-01
-3.749999999989575561e-01
-3.749999999979324317e-01
-3.749999999997775668e-01
-3.749999999995075051e-01
-3.749999999995826672e-01
-2.499999999987924659e-01
-2.499999999995525524e-01
-3.750000000004176659e-01
-2.500000000004775069e-01
-3.750000000007601142e-01
-3.750000000001650347e-01
-3.750000000016724955e-01
-3.750000000010552115e-01
-2.499999999982799315e-01
0.000000000000000000e+00
0.000000000000000000e+00
0.000000000000000000e+00
0.000000000000000000e+00
0.000000000000000000e+00
0.000000000000000000e+00
0.000000000000000000e+00
0.000000000000000000e+00
0.000000000000000000e+00
0.000000000000000000e+00
0.000000000000000000e+00
0.000000000000000000e+00
0.000000000000000000e+00
0.000000000000000000e+00
0.000000000000000000e+00
0.000000000000000000e+00
0.000000000000000000e+00
0.000000000000000000e+00
0.000000000000000000e+00
0.000000000000000000e+00
0.000000000000000000e+00
0.000000000000000000e+00
0.000000000000000000e+00
0.000000000000000000e+00
0.000000000000000000e+00
0.000000000000000000e+00
0.000000000000000000e+00
0.000000000000000000e+00
0.000000000000000000e+00
0.000000000000000000e+00
0.000000000000000000e+00
0.000000000000000000e+00
0.000000000000000000e+00
0.000000000000000000e+00
0.000000000000000000e+00
0.000000000000000000e+00
0.000000000000000000e+00
0.000000000000000000e+00
0.000000000000000000e+00
0.000000000000000000e+00
0.000000000000000000e+00
