0.000000000000000000e+00 0.000000000000000000e+00 0.000000000000000000e+00 0.000000000000000000e+00 0.000000000000000000e+00 0.000000000000000000e+00 0.000000000000000000e+00 0.000000000000000000e+00 -1.997707554934891050e-14 0.000000000000000000e+00 0.000000000000000000e+00 0.000000000000000000e+00 0.000000000000000000e+00
0.000000000000000000e+00 0.000000000000000000e+00 0.000000000000000000e+00 0.000000000000000000e+00 0.000000000000000000e+00 0.000000000000000000e+00 0.000000000000000000e+00 0.000000000000000000e+00 0.000000000000000000e+00 4.283240429003853933e-13 0.000000000000000000e+00 0.000000000000000000e+00 0.000000000000000000e+00
0.000000000000000000e+00 0.000000000000000000e+00 0.000000000000000000e+00 0.000000000000000000e+00 0.000000000000000000e+00 0.000000000000000000e+00 0.000000000000000000e+00 0.000000000000000000e+00 0.000000000000000000e+00 0.000000000000000000e+00 1.666666666665933549e-01 0.000000000000000000e+00 0.000000000000000000e+00
0.000000000000000000e+00 0.000000000000000000e+00 0.000000000000000000e+00 0.000000000000000000e+00 0.000000000000000000e+00 0.000000000000000000e+00 0.000000000000000000e+00 0.000000000000000000e+00 0.000000000000000000e+00 0.000000000000000000e+00 0.000000000000000000e+00 -3.250108515651106700e-13 0.000000000000000000e+00
0.000000000000000000e+00 0.000000000000000000e+00 0.000000000000000000e+00 0.000000000000000000e+00 0.000000000000000000e+00 0.000000000000000000e+00 0.000000000000000000e+00 0.000000000000000000e+00 0.000000000000000000e+00 0.000000000000000000e+00 0.000000000000000000e+00 0.000000000000000000e+00 1.165734175856414367e-14
0.000000000000000000e+00 0.000000000000000000e+00 0.000000000000000000e+00 -8.333333333310333213e-02 0.000000000000000000e+00 0.000000000000000000e+00 -4.166666666689500254e-02 4.166666666712499911e-02 0.000000000000000000e+00 -8.333333333333332871e-02 0.000000000000000000e+00 0.000000000000000000e+00 0.000000000000000000e+00
0.000000000000000000e+00 0.000000000000000000e+00 0.000000000000000000e+00 8.333333333344666860e-02 0.000000000000000000e+00 0.000000000000000000e+00 4.166666666640665012e-02 0.000000000000000000e+00 -4.166666666656666795e-02 -8.333333333334666526e-02 0.000000000000000000e+00 0.000000000000000000e+00 0.000000000000000000e+00
-2.083472283587184393e-13 0.000000000000000000e+00 0.000000000000000000e+00 0.000000000000000000e+00 -8.333333333335500581e-02 0.000000000000000000e+00 0.000000000000000000e+00 8.333333333335499193e-02 0.000000000000000000e+00 0.000000000000000000e+00 0.000000000000000000e+00 0.000000000000000000e+00 2.083194727831028104e-13
4.166666666636499594e-02 0.000000000000000000e+00 0.000000000000000000e+00 0.000000000000000000e+00 0.000000000000000000e+00 0.000000000000000000e+00 0.000000000000000000e+00 -8.333333333355166794e-02 -4.166666666677500130e-02 0.000000000000000000e+00 0.000000000000000000e+00 0.000000000000000000e+00 -8.333333333397166531e-02
0.000000000000000000e+00 0.000000000000000000e+00 8.333333333343832805e-02 0.000000000000000000e+00 0.000000000000000000e+00 -4.166666666655168688e-02 1.249999999996166539e-01 0.000000000000000000e+00 0.000000000000000000e+00 0.000000000000000000e+00 3.275157922644211794e-15 0.000000000000000000e+00 0.000000000000000000e+00
0.000000000000000000e+00 0.000000000000000000e+00 -2.600003545794038473e-13 0.000000000000000000e+00 0.000000000000000000e+00 -4.166666666683169207e-02 0.000000000000000000e+00 0.000000000000000000e+00 4.166666666676666769e-02 0.000000000000000000e+00 1.449743103343337225e-13 0.000000000000000000e+00 0.000000000000000000e+00
0.000000000000000000e+00 -8.333333333333334259e-02 0.000000000000000000e+00 0.000000000000000000e+00 -1.466604615529831790e-13 1.466674004468870862e-13 0.000000000000000000e+00 0.000000000000000000e+00 0.000000000000000000e+00 0.000000000000000000e+00 0.000000000000000000e+00 8.333333333333332871e-02 0.000000000000000000e+00
0.000000000000000000e+00 -1.250000000000733302e-01 0.000000000000000000e+00 0.000000000000000000e+00 -8.333333333351165828e-02 0.000000000000000000e+00 0.000000000000000000e+00 0.000000000000000000e+00 4.166666666657834611e-02 0.000000000000000000e+00 0.000000000000000000e+00 -1.329492071988624957e-14 0.000000000000000000e+00
0.000000000000000000e+00 0.000000000000000000e+00 0.000000000000000000e+00 0.000000000000000000e+00 0.000000000000000000e+00 0.000000000000000000e+00 -1.983205266675724943e-13 1.983205266675724943e-13 -8.333333333333164950e-02 8.333333333333164950e-02 0.000000000000000000e+00 0.000000000000000000e+00 0.000000000000000000e+00
0.000000000000000000e+00 0.000000000000000000e+00 0.000000000000000000e+00 0.000000000000000000e+00 0.000000000000000000e+00 0.000000000000000000e+00 -1.165734175856414367e-14 0.000000000000000000e+00 8.333333333313999725e-02 1.249999999998983313e-01 -4.166666666676666075e-02 0.000000000000000000e+00 0.000000000000000000e+00
0.000000000000000000e+00 0.000000000000000000e+00 0.000000000000000000e+00 0.000000000000000000e+00 0.000000000000000000e+00 0.000000000000000000e+00 0.000000000000000000e+00 8.347489366400395738e-15 8.333333333353666605e-02 4.166666666656667489e-02 0.000000000000000000e+00 0.000000000000000000e+00 4.166666666698166932e-02
0.000000000000000000e+00 0.000000000000000000e+00 0.000000000000000000e+00 8.333333333321998881e-02 0.000000000000000000e+00 0.000000000000000000e+00 0.000000000000000000e+00 -4.166666666689332332e-02 -1.249999999998983313e-01 -8.333333333400165521e-02 0.000000000000000000e+00 0.000000000000000000e+00 0.000000000000000000e+00
0.000000000000000000e+00 0.000000000000000000e+00 0.000000000000000000e+00 0.000000000000000000e+00 0.000000000000000000e+00 -8.333333333334333459e-02 8.333333333334333459e-02 0.000000000000000000e+00 1.899869150889799130e-13 0.000000000000000000e+00 -1.900007928767877274e-13 0.000000000000000000e+00 0.000000000000000000e+00
0.000000000000000000e+00 0.000000000000000000e+00 -3.016684124723667537e-13 0.000000000000000000e+00 0.000000000000000000e+00 0.000000000000000000e+00 -4.166666666655000767e-02 0.000000000000000000e+00 4.166666666695665461e-02 0.000000000000000000e+00 -1.666666666663049745e-01 0.000000000000000000e+00 0.000000000000000000e+00
0.000000000000000000e+00 0.000000000000000000e+00 0.000000000000000000e+00 0.000000000000000000e+00 -8.333333333334334847e-02 0.000000000000000000e+00 0.000000000000000000e+00 8.333333333334333459e-02 -2.066749549278767972e-13 0.000000000000000000e+00 0.000000000000000000e+00 0.000000000000000000e+00 2.066610771400689828e-13
0.000000000000000000e+00 0.000000000000000000e+00 0.000000000000000000e+00 0.000000000000000000e+00 0.000000000000000000e+00 -1.164346397075632922e-14 0.000000000000000000e+00 0.000000000000000000e+00 -8.333333333352666017e-02 0.000000000000000000e+00 -4.166666666695666155e-02 -4.166666666657833223e-02 0.000000000000000000e+00
0.000000000000000000e+00 0.000000000000000000e+00 0.000000000000000000e+00 0.000000000000000000e+00 8.326672684688674053e-15 0.000000000000000000e+00 0.000000000000000000e+00 0.000000000000000000e+00 -8.333333333311002122e-02 0.000000000000000000e+00 0.000000000000000000e+00 -1.249999999999133748e-01 4.166666666677500824e-02
4.166666666657332929e-02 0.000000000000000000e+00 0.000000000000000000e+00 0.000000000000000000e+00 8.333333333314833780e-02 0.000000000000000000e+00 0.000000000000000000e+00 0.000000000000000000e+00 -4.166666666698167626e-02 0.000000000000000000e+00 0.000000000000000000e+00 0.000000000000000000e+00 8.333333333272666121e-02
0.000000000000000000e+00 0.000000000000000000e+00 0.000000000000000000e+00 0.000000000000000000e+00 1.783295733304157693e-13 -1.783503900121274910e-13 0.000000000000000000e+00 0.000000000000000000e+00 8.333333333333502180e-02 0.000000000000000000e+00 0.000000000000000000e+00 -8.333333333333500792e-02 0.000000000000000000e+00
0.000000000000000000e+00 -4.166666666674000846e-02 0.000000000000000000e+00 0.000000000000000000e+00 0.000000000000000000e+00 8.333333333318834746e-02 0.000000000000000000e+00 0.000000000000000000e+00 1.249999999999133332e-01 0.000000000000000000e+00 0.000000000000000000e+00 1.834643548193071183e-14 0.000000000000000000e+00
