-5.546299855891325889e-03
-2.006017522202920567e-01
-1.022745139334839230e-02
2.851686482841424564e-01
2.679356750563909387e-02
-8.185495258964113896e-01
-3.477191019011240808e-02
4.884857477553114502e-01
2.460404963318236701e-02
5.844433888224121604e-02
-3.317892353592999735e-03
5.132364439159992769e-02
-1.419404432104166558e-01
-2.594135948467690134e-01
-3.525135540172993354e-01
-4.549800257128154835e-01
-5.989627711522932385e-01
-5.228778696632806477e-01
-5.026723016030772984e-01
-6.672696407345651837e-01
-6.057807090936959682e-01
-6.692613220084054904e-01
-8.038679939955493126e-01
-6.742869703134958259e-01
-4.565315877058735983e-01
-6.479913845870551858e-01
-9.233186031962952178e-01
-8.976869141794114881e-01
-9.065074403078982046e-01
-8.446639711549180918e-01
-7.862774059876093125e-01
-8.186516951844076129e-01
-8.765137265163798208e-01
-9.782099637685365279e-01
-1.054282810558614836e+00
-9.197827215664754474e-01
-4.242594329236440420e-01
-4.425776102158897607e-01
-8.455334908538857386e-01
-8.966280618482658227e-01
-5.810922422542240673e-01
-6.099376657785408051e-01
-6.836913883495403521e-01
-4.418162663267039547e-01
-5.296186312402737517e-01
-6.278146718516920410e-01
-5.615423251267410709e-01
-4.939821455402222394e-01
-4.621669654774645530e-01
-3.841430614274420341e-01
-1.659540933230848614e-01
-2.293261399853011862e-01
-2.753211294062997694e-01
-3.933821375525669017e-01
-4.150420284965436468e-01
-4.286371494293283457e-01
-3.651487469787700890e-01
-3.516308081797791529e-01
-3.658359358454352783e-01
-2.894665300996918100e-01
-1.935917576943401719e-01
-1.403122773501260523e-01
-1.116906421228061608e-01
-4.797523566730048372e-02
-7.551876023634501722e-02
-2.944428132314689389e-02
-4.580345652165082604e-02
-6.539327099466706733e-03
-2.191817938590520307e-02
-1.683900753087877802e-02
-2.384154784775770197e-02
-6.324180572545626267e-02
-6.717975090835649754e-02
-1.362125434460196849e-01
-1.049860495118920822e-01
-1.795376520994630409e-01
-2.281800124543015285e-01
-2.336530750013687541e-01
-3.671773124974889724e-01
-3.437859591199405873e-01
-3.453666082688156003e-01
-3.709538198069350368e-01
-3.853793910620270102e-01
-3.387485838860732623e-01
-3.154168801090703744e-01
-2.261702331948781952e-01
-1.732549728381309051e-01
-1.280870360691793441e-01
1.067860214950880071e-01
2.058445819192459558e-01
2.814790620973329216e-01
3.548639620342007306e-01
4.833453342893204163e-01
4.400679869628375540e-01
3.883730732424056642e-01
4.236508365016143918e-01
4.116991279330946552e-01
4.911857872882763876e-01
6.034287367709076921e-01
4.428867848000700991e-01
3.045299305523854749e-01
4.794053443529746050e-01
7.357935426644848231e-01
6.697217785063112050e-01
7.044826743443790562e-01
6.914181123297202802e-01
6.622736052175146604e-01
7.138338045387396802e-01
7.812648783539976050e-01
9.039719913447059607e-01
1.003989517523945496e+00
9.191421569910875888e-01
4.320658546732399907e-01
5.578446105077661255e-01
7.863371320416000509e-01
9.995504651158441112e-01
7.248270843106880967e-01
7.327395257293067843e-01
8.063868979152500893e-01
5.830001375864297675e-01
6.625219553929745375e-01
7.819146504633678330e-01
7.076154106791672227e-01
6.122383624866668539e-01
5.614800161372063281e-01
4.580415995113717442e-01
1.783857415232530386e-01
2.685031453121486389e-01
3.221470826132685206e-01
4.893433878424166550e-01
5.286275562325395416e-01
5.793502546483433324e-01
5.263054997214046127e-01
5.644202828589219845e-01
6.493854098034300693e-01
5.959914409559889936e-01
4.671514190023861590e-01
3.692549995141838903e-01
3.671117006750018175e-01
2.908650592927063405e-01
3.182120061125767729e-01
1.493824357930872426e-01
1.321527260299996398e-01
7.283730693711247539e-02
9.332908755917489196e-02
6.870959252908612203e-02
1.436047601489859153e-02
1.667404558271054216e-01
1.462224355596854763e-01
2.850581646843102779e-01
8.310345363884882874e-02
3.456926685073020700e-01
3.956878391923123739e-01
2.994638827450515350e-01
5.370002050558340123e-01
4.467885694101895178e-01
3.918298484672267934e-01
4.257742686273323640e-01
4.198317469503645150e-01
3.496627930523328320e-01
3.271859146674573338e-01
2.156770910550757092e-01
1.689434024678060364e-01
1.120273332888687412e-01
1.856085608480096197e-02
-2.610332847267342153e-03
3.075365204221086265e-03
-2.737135929263829690e-02
-5.992451478917078245e-02
-7.820268608821322187e-02
-1.491769301020205163e-01
-2.501346588368481005e-01
-1.857075518655286472e-01
-4.384644034382074174e-01
-7.490985719549380084e-01
-7.771472956176399549e-01
-8.131195739775993747e-01
-7.315401310106401933e-01
-9.553370615651616271e-01
-1.128493696192439666e+00
-9.654617594257318691e-01
-9.441163569457813320e-01
-5.940534042767390277e-01
-4.251062812009408498e-01
-3.670789106396009638e-01
-3.927724991792673204e-01
-2.512933953403008736e-01
-2.024261463576296216e-01
-2.885380066568012936e-01
-6.750522241922841948e-02
-2.012336054024229104e-01
6.249513222510839211e-02
1.080590683348728598e-01
1.267808707006107434e-02
2.607520895514714443e-01
2.126996796184781324e-01
2.543415991649737862e-01
5.263517942727264920e-01
4.573164248956048117e-01
2.893630935367896839e-01
2.750639005273198268e-01
3.251916440988803503e-01
2.087407620443859912e-01
1.792774738012945512e-01
9.521731471070322972e-02
5.737751906553943682e-02
5.930576737009888438e-02
6.441767804835761557e-02
-6.856259268844691612e-02
-1.009145408473764022e-01
-7.429400780355868705e-02
-1.056709732096123844e-01
-2.149438889390134222e-01
-1.201662253962453436e-01
-1.383173728768500310e-01
-1.200520812768272189e-01
-7.268454903356294516e-02
-5.700924584129587330e-02
2.316495556069029030e-02
2.386330954747886007e-02
2.962677733776976352e-02
1.700682941463379505e-01
3.169916562147579581e-02
5.531090747183980277e-02
4.538076537183944464e-02
-4.246602547756263279e-02
-3.871557149728735436e-02
4.074296608505956598e-04
-6.206698806574451749e-02
-3.237282629556524280e-03
5.560443349217481651e-02
1.606608843739873796e-02
2.801548937582183652e-02
7.086442300746835510e-02
6.388543337245014553e-02
7.064854059682484921e-02
2.219235593721227418e-01
7.737642462303630231e-02
1.320254507863862503e-01
2.098654386819495121e-01
1.483696853914911462e-01
3.864070056163275250e-03
7.539227869496742396e-02
2.456864575409005089e-02
1.399472803749506229e-02
1.250869204210319817e-03
-6.997120802206224094e-03
-2.237101903953705659e-02
6.219178497033413244e-02
8.345712853258771546e-02
7.302574630575606185e-02
6.052426709003250888e-02
7.751056983256345012e-02
-2.770068187570511320e-01
1.945945070421330539e-02
-4.085262366029237535e-01
-2.360328220549776368e-01
3.905832996359712705e-01
4.426165180277669697e-01
-1.309100237070289219e-01
-1.661146289949756161e-01
-3.158367202435585080e-02
-4.514110733751008908e-01
2.609686578716072791e-01
6.142415003091148407e-01
2.214822817307046110e-01
-4.380609631220537259e-01
-4.884516614531734802e-01
2.866054530966705705e-01
-4.660669232418824248e-01
-5.409172410789039320e-01
5.242063357678746760e-01
-4.774490218953408166e-02
1.424707286391113659e-01
-5.797680796539800979e-02
-3.921572357058532021e-01
3.101342764920430040e-01
1.235284639331400980e-01
-3.484471418503118922e-01
1.657489528074224394e-01
-4.007238105603497802e-01
-1.652759221022397917e-01
1.162401652100227417e-01
3.174802818006772220e-01
-4.550954684962162933e-01
8.988076052532174842e-02
-2.335066674061641867e-01
6.435563076600682164e-01
4.000355999341864699e-01
-5.998599380930933478e-01
-5.348090916198675604e-01
6.088714551925938911e-01
2.666851633021828372e-01
-4.918877882932004564e-01
-5.189535950676066323e-01
7.347268834868625476e-01
2.703105472919776209e-01
2.827374107914540913e-01
-4.829208303282696013e-01
5.096899770181857053e-02
-1.979078994941185499e-01
4.134478010047096808e-01
-1.256415450385800214e-01
5.978182382498619003e-03
9.352837877258135535e-02
3.379823791229334962e-01
-8.107237838554882947e-02
-6.465341391591574727e-01
1.886721896992013814e-01
-5.138059486628657746e-01
-1.054112154327538242e+00
8.802993213716268084e-01
3.702298315728446126e-03
2.849801286834111602e-01
-3.472441849532180713e-01
-2.376327361940856198e-01
2.514411282205557541e-01
1.063175817682817520e-01
2.943792605796103357e-01
-2.363452866088270321e-01
-6.717373505775307008e-01
2.923079689280611362e-02
3.387610543976322663e-01
-2.852808762994960001e-01
3.634294948797495706e-01
-5.252932778524138646e-01
-5.593015340582491168e-01
5.284636878557891215e-01
-3.292237411680293824e-01
-1.336677519165717642e-01
2.880637732155351127e-01
-4.506229149141997570e-01
4.038234909447974696e-01
-1.325891663804205367e-01
-1.137966880354844973e-01
-1.388612601190171436e-01
-5.500323297772750225e-02
-1.995964322401752311e-01
-5.505000620831554045e-03
-4.400797433089794763e-01
-1.831371705453016252e-01
4.464542032758250234e-01
4.849307522178103458e-01
7.872404330948232776e-01
-6.346998891912889462e-01
-7.198834643750753326e-01
1.455826452906980317e-01
-3.236971278593642753e-01
3.237362099959875117e-01
-6.629858417660204895e-01
-5.244137933708868937e-01
5.818813690246444903e-01
5.447534781053201547e-01
-7.159061277199088025e-01
-8.572650530421486170e-01
7.856089647705886136e-01
1.854279735711782395e-01
4.332098148522259828e-01
-5.698080950804363942e-01
2.561733379575676928e-01
7.302952540136907755e-01
-5.634098600440298199e-01
3.260134704284503027e-01
-4.759271666214551777e-01
-3.154019455057311405e-01
-1.698744108355625948e-01
9.561182555382584380e-02
3.987805305166953751e-01
2.823456322956782172e-01
-6.946136687253614550e-01
1.902271714945489023e-01
-3.808128118244775706e-01
-2.264467759238040501e-01
5.516777773568326548e-01
-1.963940421489435706e-01
5.237288879795170410e-02
-8.624681945297745234e-01
-4.167581284605535383e-04
-1.163690304238845369e-01
1.900644072815947383e-01
5.610905639567761449e-01
-8.280383862727537236e-01
-7.478449203104891030e-01
9.568853434523479917e-01
-6.251671834196496080e-01
9.810478104049205617e-02
5.900110211293544404e-01
7.808252246272934238e-02
2.265781079058944159e-01
4.351337368783333298e-02
-2.577231375620811504e-01
-2.756082879623925064e-01
3.578914557906817118e-01
5.402239324846405677e-02
-3.378080409861224376e-01
3.094810251715711738e-02
5.505492887068327290e-01
-3.742776352316322108e-01
-1.544453432169866081e-01
6.982841949400067638e-02
1.209951470608925939e-01
2.005909888941255215e-01
-2.320992186394939816e-01
1.241567553556453818e-01
8.366298240327572910e-02
-1.016485298946646354e-01
-2.557846296526854468e-01
-8.321634498965879700e-02
5.603788621340557441e-01
-3.539851349901118049e-01
5.403867311896074638e-02
-2.271515868235294000e-01
-9.933208720844272088e-02
7.931529106166908261e-02
6.217001429436245230e-01
-9.211882877349549803e-01
8.650148151936581237e-03
3.524253432514792839e-01
-3.375428853257936845e-01
2.871370639082901355e-01
-5.278647560318138268e-05
-2.243077692889477448e-01
-2.253562853526973886e-01
1.394303369082895983e-01
-4.075506289872680710e-01
1.353278380600664473e-02
1.834376518420010316e-01
-2.936496796012415533e-01
3.582403816622270476e-01
6.918728218076150016e-01
-4.350849478442514462e-01
1.360409577364614098e-01
-4.349023271429883764e-01
7.948602219504680155e-02
3.468241865833452398e-01
2.625911722184325892e-01
-4.574036277683825036e-01
7.820745565041777869e-01
-1.073542377554188132e+00
-9.546062203312026817e-01
1.032544773164453700e+00
2.900586224663325163e-01
-5.887089069524077400e-01
-4.518326936613050182e-01
6.337602612305150984e-01
4.377139207180913982e-01
-4.089280414008566317e-02
-1.468338229155344010e-01
-1.865092159807846262e-01
-2.769862345250602709e-01
-1.245468526415040161e-01
4.667009022611037089e-02
4.246655956777635743e-01
5.954428496122164960e-01
-8.103852554496929761e-01
-7.720944205592661369e-01
9.872213723302692978e-01
-5.417216792488365185e-01
6.791979549032060026e-01
2.967657236952646604e-01
-6.825130067254683297e-01
-5.398192032907884741e-01
6.815388659891515877e-01
-4.023277144588252585e-01
2.950814516785125741e-01
3.429509154468920462e-01
-9.177071590752355901e-02
-1.712486638874753109e-01
-3.553647275131179700e-02
3.578977638909417447e-01
1.877353799408151280e-01
-4.402285393367256772e-01
-3.694486204045742406e-02
7.193600459416187309e-01
-9.986778581344276651e-01
1.148464086670895501e+00
-1.037477041933191124e+00
-8.634906940885478388e-01
5.726108231060709347e-02
1.682663206093101826e-01
-3.290198627448965296e-01
1.762013951717655014e-01
7.033028022785405842e-01
-6.821424651578504861e-01
2.236323927329762762e-01
1.639387176983348460e-01
1.960966585327919218e-02
-1.001533705958698173e-01
1.048726898539778241e-01
-9.189843529108067122e-01
-2.438767874779582470e-02
5.001880292543788853e-01
-3.599255754973267746e-02
-1.918410925613969753e-01
3.345641205916799477e-01
-1.681906788361517413e-01
9.277201637300665216e-02
1.926920914371506866e-01
-4.117285670242388784e-01
-2.921381454129393790e-02
-3.317246120897128780e-01
5.376663427898598080e-01
-6.486640489798569664e-01
-3.442204197101494251e-02
-3.122049578924346314e-01
-2.720589573780557435e-02
4.085284826741057973e-01
-7.828556424051658080e-01
5.787708971099427835e-01
-4.988146234276391588e-01
1.845582606292325012e-01
1.039247753030095138e-02
-3.872155934989831017e-01
2.659025923236009795e-02
-4.482308818420929764e-01
7.667443377255011017e-01
-7.915205893090420108e-01
-7.831899401148796347e-01
5.906895393668760708e-01
8.790892348271858170e-01
-1.052886013327436698e+00
1.796425510967015748e-01
-3.397447821056736594e-01
9.199250164501057148e-01
-1.055027232141620974e+00
4.250167246121557829e-01
-1.785899068155337999e-01
-5.038979481206021238e-02
-2.593039623082873946e-01
-1.262286112554151518e-01
-5.187532818945481822e-02
-2.484188659532719431e-02
-2.072517566235836661e-01
-3.317728992259680876e-01
1.114094018442696003e-02
4.073261384701166998e-02
-8.940259847703946848e-04
-4.672738954268680356e-01
-4.945567227092780710e-02
1.892933640429883269e-01
-1.930192714365721110e-02
-2.081625874872016502e-01
4.674059176618016731e-01
1.785064494834545934e-01
-7.861045982986369918e-01
4.731908054775150196e-01
-3.667468801278314650e-01
4.759894645652592571e-01
-2.900650273243940980e-01
4.479558794056629628e-02
-2.049242752826626601e-01
1.584296583147676019e-01
-4.291565239052727021e-01
3.889124748207566928e-01
-3.500682789934436157e-01
-7.759014450685393360e-02
-4.541802905177441674e-01
4.098331576901781959e-01
-2.676975230391424043e-01
8.842565683393418391e-03
4.132405931455924164e-01
1.107811258000452742e-01
3.796114177356202934e-01
-2.138617186402117509e-01
-2.945510396901458439e-01
-2.270724439310616294e-01
4.113356016127361348e-01
2.087947071158515466e-01
-2.140683884377015955e-01
-1.871388732585507197e-01
4.790376332130850956e-02
2.585050462693593010e-02
4.518217299622910299e-01
2.665490685729519915e-02
-1.827237192707062419e-01
2.265365122889064220e-01
6.608010063216619434e-01
-6.735736059951086263e-01
-7.702859617622126454e-01
5.369025051668903092e-01
-3.347277901760317698e-01
-8.915490396092201619e-02
1.925038515929815841e-01
1.331490059384726476e-01
1.175583725961802384e-01
-2.268870560807320080e-01
-2.931871225775860568e-01
2.775771053730201054e-01
-3.953498202024478547e-01
6.017202188466525686e-02
-3.870886039260744149e-01
5.122367832054652848e-01
5.677141643296466089e-01
-4.364735020431015355e-01
1.430701081233720362e-01
-3.632609760853698910e-01
3.754462918658169057e-01
-5.959610055087274372e-01
-5.512946556685174304e-01
6.704148964325200577e-01
1.167955296073252547e-01
-2.138805011944405234e-03
-8.022304279314410036e-02
2.528146284649372411e-01
-1.237783063713774646e-02
-6.318365814912374478e-01
1.702296639719622084e-02
1.861588797946289731e-02
-5.616008561375344932e-02
-2.267173589142389492e-02
-9.209048998228122063e-01
-2.628708122950186299e-01
-2.677303669432236077e-01
4.348388287777972816e-01
-4.320098637487154170e-01
-7.588072914152117765e-02
-6.406785367304300600e-03
-1.766363771408142880e-01
3.699877551138778808e-01
-1.510020799406212311e-01
5.178268171584637924e-01
-1.061228877651230890e-01
-4.010205618770786296e-01
5.216235964521519497e-01
-2.740285197573909537e-01
-2.246237513494596938e-01
2.192552302096622829e-01
-2.773140738178264120e-01
2.548463625149924999e-02
-2.008169053682218874e-01
-3.752764245379545116e-01
-1.356283172734326081e-01
2.065329574970757309e-01
-1.286695242049683829e-01
-1.818590529902885944e-02
-3.183959129768917373e-01
-2.700394633877173378e-01
1.536679368722613237e-01
-2.807461897059617684e-01
-1.950230246055637551e-01
3.203072367295746181e-01
-2.488172386985577356e-01
1.896092817553492529e-02
-3.625811212401897771e-02
2.907025574861329398e-01
-1.760948945023788070e-01
-4.124331592446535688e-01
4.110716424227052190e-01
-1.497911540241149697e-01
-5.044533486486859480e-02
-1.994655499656943498e-01
6.589110413781947007e-02
-2.632476136979710057e-01
-2.025284972299508102e-01
-3.948238774834371134e-01
-1.737189156326156281e-01
1.221460975572307706e-01
-3.523645945130780555e-01
4.908865551225505830e-01
-1.732336853681639144e-01
-1.279831220824690086e-01
-1.036261896354512130e-01
2.798642302947816907e-01
2.665792626266957899e-01
2.399259882204665684e-01
-5.535399939238792172e-02
4.280647965023649526e-01
1.736564687560624154e-01
2.007248772106315013e-02
-4.405117455087490530e-01
5.755896428011453292e-01
2.032605131738958182e-01
2.500892846583055613e-03
-2.055137856699886523e-01
1.908807376579547688e-01
1.450750091792357421e-01
-2.514473539819092607e-01
-2.341063996721734763e-01
2.596951928499276474e-01
1.019449512893322030e-01
-2.477488377221700178e-01
-2.502040146140007693e-01
5.352626410547691727e-01
-3.548267540440009915e-01
5.053804657237290776e-01
8.017312625455640385e-01
-4.951636534188378347e-01
-5.722852182556240619e-01
7.592197297203299167e-01
1.304747613652527116e-01
-1.049366632579445263e-01
-7.564486683913343446e-02
-2.466482360426654197e-01
7.035689693466284922e-02
-2.045018188960667227e-01
-3.421250104677016624e-01
4.023081286047614502e-01
-1.260177824528101731e-01
3.663570079792899392e-01
-4.268572094891686097e-01
7.654269461201871350e-01
-2.429831245932864425e-01
1.892134554274634839e-01
-6.177463740842501633e-02
1.156869740489164938e-01
4.033740794167924304e-01
2.003158180299155766e-01
4.250437320433707034e-01
-3.379410937354707101e-03
-3.902575626145574628e-01
2.912652745520263875e-01
4.439185632148167637e-01
4.341352751237385621e-01
-2.424544349979150804e-01
3.979788250583862069e-02
1.281743221402247834e-01
-2.523580030603183588e-01
4.016902201863568056e-01
-2.855454016989543153e-01
-7.752639663062509123e-02
-3.579747849785962499e-01
5.189390862663484372e-03
4.840592272002144925e-01
7.882408834394809549e-01
-5.613920285894510309e-01
-4.828029076222226101e-01
5.625375995861914280e-01
7.186947906214219417e-02
-1.691324784873725617e-01
1.616332975276789652e-01
-2.502833480110224773e-01
-3.512856062677149893e-01
-7.908107937851470426e-02
2.311121121327193717e-01
-3.869726579002795153e-01
2.129366864724610287e-01
-1.615862158785294836e-03
1.208984420062469561e-01
3.372047174039970174e-02
-4.213648315927653321e-01
-1.965892244136301370e-01
1.869764937249262238e-01
5.814703955932037927e-01
9.178147390184000776e-02
-2.666019211735783379e-01
-1.924545024935526427e-01
2.946755334086261779e-01
-2.762999074054403037e-01
-1.216877309805818042e-01
-5.616777186880764217e-02
-2.395587930627229301e-01
-2.223141068064583836e-02
5.883644845020838954e-01
-3.869873502448474833e-01
2.098305576243116866e-01
-3.463027786916657025e-01
4.018083358916890724e-01
1.174499554195699569e-01
-1.355551462191347534e-01
2.087483486099290797e-01
-5.102835792602350429e-01
5.371080201244853719e-02
-1.845504988496118326e-01
1.045070395868390317e-01
-4.466420786085251726e-01
-8.461287376844142324e-04
-2.799154111799475597e-01
-4.324478793596907011e-01
2.063511467112963127e-01
-2.162311447691823985e-01
5.430474994214886664e-01
6.965765556899043975e-01
-4.185350200940129994e-01
-3.102557245865875668e-01
3.662177946063520650e-01
3.633206357705960343e-01
-4.918467841948018227e-01
-4.228771205057951232e-01
3.658602691437989329e-01
-2.151235809914001096e-01
-8.157858547163086005e-01
-4.282963451392339527e-02
-5.384213303187421751e-01
3.137666658651621643e-01
-5.719890204611377538e-02
-2.473012430279327989e-01
1.572754523031356932e-01
-2.110569228758339133e-01
2.112141863591727453e-01
-1.850476639991793237e-01
4.302566718879721197e-01
-1.851062677315575833e-01
1.312250694148888730e-01
-5.634343864966625398e-02
-1.324665376624820923e-01
1.002513355294038094e-01
-2.758590654811632348e-01
-3.958419215744018449e-01
5.467613488822049561e-01
-3.461480301797569825e-01
-1.305301047707635165e-01
5.924006202615782479e-01
-3.652146972958594251e-01
9.580015147192484431e-04
-8.926008939575105772e-02
2.297518164497672488e-01
1.125463030507311973e-01
4.397316264504514960e-01
2.369267499955714229e-02
-8.505430420093198496e-01
-3.521582758247941425e-01
-5.791444272419937062e-02
-3.960785618326057543e-03
-3.568077835985143942e-01
5.028466058781072556e-01
-2.549325443309776729e-01
-1.223253664989883693e-01
4.193338830541720741e-01
-2.956841529290338277e-01
8.253234283847510344e-02
-3.551674271381455306e-01
4.419312677897169195e-01
-2.889526234288338213e-01
-2.373756081498678075e-02
-1.744998222437898483e-01
-2.639020280149545483e-01
-7.673907200911239679e-01
-9.408516207152967104e-02
-4.858512697651531237e-02
-2.473493855859762725e-01
9.483343636849587976e-02
7.808317402125248829e-01
4.671300204005257029e-01
-4.285392000367622134e-01
-5.873044315066756615e-01
4.120382825238130126e-02
4.347891114083412556e-01
-3.180585057635985646e-01
-1.078978736719354153e-01
4.477928924048383830e-01
-5.415542962865111526e-02
-1.768410076924868124e-01
4.985002128972735314e-01
-3.386710062043886693e-01
-4.586520149911197941e-01
1.155687240196134891e-01
3.798973709011907451e-02
1.138809510159779527e-02
7.573303238604124632e-02
-1.333566704778934575e-01
-8.058671649655634317e-01
-2.992020464543841407e-01
-3.756170579385554320e-01
2.360998757225378775e-01
7.104287321546388922e-02
-1.919888395424509120e-01
2.045675180757746403e-01
9.884482615279811812e-02
-1.526787130661349523e-01
-2.901658605524654044e-01
-1.137419663223146193e-01
2.071338541033971581e-01
-3.388906056176467230e-01
-6.099867895438151194e-02
-1.099702169105574723e-01
2.376211756772358130e-01
4.800775513483648838e-02
-1.457622534437048312e-01
2.660280463396468842e-01
4.964156176967996492e-01
-4.102826871668110997e-01
-3.240282587178715534e-01
4.948732499969942800e-01
2.945152796048910449e-01
-3.141354395615388317e-01
-2.304934009782720339e-01
2.489793439820518067e-02
-5.457665427178025608e-01
-6.129238727401224995e-01
3.193673213022296675e-01
2.468113631341238567e-01
3.990443588036818867e-01
2.312432899092854363e-02
-3.961696762857186416e-01
-1.005931752310819556e-02
2.384151604648122522e-02
-7.673253873754568022e-02
6.239960405143736288e-01
-2.537458178764335215e-01
1.295602291750246327e-01
-1.525895602299815468e-01
1.263112456167294340e-01
-2.342819836804241052e-01
-1.948991251073181608e-01
2.772577313640224861e-01
4.835505869368685872e-01
-2.531220550639385891e-01
2.627714339940395716e-01
-2.840650960640266898e-01
7.963357195164659508e-02
-2.357281134942613154e-01
2.219794523330021613e-02
-3.878455268156505986e-01
-3.664052856411283976e-01
-1.554442909434619324e-01
1.011931669331981795e-02
-2.526053889446870371e-01
3.015897747708653487e-01
-1.892467126366335073e-01
8.956171499668548475e-02
-3.118024736562893806e-01
-8.142890014317759606e-01
-1.834816241748520871e-01
-4.813324900058482125e-01
-2.776661922078863531e-01
3.927759656513839515e-01
-3.429904113887314865e-01
-6.371962350424329458e-01
3.972585572001042231e-01
-1.363364846651854978e-01
4.799629836016629514e-01
-3.334250004343955465e-01
8.103176042996118600e-02
6.046456555351564788e-01
1.306613242340601000e-01
-1.751560863982615790e-01
-4.130719422662704199e-01
-3.450151452554464648e-01
1.405182407239171094e-01
-2.685725366171844430e-01
-4.263903090883683911e-01
-7.067801971962133223e-01
-2.120473585706719732e-01
-5.464643633221510921e-01
-2.513991768170278918e-01
-1.469665803164409978e-01
3.381590956211156795e-01
5.320506852681081700e-01
-2.125586310154467251e-01
1.854844539601818443e-01
-1.771342646928677766e-01
3.140731300445215313e-01
9.425205957228696696e-02
-2.271450046786095134e-01
-1.235206734232180553e-01
2.086225705663972418e-01
3.965742833363046227e-01
-1.163032491097609755e-02
-1.597438242020573218e-01
4.038192192426707239e-01
-2.555914992247310669e-01
2.315204058094178785e-01
-3.342872641810573642e-01
5.296313765161382303e-01
-1.170527941387645293e-01
-1.926022306296057418e-01
3.897419490174846013e-01
6.446344320793719884e-01
-3.555697974644285164e-01
3.549911859756639809e-01
-2.754263744904109079e-01
1.268444170597808340e-01
-2.064293630509026478e-01
-5.642305685611309629e-02
-2.576005015180438673e-01
-1.808644766184029362e-01
-4.701270675502071394e-03
1.070659750797309795e-01
-3.578954621862807661e-01
-2.986493981301054368e-01
2.208464454466235183e-01
4.081111360594135706e-01
-1.095849162343872640e-01
-2.402035269070268431e-01
5.286307005408574788e-01
-1.362606704790355894e-01
-1.042267439076839664e-01
5.144510186243353433e-02
-1.927943767862864977e-01
3.033130728078619609e-01
-4.597239975273698792e-02
-2.517654610762249945e-01
1.314745008020318795e-01
-3.522994959141893534e-01
-1.634997197698418170e-01
1.407082304455836153e-01
4.710328616432519211e-01
3.596243097713814896e-01
-4.414809864324894528e-01
2.184438066696024472e-01
-4.249825676284512688e-01
-3.511295807000154312e-01
4.213496949080302034e-01
4.371661056869221573e-01
-1.337734010378644478e-01
-2.316851226743584513e-01
2.875902287493675713e-01
1.075396505513401962e-01
-2.036842915716086944e-01
-3.202598762874855898e-01
-2.697676321530385196e-02
2.854226004699453312e-01
-2.056432752067540448e-01
-1.333911462565234574e-01
-8.532667492513948404e-02
-3.024348482566878160e-01
1.297372839904358255e-01
-3.516911066296204980e-01
8.648866908179266844e-01
-3.370251606396301725e-01
5.257878088904660574e-01
2.648903731485681146e-01
-2.887820163444405619e-01
-3.827601369952141064e-01
1.322402549244248993e-01
3.493604967386749194e-01
-7.248034975811856739e-02
-2.005252275054941469e-01
1.949396114162328109e-01
-4.439596723261773348e-01
-9.856072129007059646e-02
-1.277752618430068876e-01
-2.884658817149777232e-01
-6.662450744563744864e-01
-1.229353775589023395e-01
3.540584382102658911e-01
-5.300833465440919490e-01
-4.303866905625025607e-01
4.951203694823421153e-01
3.420175794034715361e-02
-1.730339302768828524e-01
2.198875440779498036e-01
1.861555573145212694e-01
3.120530642900661289e-01
-1.522040353573068383e-01
2.547457572386948588e-01
-2.329148716570457189e-01
-1.991572368567665896e-01
2.039912064694710259e-01
-2.322132786622377876e-01
-1.623861640997278366e-01
-7.883738600578618638e-02
-4.033674019015269785e-01
3.098079761329111115e-01
-1.253465189464874063e-01
-3.918865824581471702e-02
2.242024488420573114e-01
-6.459463603982386337e-02
-8.564828524603659843e-02
2.257604549484786283e-01
1.407412803616704677e-01
3.199265000853803165e-01
1.113516474977651605e-01
1.764424566249858106e-01
-2.967099865385525170e-01
-2.754513329146106027e-01
4.612854085323023212e-01
4.762753987469138806e-01
-2.973387025426556529e-01
3.263588077080508132e-01
-2.662027685079867978e-01
1.110129880138155944e-01
-2.958080892845447660e-02
3.085864486461443179e-01
-5.215940630545310430e-01
-1.517091736032535713e-02
5.982104003695156713e-01
3.130703512575544467e-01
1.274051675961441754e-01
6.659467833743601961e-01
3.948005077839043531e-01
-3.872977844279785753e-01
-3.462723925192398577e-01
3.503323268734446772e-01
-1.224716171693735964e-02
6.944463677125212175e-02
1.204788410893319617e-01
-5.675331804151331205e-01
-1.618456843535048817e-01
-2.962625413591891133e-01
-1.668535398015954241e-01
-2.457736500304127658e-01
-6.209740474515776931e-01
4.254679163845501849e-02
-2.842121271360237289e-01
-4.209161598982545938e-01
-2.646915418608520865e-01
-3.004900485221570494e-01
-4.466000508876133979e-01
3.244653117870995862e-01
-3.088091308226875720e-01
4.113593839246859618e-01
-5.952976809689562998e-01
-2.971315217615438375e-01
-1.452255823543579516e-01
-3.664425953245096373e-02
1.394492727942751309e-01
-2.043297355617202660e-01
-4.460921858343106644e-02
7.048123633468760252e-01
-3.910209233975442955e-01
-4.731822368059391271e-01
6.405186965843939761e-01
-3.674802870181479442e-01
-2.390025094611652468e-01
1.426768207217945506e-01
-3.254712352427464039e-01
-2.905684612128899835e-01
3.634098874205676788e-01
-2.386356678522849606e-01
-1.237925654667749314e-01
1.089133376514973134e-01
-3.583157739071736458e-02
-7.790973663100960733e-01
-6.605092254641178329e-01
-2.494786499271530733e-01
-3.876729475933682889e-01
1.015212230065406646e-01
-2.157236644350010724e-01
-5.104877078913603317e-01
-1.337766858250310220e-01
-6.151069486107595130e-02
-2.518278792683243186e-02
-2.440549895457094498e-01
3.836252741232108465e-01
-9.979750060052294813e-02
-3.753762073275292432e-01
-2.444188065143837185e-01
-2.654634832054708071e-01
1.584202628727446882e-01
-1.560387270239232682e-01
-1.274704918586316016e-01
1.901001377683443905e-01
-1.489627599355577425e-01
9.485263041889911706e-02
-1.515165384742919175e-01
3.748133719580110657e-01
-2.636965765431483755e-01
9.423364310451330661e-02
-1.070451585722865806e-01
3.651980295338739801e-01
6.105420296380693612e-01
-4.382807858800956691e-01
-2.451511209518597231e-02
-7.520431202464147868e-02
-2.052393296023869440e-01
2.721793495741727797e-01
-7.586337032229983901e-02
3.173166006441233145e-02
1.277624843545305255e-01
-2.592127533542565865e-01
-3.863458966543349971e-01
3.227608325858702942e-01
4.616894470584313459e-01
-4.964618851872443228e-01
2.471186003480414506e-01
-3.716261849630656533e-01
-1.687035655944558454e-01
1.481963900021175951e-01
-2.308714450410908614e-01
4.002540133381489729e-01
-4.128172302189952458e-01
-4.200338081384193401e-01
-1.516551882665801432e-01
9.510554906855281376e-02
3.887823059337425224e-01
-4.124288328447666546e-02
-2.280979073043730154e-01
3.305998124675650351e-01
8.825049058144740499e-02
-2.231999522271196079e-01
-2.225668725579311169e-01
1.898200772270231818e-01
-3.413943158209569728e-01
-3.663568994345774432e-01
1.996068725568990176e-01
-1.840835279232119065e-02
-1.070679377855826980e-01
2.440556406734104844e-01
4.026966143737865100e-01
1.314533547617929010e-01
-2.668623062239099814e-02
2.515701135765813778e-01
-2.130873796166628253e-01
-5.959444893163027279e-01
-2.721318336712043040e-01
-1.161944593370253659e-01
-1.282417248883157834e-01
2.457938300365574980e-01
-2.512927287085391370e-01
1.187908079794414845e-01
-3.800741483401756104e-01
4.953158104574005294e-01
2.402524749861526532e-01
-3.108274880134592189e-01
-3.988966587430429755e-01
-2.823851408085937265e-01
-2.499895442056661587e-01
-3.110937537838910916e-01
-2.876363641796551573e-01
-2.735509634401142587e-01
-2.806670125517093939e-01
1.188484625258945937e-01
-1.392019738506489468e-01
1.158660925372152206e-01
-4.868645088235921126e-01
-1.748291258312293650e-01
1.915529363422877607e-01
-3.683348434160346185e-01
-2.783046819711336162e-01
-6.405609212463837521e-01
-1.083112412905461175e-01
-1.961994629870416063e-01
-4.157162591344005786e-01
2.797922838987699015e-02
-1.281083700065622222e-01
2.031464906605585652e-01
1.185483386142284906e-01
-1.347612356710470027e-01
-2.276678349135417001e-01
-5.359011690542543616e-02
-5.009509092699748756e-01
2.860809717457434356e-02
-4.478854911224489643e-01
1.347307191824302919e-01
-3.284437719560242552e-01
-3.026913421524881631e-01
3.145737714206645053e-01
-1.217734797594076240e-01
1.798289427286865749e-01
6.942195401908259067e-02
1.671044364504578883e-01
-3.805650979957669322e-01
5.842897084835317889e-01
-3.871141173722884021e-01
4.738210143870844049e-01
-1.777204070505691846e-01
-8.418276180567743072e-01
-6.259436956589515821e-01
-2.401284158078060837e-01
-5.784501902077969770e-01
-9.227870353374927059e-02
2.864570025817899657e-01
-1.331907638195674037e-01
-2.110290773165575950e-01
2.414871780627787234e-01
-3.630162622065015443e-02
-2.686411216950693182e-01
-3.894088839373267830e-02
2.194248854223224913e-03
2.611699343997412326e-01
-1.942428302422657405e-01
4.447374764509033351e-01
2.381245212912538878e-01
-2.208444466977063370e-01
-3.449238457212940312e-01
-2.091276798336832998e-01
-1.128457397160894660e-01
1.814538580949386637e-01
8.965036211980714764e-02
-1.436688808033582399e-01
-1.295191981064630626e-01
1.524748345870892141e-01
-1.661652462912914241e-01
3.703742065159772445e-01
-3.249608754037260905e-01
2.544538171084201883e-01
5.470952477904405392e-02
2.228943218948933880e-01
-1.517081872116292640e-01
-1.354415773968539460e-01
1.462139369585276349e-01
-1.745937427474994197e-01
-3.116805037758767494e-01
-1.413213564607047196e-02
2.410209581273275725e-01
-1.884904661634702328e-02
-1.179296005977193001e-01
2.751287043107936703e-01
1.802801061984895814e-01
-8.947395535971175429e-02
9.443170430063384246e-02
-2.796100091093015050e-01
-1.084499562401428641e-01
-3.388424184234613001e-01
1.887294081151382752e-01
-1.926164316838966384e-01
-1.954627514322499482e-01
7.934359474592081463e-02
-2.318365447187626660e-01
-1.551026409556457153e-01
-2.323530073132432094e-01
1.434010901018179795e-01
-3.217678559284180562e-01
-1.226586200471259241e-01
5.072886157876218549e-01
-1.032373715872479808e-01
3.824584764005228288e-01
-3.852000884076508536e-01
5.062654128826933331e-01
-2.381782231470570554e-01
2.671277545002133658e-01
3.099737875382531649e-01
-1.030650480108094152e-01
-5.437004384920716277e-02
3.276805414760793900e-01
-2.022617525253342374e-01
-1.858055615861265719e-01
-4.505122479352182130e-01
-1.321627491880542626e-01
7.100537309840476707e-02
-3.166389622898251564e-03
-5.636806908005234651e-02
-4.058465959664231404e-01
3.876470082372835413e-01
-1.204151816235246170e-01
-2.124385371802468558e-01
3.992057403455085973e-01
-4.074061704216434543e-01
-4.706068673757621834e-01
5.731406737370069449e-01
-2.303765753394407811e-01
-3.065660345694190547e-01
4.802491217865239581e-01
-4.480677178234142577e-01
3.161377770539099963e-01
2.831778027499926020e-01
-3.018467406013831678e-01
2.007146222780569755e-01
-3.497026550960894431e-01
-3.135174145298581516e-01
-4.251572107414389179e-01
-2.394473713343195087e-01
-1.885637767970047562e-01
-1.755094055511263462e-01
-2.228046060522797800e-01
-6.705083371420016425e-01
-2.955061064641301694e-01
2.166890178153000474e-02
-7.809344999087522443e-02
-8.440912614174474193e-02
4.766950541311001238e-02
2.515226985608254306e-01
2.437092576260475874e-01
3.494980105890104771e-01
-2.288425631657927672e-01
-6.893492468096443226e-02
-6.426269682147398021e-02
4.194630604859499179e-02
-1.186636671584095637e-01
2.454735661531825541e-01
-1.212633941077869287e-01
-1.481817359550718083e-01
-1.987893743748231079e-01
-2.330394326011525630e-01
-3.580827171272418230e-01
-1.819154306212227012e-01
-2.381052370230903395e-02
-1.454434500252632656e-01
1.498138386540673606e-01
-7.730210261966433682e-01
-5.855814191897818627e-02
-2.511769222473138607e-01
3.680629982283067925e-02
-2.090045372319231098e-01
-9.093296720044058423e-02
-2.467070553646041886e-01
2.494087254410863336e-03
-2.984902790709825227e-01
1.832657251271436194e-01
-3.995499086398427990e-01
-2.094637193366443995e-01
-2.696378907016416804e-01
3.726753329902010581e-01
-1.334220338519720161e-01
-1.040960017839865914e-01
-1.267021355746930367e-01
-2.146228015496918218e-01
2.288787964979481782e-01
-3.104447633423531583e-01
4.946618338967926354e-01
-9.566224435037065654e-02
-6.720601035787149291e-01
-1.903005179123715696e-01
9.871728409133918858e-02
-2.098995606261923885e-01
2.807530690218295599e-01
-2.188292986936878348e-01
-9.795009937687745860e-02
2.934402726264531136e-01
7.189104396985522560e-02
1.747450116612426774e-01
-1.783826467212942801e-01
5.108510796788352515e-01
-3.224982539956447458e-01
1.782483033565364361e-01
-1.453530569638347425e-01
-1.878238810053172170e-01
-2.327111761994903050e-01
-2.174736017912917985e-01
-5.451252821920352654e-01
2.389303083362966929e-01
-2.758548816461888764e-01
-3.291964673340693759e-01
1.653497428284586845e-01
1.911404942416679298e-01
-1.812032618030823827e-01
-1.641118843953841833e-01
4.001538320367355184e-02
-1.926160572658416892e-01
8.347559217209871152e-02
-9.543144618371270094e-02
3.701489416565326152e-01
-1.361874053935015205e-01
-1.682627384840140461e-01
2.876490343803362812e-02
-2.507808202794469810e-01
-4.694361399741566430e-03
5.645993361374406633e-02
2.643419294435464528e-01
1.403277673531195258e-01
-1.284740046772975541e-01
-1.470666631879558317e-01
-1.699814213136819629e-01
-1.738997205587972383e-01
-5.370146419722772180e-01
-8.023981465930825341e-02
3.909639237959672831e-01
-2.017549992548679227e-01
-1.869459201690737427e-01
1.693533782941246957e-01
-2.241565985277842454e-01
-7.470696634255823143e-02
-5.229925458473614480e-02
1.130477775388325917e-01
1.376700173708715336e-01
-2.422357418185898115e-01
-1.388582158851474346e-01
3.085299809038242191e-01
-1.159256461971950453e-01
3.604276536482048932e-01
-9.320788869299080626e-03
3.400442054583802665e-01
1.183513421448977587e-01
-4.438314153510597958e-03
-2.351380034253489071e-02
1.782302973449333139e-01
3.294647327823726490e-01
-2.131732414078547216e-02
4.873718872319644790e-02
7.442896003093990576e-02
4.928579106541040589e-01
-2.713090739706887633e-01
-1.532543165698381504e-01
4.330676576649158394e-01
4.054249412686822263e-01
-3.311232549120393664e-02
-3.136920226427707126e-02
-2.186545001279947831e-01
2.320757145900241014e-01
-3.744110652673970363e-01
-4.231635668985479493e-01
3.934421877580075444e-01
3.058177670967765494e-01
7.368187293985813992e-03
-3.353350847803559381e-02
1.791621401306258132e-01
2.140594217348280870e-01
-1.709282518041378429e-01
-3.401569791425319012e-01
2.665187720386083536e-01
-1.353063685865557308e-01
2.128783484852415364e-01
-3.024095469508516001e-02
2.096070283256458167e-01
1.916943968980761373e-02
-2.243796603513331100e-01
-6.184653319628749535e-02
-2.475806087104923114e-01
-6.740556271755764328e-01
-3.672681299804324562e-01
-1.780509122603841088e-01
-2.933099751339049432e-01
-3.919212361956558865e-02
-1.336068123717938649e-02
-1.857209229427581598e-01
2.803269521833651745e-01
9.132356202671985945e-02
-9.867093262761762740e-02
-1.716567961883624649e-01
2.006639977110087347e-01
3.367439646302195499e-01
-2.629141669547359061e-01
-2.849733194367363720e-01
8.906393401551775113e-02
2.857187169749925704e-01
-2.211263593175760711e-01
1.411433160293127931e-01
-3.264199131144535082e-01
2.796123539971608341e-01
-2.157209100023659287e-01
-7.709696890790629364e-02
-1.066139372663848506e-01
2.263487325422005314e-01
-1.539349191331078337e-01
1.959596503072582457e-02
-9.122988208892236772e-02
1.951215428502892368e-01
-1.303755463990665109e-01
1.324597801636613892e-01
-2.556720002791654789e-01
-1.912345605139799676e-01
2.356630549986478973e-01
6.791245299452350337e-02
1.996052742845008665e-01
-1.708697830196452272e-01
-2.236376519977141264e-01
-1.768501732573679319e-01
-2.784310799839316286e-01
3.492001653715422205e-02
3.883040122372134473e-01
-1.013868810796578618e-01
-4.797384466701010153e-02
9.157866064884013710e-03
-1.925029151559062290e-01
1.901307325385120928e-01
1.810990356258903311e-01
4.172332519010510943e-01
6.716537614176731896e-02
6.819938290343152687e-02
-1.103007092610805290e-01
8.540399951948304813e-02
-2.241529098799344422e-01
5.203933960866994335e-01
-3.511727087179926654e-01
-2.616139524240849168e-01
5.321333489304486131e-01
8.473610162022623959e-02
6.143753707489644361e-02
1.679561091800578845e-02
2.000489954672634296e-01
2.149135564598897152e-01
-2.030352269077407013e-01
-9.508980104525481536e-02
6.415977429232262719e-02
-5.783746450593209992e-02
-1.314147086684082366e-01
-2.317608148605672380e-01
-4.875082497198966469e-01
-1.828620238322848091e-01
-5.116170455352206936e-01
-4.678807231350126661e-02
-2.632459021170541758e-01
-1.542634148846501740e-01
2.046495910214002623e-01
-1.396363574389757334e-01
5.355081569755996140e-01
-3.440440950718550717e-01
6.115400393022686343e-01
9.274313323831906430e-02
1.660070809338678455e-01
-8.776724898972887087e-03
1.111591475296149906e-01
-1.924511614170295315e-01
-6.428985338630666124e-02
-2.363078395338211735e-01
-2.343433235673123560e-01
3.607534524441188828e-01
4.878408202462116150e-01
-1.516744773153203274e-01
-7.284613578276966095e-02
1.263147189405574022e-01
-3.506578726357813258e-02
1.597856735323744948e-01
-4.407935420466599363e-02
-5.606541947777602536e-02
-8.639276003321910702e-01
-4.458707408976781972e-01
-6.313818075066632285e-02
-1.398487272239300194e-01
2.842382173289878522e-01
-2.009118456497816230e-01
2.228908968730785034e-01
9.536116369156780528e-03
-6.181118456856057181e-02
-3.792070643199308422e-01
2.749803286611526287e-01
-1.436725232800621643e-01
7.263230112243347636e-02
2.615690924504862278e-02
1.082731287850766388e-01
-1.748036001803028872e-01
1.887572931045438385e-01
-1.285588502275933076e-01
3.423423986424277699e-01
-1.642552636609707073e-01
5.244995066493904901e-01
-2.023786354974954349e-01
3.486490671263102192e-01
-2.632174109253214156e-01
3.742223164806783853e-01
-2.125249406765869764e-01
2.396143935028176297e-01
-3.664586343848192374e-01
-3.975054800208846495e-01
6.022901012013795463e-02
-1.438884082199782255e-01
-1.399946416104059232e-01
1.148849953641765814e-01
-1.311054098516075406e-01
-7.414766003828543450e-01
-6.698378092052572619e-01
-2.883860059600772408e-01
2.908928523710078706e-01
-9.629273829356818637e-02
-7.010294182902664095e-02
-5.065641903545687469e-02
-2.881995598143214932e-01
1.926963096624936811e-01
-2.101808091932345635e-01
3.103422222172786960e-01
