2.404944965256826883e+00
-2.197509661214400278e+00
-2.131791290223192803e+00
2.556026416525967182e+00
4.692666688107457240e+00
-2.576769438721161265e+00
-4.268256228410039377e+00
2.579483109862004575e+00
-4.095934379698387140e-01
1.599215926593020587e+00
-5.439060346393608664e-02
-4.195761560142664548e-01
-8.010026186207177545e-01
9.211837904936340804e-01
-7.865502644841102509e-01
-1.610895948096814356e+00
-9.168087403125285695e-01
-1.079357876632321300e+00
-1.606076630363746593e+00
-1.804268046033387751e+00
-2.909876744611350929e+00
-2.681409894187294807e+00
-1.565587620299793814e+00
-2.306990549783480837e+00
-7.447929535021500236e-01
-2.064441576005258572e+00
-5.775318730201504935e-02
-9.447044050109721924e-01
-4.340147847357027078e-01
-3.658542344769230570e-01
-1.100923835420112962e+00
-4.393277122082498987e-01
-2.156075146162888423e+00
-1.910056305720685632e+00
-1.075867700024873974e+00
-3.366883521256700096e+00
-1.669201161319835647e+00
-1.869136328111306256e+00
-2.220797487506836365e+00
-7.237477322106384836e-01
-2.079485460732644508e+00
-2.049746556253972507e+00
-1.678285019227409691e+00
-4.702894851490548866e+00
-3.712743530434893913e+00
-1.296802044040716639e+00
-3.144282179958144852e+00
-5.139776952919896225e+00
-6.298133511862847866e-01
-5.644972703257968405e+00
-4.157667010286349552e+00
-5.452674122051241135e+00
-2.788563913532526417e+00
-5.886497812443775679e+00
-4.115200638634581409e+00
-1.172201845812984589e+00
-3.415157436525235735e+00
-3.862050505114123400e+00
-8.869730974003785517e-01
-3.075393422136093236e+00
-1.053443375410508143e+00
-1.769590148185687939e+00
8.981196186324794661e-01
-4.163805838337903409e-01
5.801902207381532950e-01
-5.853912829200370593e-01
1.175800073072400309e+00
1.690507109382487716e+00
1.214699482301625943e+00
1.696428747354026045e+00
2.184634193532297708e+00
1.719714384461932033e+00
3.194444056979852231e+00
2.677331212956761686e+00
1.385977480540266038e+00
2.569105272165904452e+00
5.679099763047846805e-01
2.368499060007624557e+00
3.057200631619812481e-01
1.191631886248174732e+00
-9.450914819398101852e-01
5.662900092859891599e-01
1.434776432912247879e+00
1.337026218196563754e+00
1.810752796521223784e+00
1.003683648191778799e+00
1.868726717595165399e+00
2.284664028675381875e+00
1.935228694129578431e+00
1.575851359666075702e+00
2.178903792456936550e+00
5.380883624852592639e-01
1.883193113123448503e+00
1.582840352423273478e+00
2.489799491853048607e+00
2.104067506769722762e+00
3.689401668857644978e+00
1.632510406349703569e+00
3.654118682219765990e+00
1.879557065138861116e+00
1.084910267729172206e+00
2.019014758074006988e+00
4.272649859147719553e+00
5.343837159498180611e+00
4.570277836092071944e+00
3.193106535401016188e+00
4.145087020588788640e+00
1.608157676018884708e+00
3.545993252324219025e+00
3.465218868753628279e+00
9.455987934874172662e-01
2.290540802926700259e+00
4.818162969225690873e+00
4.789187546940619988e+00
4.023934792606433497e+00
4.150329850605482207e+00
6.932655325651420064e-01
1.272781355005257131e+00
-2.574350331563947325e+00
-4.603169362664162101e+00
-3.234901292942991891e+00
-3.473945563839147432e+00
-3.649302346382229167e+00
-5.465320729395999777e+00
-5.210127973370483723e+00
-4.151972590457904566e+00
-3.872847012330308925e+00
-3.599666348046616893e+00
-1.026757024378253780e+00
-1.507016041335280887e+00
2.270651809040876490e+00
4.364703654145237088e+00
3.089510320836675650e+00
4.340906875493535821e+00
6.222825782634630265e+00
3.937974933875445060e+00
2.541881111451612107e-01
-2.561406584992957924e-01
5.452055027206914595e-01
-4.937213427952926725e-01
-1.287834943638921370e+00
9.821271985953110573e-01
-2.941253247969133344e-01
4.585128614629009891e-01
2.200425752633510701e+00
-2.053165003539522804e+00
-1.014664469736289210e+00
1.177009363799065289e+00
2.377595032087745253e+00
-2.294593876909114094e+00
1.369699058932965618e+00
-1.588322568178780481e+00
-1.250387219035695052e+00
-7.526966322100783202e-01
5.378133441602531706e-01
5.623817565475659475e-01
-7.382356061128034774e-01
7.085228647269983249e-01
1.413379295857370543e+00
-1.189265032847635739e+00
-1.484036072298237308e+00
1.423028281362975322e+00
-2.647707809781248756e+00
2.493658118724125572e+00
2.811684305804422745e+00
1.878221270673082754e+00
-2.778682172241957460e+00
-1.820223409099480660e+00
6.873767442124667504e-02
-1.666232393327213845e-01
5.695456545744119747e-01
-3.858255536630060822e-01
-5.165601655128672087e-01
-1.998216476011324128e+00
3.554528425111966317e-01
2.029543599669604514e+00
-2.583795008477915545e+00
2.642866133952163299e+00
8.755884449978540429e-01
-1.192178036578921185e+00
9.685699180493805294e-01
-9.241291283823641622e-01
2.185454312472129068e+00
-2.067253816875288308e+00
5.458244656324092725e-01
-5.011370981276774828e-01
-5.604431353495258339e-01
5.279883106115464964e-01
-3.947604091187682518e-01
6.207113275132726260e-01
2.133196739159113342e+00
4.092309872428495643e-01
-1.540013426786066120e+00
-3.967084816541143755e-01
-1.149740499581471509e+00
1.317598995733518130e+00
1.226647257072072783e+00
-1.617840929732141220e+00
3.319425989169982660e+00
-2.901597218000336209e+00
-2.926091515293059775e+00
3.031951703668545939e+00
-5.449274790064682072e-01
5.070513972594056229e-01
-2.206833273777713877e+00
2.486476244602483732e+00
2.471302445751182741e+00
-1.773689298785871449e+00
1.323435314011724540e+00
-1.855295302384617928e+00
2.857979070997903118e-02
-2.982071643566243102e-01
2.668739925924004552e+00
-1.455404320482159841e+00
-4.180760182457617380e-01
5.300328532255685898e-01
2.276136682780557585e+00
-2.071714497385177101e+00
5.772454658060270916e-01
-1.393255461859560507e+00
1.444583050030990634e+00
-9.691029746759552976e-01
-1.512580148187556262e+00
1.884395571488281185e+00
3.996671464116878236e-01
-1.447976042563087762e-01
1.216251433440048046e+00
-1.424289677330015991e+00
-1.327166514616800352e+00
-3.991565676353875158e+00
1.248509092501409512e+00
4.206927112490873810e+00
3.096707157884615480e+00
-3.733347018394194361e+00
1.155484248028086691e+00
-1.176145044706147225e+00
1.249703309184849065e+00
-1.753746788815290003e+00
-2.082600746797719893e+00
8.429457553688368687e-01
2.130724883367606459e+00
-6.729353874349980336e-01
-8.475342751581754763e-01
8.174318849497387296e-01
5.836191182789002285e-01
-4.563402563395798084e-01
-1.136813093329063218e+00
9.652743201515597837e-01
2.469179047473085920e+00
-1.034766492612841260e+00
2.272019118741988475e+00
-2.306018092793064689e+00
-1.446966282658667946e-01
1.060219855270940620e-01
-2.896548462605129437e+00
2.332673529533301870e+00
-1.411000641516094056e+00
1.028045010016256811e+00
-1.256444622812732392e+00
1.975070167117085163e+00
-1.052236208324111244e+00
1.131860682803256912e+00
-5.692402974975883101e-01
7.373045013013522775e-01
2.490866752230675107e+00
-2.661654173030688408e+00
-3.529339290310786748e-01
8.277607642637562213e-01
-7.821330896716771619e-01
1.772895324780048854e-01
2.914349894677232378e+00
-3.232477065471512034e+00
2.084948028687241273e+00
-2.126764555455972427e+00
-2.561086200450731098e+00
2.438100256065096616e+00
3.192960185830143738e-01
-3.896221733056215442e-01
1.508325876267499144e+00
-2.746323668342266267e+00
2.815250600453410357e+00
-2.291160455351485492e+00
2.545015922890350613e+00
-1.882853423575985952e+00
1.374938550895821621e+00
-1.657707609549454064e+00
-1.767524900842979640e+00
4.195387779415820084e+00
1.078502944245745276e-01
9.856762310862084153e-02
2.080256399734045747e+00
-1.436550043646080965e+00
-1.742585812257528177e+00
1.238607644658277218e+00
-3.079594574588225608e+00
3.262037729964303967e+00
2.747921729282564840e+00
-2.725442296787758512e+00
1.884222136666266811e+00
-1.848075400044582040e+00
-8.955711285209176920e-01
1.039846043111190887e+00
2.726290836541762630e-01
-2.185240682675247958e-01
-5.139981361429422080e-01
5.383569593122541352e-01
2.935291400381633498e+00
-3.090004286492411545e+00
9.436671289540201624e-01
-1.655326287042891975e+00
-1.031343814579502638e+00
6.733924432517142122e-01
1.596174077492097165e+00
-1.013168410736076996e+00
1.557364969049995218e-01
1.320025157500633907e-02
2.601364456362759814e+00
-2.367345140478202659e+00
2.607620782906625134e+00
-4.756701406953321332e+00
5.795920836766270401e-02
-2.042978062478341683e-01
5.945264267991602347e-01
-8.807229560276529368e-01
-1.620715242960873770e+00
1.884016631712992051e+00
1.696743017556276101e+00
-2.428209835124926830e+00
2.042260244561121318e+00
-2.255374324133715191e+00
-2.058511150877912588e+00
2.085741176420700338e+00
1.070402906702602852e+00
-9.637377726827156543e-01
-4.298329443726191246e-03
-2.692798790779258808e-02
2.628322244725594725e+00
-2.811873378286056546e+00
-5.627169320481831827e-01
-4.792352736658487405e-02
2.318878681279197829e-01
8.508059336416771978e-02
-2.534356670881911189e+00
1.416528227598471190e+00
1.456900835595078103e+00
-3.216043507555425673e+00
-3.759582183102042063e-01
3.942011476974462969e-01
2.360846355609581781e+00
-2.339835543944997376e+00
-4.596975190576394477e-01
-6.803996956307749588e-01
6.918808249371935504e-02
3.135639404487035597e-01
9.571247552186152863e-01
-9.223014883284255117e-01
-2.438105535975422899e+00
-1.395911532922408660e-02
2.569812911635577013e+00
-3.224148083645660412e-01
-1.733825826199441256e+00
1.789616941294315478e+00
1.868634549699950798e+00
-1.734367497577283146e+00
1.605698513333305044e+00
9.834277842689961302e-01
-9.466319401358220809e-01
9.731022344003974478e-01
-8.841547987023470334e-01
2.753271995299586550e+00
-2.122578243283228971e+00
1.430744058901398663e+00
-1.389712406917669840e+00
-1.419331247253712291e+00
-5.558509333037160438e-01
1.109754755895825840e+00
7.156634433631696712e-01
-2.166513186096084898e+00
2.152660561098002301e+00
-1.952330463932910043e-01
2.560836077030040348e-01
-8.393051133039823863e-01
5.437411001182733683e-01
-4.126684028363134527e-01
6.216102377001155865e-01
-5.762088177476785145e-01
-7.606409324827352325e-01
5.635960050322608161e-01
8.178241196149137471e-01
-7.463378254869055262e-01
-3.319026932479077763e-01
5.292602351591376708e-01
-2.943432997865983447e-01
1.093786309685073954e+00
2.749067942337082293e-01
-8.814884607283149931e-01
8.712636724908676689e-01
5.775552988236132973e-02
-1.032482830286022946e+00
8.914793604413914774e-02
5.575398755254408201e-01
-5.902424561224042243e-01
1.045523668890554925e+00
-1.171906810526730069e+00
1.723156162267156954e+00
-1.641223381410050530e+00
1.546115556921906720e+00
-1.749766074750246814e+00
1.737100123736274204e+00
-2.379090610087309265e+00
-7.167625332478534395e-01
9.110981328683609437e-01
-5.299890823250114069e-01
4.652380629925437217e-01
6.355716906445727510e-01
5.381037060476054901e-01
-6.624581722535813899e-01
-5.818621731937012598e-01
1.656291074921005357e+00
-1.756563937516644414e+00
6.246239484677664766e-01
-2.923212961692973066e-01
-5.737151625808876165e-01
8.303441573947520915e-01
2.370298767886477087e+00
-2.256247923509956621e+00
1.734994005550805962e+00
-1.686827638388621153e+00
-1.156323062499058363e+00
9.135898780188101975e-01
2.210034804667109221e+00
-2.117020638934322019e+00
-3.090667131527455314e-01
4.969188782145785854e-01
-1.217032492907107688e+00
8.449848897931208080e-01
-2.129934767474301882e+00
2.137356812258400129e+00
1.198091270782418727e+00
-2.053701483906531067e+00
3.093825028993624215e-01
-9.126894821240097433e-02
-1.731364457329932494e+00
1.853576459000836563e+00
2.604978726140560141e+00
-2.572876513871183324e+00
-1.849763620442234302e+00
1.547558600594947764e+00
3.691605200469755821e-01
-3.825687470184913619e-01
-1.263229941497010733e+00
-3.556865779148894458e-01
3.490750721848171478e-01
7.330176909732833979e-01
1.955597983316121669e+00
-2.879199551417130909e+00
-4.712299417471221274e-01
3.621053181364993767e-01
-4.488033778750681324e-01
9.412274225355594659e-01
-4.474907836900011704e-01
6.242295330245194451e-01
4.453207818824611031e-01
-4.093656529493529539e-01
-4.447649106430331400e-01
4.044739080255999042e-01
-1.525297225034941695e-01
-4.352727049629537825e-01
3.359346162292310423e-01
1.595830208189639832e+00
-1.786950489362577610e+00
4.192400321390937767e-01
-3.744724773297090636e-01
-8.344903043848956870e-01
1.092432313633347141e+00
2.084405923589097043e+00
-1.851257028013753692e+00
2.771040765587634347e+00
-1.710579201429487828e+00
2.311594607277561719e-02
3.811293734107616595e-03
2.926964910213055160e-01
-3.720742541945412096e-01
-1.580578074401235988e-01
4.890456558109537721e-01
-1.775718626597884597e+00
1.361822264814946726e+00
-6.334143701624552758e-01
5.717822698483561172e-01
2.877528945686599893e-01
3.047305778211472638e-01
5.042245826155269395e-01
-3.700890529356014036e-01
9.565778758256366920e-01
-9.638770806693119919e-01
4.574258258229662588e-01
-2.908028394158081453e-01
2.582369963546413683e-01
-2.678679197574526105e-01
9.993404976712325638e-01
-5.779544382821497628e-01
-6.357476748386173826e-01
6.238793849761918864e-01
-4.929952774696629847e-01
4.211149687036099265e-01
-2.692541531935899624e+00
2.222133678872455942e+00
-3.581798646051925772e-01
-3.535839722167178345e-01
2.100575568746196982e-04
-6.640751528982340168e-02
9.703345537932592940e-03
-2.045591399400855867e-02
-7.641802197400520032e-03
5.396330227021746140e-01
-7.860340220877521933e-01
8.732448891926809509e-01
2.036288770860401331e-01
-1.679307983721891606e-01
8.247978507334992049e-01
2.323288890035131449e-01
-8.532562068698850144e-01
-3.604743112033146901e-01
-2.648138140568406240e-01
-1.356266523147099168e+00
1.596386721015881971e+00
8.550524042539054959e-01
2.505606076772859958e-01
-4.851220496025529516e-01
6.813658624412672893e-01
-8.136306855989600129e-01
9.141037696193171636e-01
-8.958692412906874569e-01
-5.464974255827765443e-02
-8.488874281764606511e-02
6.142173152896902161e-02
8.364276607476019143e-02
-1.233224239223509322e+00
1.038055601051869115e+00
6.730650250615064500e-01
-5.479214692687608412e-01
-3.297541075772537633e-01
3.457677826711691438e-01
1.952457408863083943e+00
-1.840249103356861093e+00
6.164452844928089981e-01
1.682611904419178295e+00
-2.624596107054247174e+00
-7.117977496926853886e-01
6.766840150395975195e-01
1.787298061988971787e+00
-1.551180440867905741e+00
2.782012218029660922e+00
-1.507851866828157750e+00
1.760596676815825656e+00
-1.573976795301083920e+00
-1.251923406135113881e+00
1.787201036735875492e+00
-1.447653532249941977e+00
-1.634444361412912272e-01
2.933643584439835084e-01
3.697259086705020903e-01
-9.632232757286216529e-01
-8.660138887804919028e-02
9.655953383127051648e-01
-1.640282005347342142e+00
1.601579899884141955e+00
-5.932796145242430486e-01
1.655364149743137059e-01
-1.346704692347320820e-01
-3.248260796263468132e-04
5.472288655703274468e-02
1.718834115782933214e+00
-6.586447776493558059e-01
1.535823171564690837e+00
-1.455868506507065341e+00
-6.214989207452654707e-01
6.924215160350841725e-01
8.684964404067279098e-01
-4.686660242192212111e-01
1.397838303902121604e+00
-1.349545552435790441e+00
-1.760607798451189199e-01
1.926277957114060357e-01
1.273099907520629515e+00
-1.019560061398047779e+00
6.645299549611087542e-02
1.633357107913513406e-01
-9.103778825334748470e-01
-9.374388633934765958e-02
2.037077048828853931e-01
1.031219577395483311e+00
-1.452251478902612636e+00
-1.232517099941420113e+00
8.362622543311937218e-01
-6.324914926276700711e-02
-3.221499179697506765e-01
1.355351626669534515e-01
3.603492524375496164e-01
-4.367094125782937653e-01
2.505598907963381139e-01
-3.027596992699602696e-01
2.945461486469924672e-01
9.777767875398681863e-01
-9.839067186195190606e-01
-1.139959692615796216e-01
-1.663684732664269805e-01
5.047841997850335272e-01
-5.293328465968248908e-01
5.029629554911074774e-01
-4.906103800800782344e-01
1.664269138082801192e+00
-1.707169253830145061e+00
-1.918808803832704912e+00
1.980330812172104826e+00
1.218363634213925684e+00
-1.145700670472358684e+00
-4.680189928431763291e-02
8.538703753549115039e-02
-5.076006170584320687e-01
4.742664269691075352e-01
9.041012764301338267e-01
-6.192628366990596822e-01
-7.750420068947201369e-01
4.787804493158062114e-01
8.747687865556224018e-01
-3.320606516179464673e+00
3.691501792923631342e+00
-2.057389278597609117e+00
1.560720992954038655e+00
1.788461306965828113e-01
-1.668962593378726378e-01
6.477874200829776274e-01
-5.767566323743527068e-01
8.872647710358583240e-01
-1.158421337696687869e+00
3.590165401826706654e-02
-5.033479666641948319e-02
-3.614540408964389551e-01
5.093142616561291414e-01
7.534943604663949523e-01
-7.327240210755299188e-01
5.742979493279385395e-01
-5.977519139974412088e-01
4.845879184998868605e-01
2.067905876759205674e-01
-4.057897334392697175e-01
2.308263040463618132e-01
8.890416413463287926e-01
-8.608255755162330658e-01
1.692504920002522173e+00
-1.007897039255690075e+00
2.201315086966075529e-01
-2.235255230153781747e-01
7.043821366544729123e-01
-8.100827751999523096e-01
-4.673107037655965801e-01
5.628346582389411878e-01
-1.575074165718186148e+00
1.867171800642040580e+00
1.593141552650271520e-01
-2.357324976405591188e-01
2.393278547497849074e-01
-4.801973602559651555e-01
1.382772351331967409e+00
1.104066165166622593e+00
-1.223412330098014644e+00
1.799908258491977886e+00
-1.868668286430312353e+00
-3.342548477388444184e+00
2.232279438328615750e+00
6.532549326192423900e-01
-4.699351368293157583e-01
1.413822884206312303e+00
-1.286633918973469237e+00
1.518758802006051623e+00
-1.102521827700036372e+00
-5.672891127877490725e-01
-5.474564925312086494e-01
6.735822807932071443e-01
6.475553139713196016e-01
1.903010853232248167e-01
1.558906984858086237e-02
1.570421655738278854e+00
-1.293248068611293711e+00
-1.697595954407832952e+00
2.732440754806611416e+00
9.373902248677156157e-01
-8.115818045199226782e-01
-1.388665825973115497e+00
-1.441705755490595708e-01
-1.163042940216092169e-01
1.638243646802066966e-01
-4.395329887967187599e-01
4.304164501431884671e-01
5.703187096176487447e-01
-5.292214036275760813e-01
6.609034639472184669e-02
3.729333222325317831e-02
-4.783349868037564678e-02
2.397143989682111176e-01
-2.240619237584519363e-01
1.617993515917188763e-01
9.132793683414048846e-01
-6.532046267536608664e-01
1.749128866372398949e+00
-1.164337741781996449e+00
-1.616007711993697749e-01
4.262048837298934023e-01
-1.546239991862798924e-01
1.282362729479461505e-01
4.881246824918415994e-01
-5.401084020506043970e-01
9.831876824365203271e-01
-1.171236337112280257e+00
1.821076519552624062e-01
-3.106005709011439575e-01
1.062834046494750773e+00
-6.539206453802831609e-01
2.486399910382717238e-01
-2.973574706211883911e-01
5.438514813125202574e-01
-7.111529792790988180e-01
-2.245722546677748899e-01
9.529941393596975674e-01
-3.416541783900817197e-01
1.364023032226774346e+00
4.356707978425086725e-01
-1.331349427058445167e+00
2.738654839082140802e-01
2.081463966577633828e-01
-1.519128586460378461e-01
4.989436524943334228e-01
-4.524403259374855657e-01
4.568301891447750229e-01
-2.757890254638952210e-01
1.728457612354319661e-01
-6.641073466558653493e-01
-6.294864579300100960e-02
2.493637211564785905e-01
1.247953484891480419e-01
-1.623995737673354367e-01
1.641140511985787198e-01
-3.650224489892323620e-01
-3.036055595983274680e-01
3.019704707337268479e-01
1.034749073317099644e+00
-1.037048825180425737e+00
-3.619379321232747970e-01
-1.562062359766249742e-01
1.640940715964125829e+00
-1.437212079157777600e+00
-1.804106445907389944e-01
-1.264611753593401222e-01
2.318897090733180455e-01
1.495391880571827481e-01
-4.187881805230644905e-02
8.434873621124248932e-02
6.051592785269721553e-01
-3.954625787811884563e-01
2.513016594963873640e+00
-2.521475450581592614e+00
-1.412265135332128052e+00
1.471166602410160840e+00
-2.551178618221118022e+00
2.093797054099541199e+00
2.130201949465356792e-01
-1.294296484485931709e-01
6.209624906424593416e-01
-3.126608129448356643e-01
-8.676637271326620438e-01
1.487374876067305562e-01
4.687874802756105685e-01
8.773951343376653611e-01
-1.436379436207407601e+00
-5.317853082586961877e-01
4.302581447153819849e-01
-3.893838142814260994e-01
-5.870730843879964356e-01
5.218261796357670512e-01
-6.590677871191358284e-01
6.669111745645968092e-01
3.069954756256131345e-01
-1.086107658677287202e-01
-1.816797413426081587e+00
1.454500205165201177e+00
1.244146109878494812e-02
8.026190417272655031e-01
3.668721542650660999e-02
-4.449323623095709501e-01
-3.222468644652771719e+00
3.009953482345089970e+00
2.201466873368492561e+00
-1.415225361181660979e+00
2.115371438999405773e-01
-4.098959211499343946e-01
-6.020981721328655389e-01
6.491662611847697217e-01
-7.181103996650328725e-01
3.815586269968370692e-01
-3.668744560604763616e-01
1.686904495032475471e-01
-8.169290014648304954e-01
1.269858603857684010e+00
1.242918817896534467e+00
-1.198287407241680258e+00
1.802127637328522658e+00
-1.891969792309515785e+00
-8.969960320494734241e-01
2.283536309360240324e+00
-6.538343151142685938e-01
1.450250050295419646e+00
1.329232861194827420e+00
-1.364070020224515734e+00
3.026351256662938582e-01
-4.133408898965705291e-01
-5.972497256591133286e-02
4.456012466374755232e-01
-3.355683620680665502e+00
3.179841622962491954e+00
-1.425518044048641568e-02
9.517734182591165715e-02
9.423363259582080431e-01
-1.087733147929666799e+00
3.133539287804630868e-01
2.808643275570436026e-01
-8.134968233131499582e-02
1.141923865475017452e+00
-7.693093323508920500e-01
-3.755061206507503968e-02
-4.956450104855129879e-02
-3.714397563091673682e-01
-2.997326161602610339e-01
7.113956088755744034e-01
4.438157948517993390e-01
1.714181863600797717e+00
-1.281630999255037651e+00
4.090410608044791618e-01
-1.894046008001719905e-01
-8.138653226566433529e-01
7.890703222155386332e-01
-2.254493802698882110e+00
2.465135700743388725e+00
1.104679991067111899e+00
-9.085765284781485152e-01
5.478625933174887663e-01
-4.079486375127349129e-01
1.085689857955103754e+00
-1.156366882659183304e+00
1.591073438220366620e+00
-1.590596041507594816e+00
2.516783077303530458e-01
6.907203800635411950e-01
-6.945979489167796173e-01
5.950735914051927949e-02
4.364628020649518048e-01
-6.033191926916472991e-02
-3.878186581773637176e-01
-8.844731044749496451e-01
1.182336995694769577e+00
-2.475703168476749497e-02
1.267819599642707518e+00
1.094651996510706826e-01
-4.240085165430984571e-01
2.377066905937602892e-01
3.554256587027589814e-02
-3.635042022876746465e-02
3.920320305027052421e-01
-5.512973199681600045e-01
-3.144236815477702632e-03
2.123418271318262829e-02
5.820030495739220155e-01
-1.088209156256199212e-01
1.654979558293558251e+00
-1.526015868884193605e+00
-1.197803206379813440e-01
3.180116222354941735e-01
1.061058904298746386e+00
-1.704734515050738697e-01
7.417150270039958235e-03
2.113225027809985043e-02
-8.769658765975449910e-01
7.767741038573557910e-01
4.281618714607297038e-01
-2.938686649052668076e-01
-2.505465657825862169e-01
2.104569759630338377e-01
1.056867410132661389e+00
-1.077682819101105416e+00
-5.133660697306662302e-01
5.508508360303487894e-01
9.938170059225922559e-01
1.354161697705959233e-01
-1.652877957390896102e-01
-9.002939597892233303e-01
1.134035208397340844e+00
1.935674915422561870e+00
-1.723256565234965842e+00
-9.840809649119988123e-01
5.743115039508270292e-02
-3.443329424339202638e-01
2.709210361410945844e-01
3.144587084241366459e-01
-3.754322382134638869e-01
8.104883762999913754e-01
1.962195688934512683e-01
-1.586003855636343163e-01
-2.700295052272218554e-01
9.216904329273650776e-02
3.366996293517480754e-01
-3.270250905588162338e-01
2.705598149441558187e-01
-1.252205311497489038e-01
5.890452256564356892e-01
-7.279366690485475910e-01
-1.928042306882151932e-02
2.063122842686892222e-01
1.323230042390738825e+00
-1.626331245894195865e+00
-1.456318408844836931e-01
6.406282078449139217e-01
1.109786071996930579e+00
-1.265001824172143019e+00
5.055815487228118021e-01
-4.675607934331632021e-01
-1.038045198945506842e+00
-1.650554776736368745e-01
5.985025127431506942e-01
1.256858384688632757e-01
-1.909785119591572711e-01
3.793930794722723543e-01
-2.828113373292691080e-01
-6.923799811396795789e-01
1.506688576342512242e-01
-6.585990475312801795e-01
7.080688951111363538e-01
-4.905947316359005050e-02
1.953968461491628339e-01
2.177846192798405314e-02
7.961275111669788296e-02
-5.052990528644712986e-01
-5.603666099320095961e-01
2.075204316769384327e+00
-1.897795314287606505e+00
-5.389175565762434061e-01
5.713134685703233906e-01
-1.177900738124371821e-01
7.596666161948048036e-03
2.023365140637265469e-01
9.184348662593490031e-01
-7.571670151122839032e-02
1.164920170177145275e-01
-1.707810610629366677e+00
2.362839890149539546e+00
-3.193081453581297913e-01
-4.575983943944406107e-01
1.136292636685426238e+00
-1.139140406942273254e+00
