3.132308598166561708e+00
-9.985343431516016111e+00
4.187249699108118728e-01
-3.775265270697633291e+00
-1.128941896728925087e+01
-1.458420963047450725e+00
-3.166930387013785264e+00
2.301637235684930971e+01
-6.598878089940818370e-01
6.295174948748135657e-01
-6.376145194625999491e-01
-2.874612342560331157e+00
-4.401674855742257364e+00
-2.653745321456588702e+00
-6.150449233438572527e+00
-8.530389239885010966e+00
-4.390203979482299346e+00
-1.550857915607961823e+00
-8.611612367341422214e+00
-1.010354328870412211e+01
-1.083727490589207676e+01
1.002142114013488339e+01
3.317782148342992343e+00
2.431497796154609592e+00
5.752411923948046457e-01
1.097078943273366969e+00
-4.449926543357156095e-01
-2.077144697184586164e+00
-3.251486262462569776e+00
-3.980761889186165803e+00
-6.707764140963490718e+00
-3.109878523648909709e+00
-9.513117437109803731e+00
-3.475577993218232020e+00
-2.784305001375516841e+00
-1.762784264728207928e+00
-4.480847038171056340e+00
-4.039308160513725099e+00
-6.497421338390494405e+00
-1.495882339158728769e+01
-2.286847194037838094e+01
-1.387730335025106676e+01
-1.215161330334536771e+01
-1.170362879925568578e+01
-1.142686252731007457e+01
-7.644424089568767400e+00
-1.138438160158027301e+01
-9.191811804492273197e+00
-1.280012522388796725e+01
-9.279879605138249943e+00
-7.465131309043536056e+00
-2.256976367458090138e+01
-1.708317779501531675e+01
-5.785629673323751554e+00
-1.257407176550525385e+01
-8.112412803967679054e+00
-6.443252037460610815e+00
-9.678057252565706037e+00
-6.588772835622660473e+00
-8.649968704970401490e+00
-1.155872444698680290e+01
-5.578937663317456774e+00
-6.405482063918801927e+00
-1.334301361566648580e+00
-4.458908083688425172e+00
-1.983757917792443592e+00
3.897445900388307183e-01
3.022705529680902448e+00
2.214386814448630059e+00
4.678003904743316177e+00
6.445259847653715291e+00
6.410755875695437922e+00
-3.105983973402769993e-01
9.548775459920959108e+00
1.298550692806345985e+01
3.453166205003472822e+00
7.874719352575461961e+00
9.212331483239029950e+00
7.559066816537288069e+00
7.812664291442366959e+00
8.215151550973248007e+00
1.288849114681480224e+01
8.935553809217084975e+00
8.530531406826412422e+00
8.339440800310240931e+00
1.135406845012317056e+01
1.123963763274641892e+01
9.335377135397974868e+00
8.259178373324973066e+00
8.930976760150414862e+00
8.488208591976171391e+00
6.900518713956280692e+00
1.337984062621466030e+01
9.498753646369703318e+00
1.649965183315151407e+01
2.103194543373436431e+01
1.700469985046721533e+01
2.352896427442825456e+01
1.065555801679443348e+01
8.603416758156548383e+00
1.221873373718183942e+01
1.251440101014908635e+01
4.732356214210203582e+00
6.219720023823080091e+00
1.051373980479649006e+01
8.907271075022014983e+00
9.308050908897664399e+00
4.331093600988761061e+00
7.985970718282339398e+00
3.311569012534282042e+00
5.004496836786533009e+00
1.964358667054717233e-01
3.564190850005453992e+00
-3.800475005153579833e+00
7.152400595930637373e+00
3.624302778810336800e+00
-7.730441117839254694e+00
-1.147941434057907939e+00
-4.533101104716215524e+00
4.146075647131455710e+00
7.992709958956362826e+00
-2.287047892689550110e+00
-6.979664534920784646e+00
6.417557534719860790e+00
7.490239229024346912e+00
2.553027556932135234e+00
-2.525107008877537140e+00
-4.227030114837128316e+00
-7.184352959722296816e+00
-9.859999622126805363e+00
3.346792128514856079e-01
5.401729147827167843e+00
7.084944238446286846e+00
-4.656063001109407296e+00
-6.440098526980484905e+00
-1.329570964444023229e+00
2.876650008003730719e+00
1.436761922598386398e+01
4.305402683627843174e+00
1.766591130161087264e+01
3.676489292463837710e+00
3.123483573707116268e+00
-6.520293867787185782e-02
-1.791716714413817968e+01
-1.037526314601001509e+01
-1.307669343000145012e+01
3.829063839667274483e+00
1.407613547384996977e+01
-2.352722529716198885e+00
-1.389379429863155124e+01
-6.002818770380196511e+00
-1.308752593947385456e+01
-3.762207460656320279e+00
8.855867336850664628e-01
-4.969039104840509147e+00
1.063538408693649373e+01
-6.233776311696439087e+00
-8.966900348367760287e+00
-4.683931906721531035e+00
2.669692168147349332e+00
2.670798724973138860e+00
9.495163360902369121e+00
-4.857835446309740068e-01
-6.274690316440088900e+00
1.222727197940345789e+00
-4.666193554145126043e+00
9.382433295886047020e+00
-2.740927939628746923e+00
-8.271150023447022548e+00
8.696043936891427961e+00
1.004958651582997753e+01
-5.203089067181267069e+00
1.577077757152211213e+01
5.464244333825123423e-01
9.378073180818756072e+00
-2.250925397732075339e+00
-1.251781492127142181e+00
-1.065977418802738974e+01
-1.218233890640296746e+00
1.084247028463424201e+01
5.904971764236575105e+00
8.091177669379842285e+00
3.504841666590223781e+00
-9.145979644938512010e+00
2.519176926312370224e+00
-9.067849739724737068e-01
7.883173310074742091e+00
7.311613644596899775e+00
1.043071229919348752e+00
3.319408391253301449e+00
-5.329490321759159599e+00
4.882015763627203242e+00
-5.645309032420334105e+00
-1.461313638786048053e+01
5.907971598251337220e+00
7.884035954489253761e+00
-2.603579396570614879e+00
-2.254431472785813462e+00
-2.557895518770546328e+00
-7.334278960248879820e+00
-1.185919898552931429e+01
-7.086951524327544050e+00
-2.805291419565865141e+00
-1.293875822431589739e+01
3.328266571669046936e+00
1.085831246347939150e+01
-3.058442857420797356e+00
-7.187298186620428853e-01
-5.630439822498316538e+00
1.000483527524346172e+01
1.502168827876865898e+00
1.052737917193298500e+01
9.832199038563144811e+00
-9.963732645593321280e+00
-3.674467107706456570e+00
-9.199637795085168435e+00
3.485408917984593291e+00
1.923829884642720955e+01
1.010710347964795552e+01
-9.499459988670409416e+00
5.036328067895903260e+00
-5.420515856380853315e+00
6.434660560269487739e+00
-4.795911842754721377e+00
8.588124567983483004e+00
-4.436819437409551981e+00
-6.531658968384323138e+00
-2.934178076001766389e+00
5.153626004214539869e-03
-9.897285996708108158e+00
-1.507295576206831855e+00
-1.115870255860769689e+01
2.706044121765680543e+00
1.012358725475549059e+00
7.922363198707591536e+00
-3.467083502160360764e-01
-4.832808457074571962e+00
1.624479553507921992e+01
-1.361417102500326104e+00
4.162094352684071019e+00
-7.502510577817619319e-01
-9.924112506413799162e-01
-2.642519335192913488e+00
9.948526684154636257e+00
-9.403107411659009651e-01
-6.868507674914966721e+00
-4.450694716861061551e+00
7.637725322989373566e+00
-2.776353081889639363e+00
3.399673514039320388e+00
2.243522432428604607e-01
-2.394127763255433639e+00
3.384461929222879917e+00
-5.843402556223748157e+00
-1.532760005939735715e+00
1.374887439403852696e+01
1.210713141463200948e+01
-6.326742984793164437e-01
-1.445294370752597501e+01
-6.422918749708641073e+00
1.602244565329370829e+01
-4.149529576051606661e+00
5.379161864185323161e+00
-1.654938025714424654e+01
-8.377158876217778882e+00
2.273658433580866145e+01
2.250437103866091970e+00
-5.886588479777120853e+00
8.189304404638939161e+00
1.175998639019425163e+01
-4.029837829210034528e+00
1.458446378958936585e+01
1.090841919537695937e+01
-3.341041910974848150e+00
1.139476210094025355e+01
8.844222542549444732e-01
-9.913656997709868079e+00
3.412052318084723979e+00
3.204108685248701960e+00
-3.933435571798144181e+00
-9.417629538453200055e+00
1.791813537016400559e+00
3.644550963045368741e-01
1.259300207289226980e+00
4.283937191117657584e+00
-9.957802147607212051e-01
4.494082142213551734e+00
6.284772768992636038e+00
-5.709722400219002125e+00
-6.118440205754170913e-01
-2.462333856687696887e+00
3.050279766923019054e+00
9.011863813389975775e+00
-1.040981513463101749e+01
-3.102673992230507771e+00
-1.753509960504505472e+01
-1.313038674156134888e+01
-7.237073655323791321e+00
-3.128764429841056849e+00
5.827514591692219970e-01
-7.060712036933503022e+00
-2.111557185819189719e+00
-6.490364819196746460e+00
5.005244949977843305e+00
-3.968478362133855075e+00
-1.036902329803572664e+00
4.931878734056793334e+00
-1.173230737991463712e+00
2.433427445426668001e+00
4.441226043702394932e+00
-3.907002455665567364e+00
-4.912900992055189708e-01
-4.771670523533340535e+00
1.934207534245954152e+00
4.728127584008082529e+00
-1.877576502383512036e+00
-4.078167690115610533e+00
5.043915612667837500e+00
-7.585415025800328337e-01
-1.398717503542973750e+00
5.613529669093531460e+00
2.034821700587774451e+00
-2.287458889923248861e+00
4.963515537147362711e-01
6.978278702360773966e-01
-2.674780382473894491e+00
-3.152768922117902939e+00
4.761833858349393545e+00
-2.145982789973441829e+00
4.764225167591257026e+00
-2.175365429133851780e+00
-3.662845512661843106e+00
3.549537668981841421e+00
8.896463271564850617e-01
4.179644515410708472e+00
-6.188666466984751313e-01
4.730251730652345721e+00
-4.080378602566696600e+00
9.509461197554704981e-01
-1.629297719854582160e+00
8.602569845377050495e-01
6.561016165204324402e+00
-3.717500486278106475e+00
8.159473369683541977e-01
-4.536752353596915199e+00
-2.608843031216695252e+00
-7.123056223317693059e-01
3.900336761641070460e+00
-6.345292712508533661e+00
4.796762192776780509e+00
-2.253498493176601336e+00
-1.440132246512577874e+00
2.142212619045836153e+00
1.117912351300109214e-01
-2.360506860787613181e+00
-1.419394312023168903e+00
-1.219695537120327966e+00
-1.552237762406771138e+00
6.339117593034873099e-01
4.299842861861958632e+00
-2.342877572368978534e+00
-1.295544915953621146e-02
9.222373286007274906e-01
7.926497650900020453e+00
-1.339294373542584626e+00
1.018954270962969810e-01
-5.314530815210376069e+00
4.988871994241075747e+00
-2.319764084768478618e+00
1.747880557713861416e+00
2.336105135509443542e+00
-1.733018213101906957e+00
3.170551120512414389e+00
-1.655654460953632223e-01
-4.224199246608871583e+00
2.768837027530704820e+00
5.526816667253279247e-01
1.221189483301479584e+00
1.784483731914468185e+00
7.172731346334333402e-01
-1.414241241279260430e+00
7.875232392533845216e-01
-1.787843726883033557e-01
3.868183235826265221e-01
1.686587157209455290e+00
2.259234178311184671e+00
-9.940801370071985499e-01
2.735097096950048989e+00
-3.840480588990120570e+00
2.007450660090224659e+00
-7.319143508691376976e-01
-2.662299600360313434e+00
1.436122197810722367e+00
-4.872595896387807990e+00
1.720747027804726326e+00
1.501267277199741068e+00
-9.411119918672875562e-01
2.166658084924157901e+00
2.377672662771711298e+00
4.413766121506801809e+00
-1.353075146492341174e+00
1.148079455019390904e+00
-2.459138002793050060e+00
2.797704634694897052e+00
-3.699946503127066744e-01
-5.508426798851197015e-01
-7.888884511427460833e-01
-5.979169555834096261e-01
-1.384790486253829611e+00
4.621475922471529607e+00
3.189358508461814790e+00
-1.921615282599331120e+00
8.967056822697331286e-01
1.233289411348729603e+00
-2.324215048556815821e-01
-2.045650120099844482e+00
8.107014585074893143e-01
8.919845546861288055e-01
-5.049073699293221473e+00
9.364066172799535792e+00
-3.029050893590913063e+00
5.126174373082034164e-01
-3.217416081172791431e-01
5.270821628658786118e-01
-3.247969844981900001e-01
1.074459360362817417e+00
-2.652514897545391825e+00
1.603077459068217081e+00
-3.634076136638220711e-01
-1.043999966615638542e+00
-2.869605071727908907e+00
2.241537109201833466e+00
-1.796089423317711375e+00
-4.744827237867197844e+00
3.005229368602583051e+00
2.697300308718407980e+00
3.866393263235326505e-01
-1.547414975188593500e-01
-2.089259171737152254e+00
-2.325285913749100430e+00
2.035322336148524869e+00
-2.259289842299737838e+00
3.300156804635087759e+00
-3.298207098689428740e+00
3.013991502866211647e+00
-4.927665852501176280e-01
-2.133218636529831347e+00
1.652731967165029570e+00
-2.041256962198572555e+00
1.343342858000180273e+00
-1.722962769199337663e+00
8.793979935943756487e-01
-1.296420684948618174e-01
1.395260775097683981e+00
-1.733108973371545236e+00
-1.086762132936601177e-01
-1.960106834631184958e+00
2.695574919815311721e-01
-1.363957613719586126e+00
1.561181382236844550e+00
2.088701889878842533e+00
-2.179520681424014228e+00
-2.741755674727334724e-01
5.365765297343089157e-03
-6.724517534458700485e-01
-1.716256748302575463e+00
3.028158647462759756e+00
-1.649541173505714609e+00
3.945124772844216809e-01
3.931623377301570521e+00
-2.699464055581583199e+00
6.525735060019208778e-01
-1.526606853884558301e+00
3.491772537517895403e-01
2.258588097390750615e+00
-2.130987960067571407e+00
-6.652190702231830510e-01
-1.789973001742293901e+00
-4.665172533384843057e+00
2.828018889353548282e+00
-4.314234932556951563e+00
9.642719849742817928e-01
4.872467520343481961e-01
1.695974093430163476e+00
-8.503148713204407017e-01
-1.183250526973684602e+00
-1.213138126855486831e+00
1.858187299472778831e+00
5.296370925788641770e+00
-5.071518634278842086e+00
9.966912730134799281e-01
4.656035800356273513e-01
2.819559595969561294e-01
-2.096174704778446696e+00
1.214628298698405162e+00
-6.810236230101037735e-01
3.902985312963583198e+00
-5.390954909403307127e+00
-7.732512462446639034e+00
-2.310618725432592863e-02
3.144183459924368318e+00
-2.151090664707575151e+00
5.251579173229381503e-01
3.851771271970488630e+00
-2.909390785280508429e-01
1.617069946075678111e+00
-6.986492145131042442e-01
-2.079423300830381682e-01
3.363311034537746380e+00
-2.789344942676907912e+00
-1.546257293649805353e+00
-1.144935816932953321e+00
7.013582284849662063e-01
-2.622146569511776826e-01
9.899682698605478670e-01
-5.481975519189881574e+00
1.608349286726538541e+00
4.864698307000675515e-01
4.821187621728735273e-01
-4.367506724791895500e+00
7.940552174803827690e-01
1.864245493127265174e+00
-4.888683413944439060e+00
2.289167415246585069e+00
-3.909326253984709010e-01
3.372249460799431997e+00
1.651071436216400290e-02
-1.257090503101422119e+00
5.473298021430213212e-02
2.163090508049319016e+00
-4.360374885032242354e+00
2.040900016726625299e-01
-8.160899125362599538e-01
1.035564329985570131e+00
-2.279773322537626434e+00
1.518520186734495514e+00
-4.322952522240854023e+00
3.661765965646710974e+00
2.724849931308101159e+00
-3.000050408462151541e+00
1.946159596320517382e+00
-2.089789039099783974e+00
5.837003883858438158e+00
-1.826696606319867300e+00
3.342757451832994775e+00
-4.060082788886962391e+00
-1.885983131240959843e+00
1.190126704786196088e+00
2.726072141596112552e-01
-2.304981940263929996e+00
-1.111589291789348399e+00
2.058615804860063625e-01
-1.669185002268255058e+00
2.277159018676411684e+00
3.878334587440962711e+00
-3.263190402498739928e+00
-9.342384137309057701e-01
3.539255769181978012e-02
-1.907251927423265325e+00
2.690459926864918749e+00
-6.814162153984991477e+00
5.569130981468073394e+00
-1.769658944158342129e-03
-1.519254572846595819e+00
4.633004915546149682e+00
-4.538590990968804917e+00
1.608026092213016955e+00
2.363393995098717060e-02
-1.267550576819592267e+00
-7.673325173970443336e-01
-1.353627507290483534e+00
1.379882907630730404e+00
-1.426579552225738068e+00
2.650283358587735449e+00
7.696758983105709273e-01
-2.467703746572135481e-01
2.921852023356359962e-01
7.495112806662779237e-01
1.555094962411972981e+00
3.773781044240538396e-01
7.079501149921131331e-01
-3.288868914223200823e-01
-5.028281408188352009e-01
-1.700096708049498195e+00
-3.866279517329511695e+00
2.145159597017470610e+00
8.557760928362342367e-01
-2.969749331651189372e+00
1.775055120560617095e+00
1.934108526815674578e+00
-1.633610321287517930e+00
-6.337761840943811897e-01
-2.652753313556405423e+00
8.659241480026002691e+00
-8.091860385695358815e+00
-1.793918654200057139e+00
2.018090343866144831e+00
-4.999740601042794164e-01
-1.545348234215483840e+00
-1.837528091987823187e+00
2.220832695653212951e+00
1.474194637267733254e+00
-1.289721097301153696e+00
1.752183127464393975e+00
-4.195107591280291537e+00
3.230883846976686957e+00
-8.833791992794540748e-01
-4.003288841209623472e-01
-1.985094201196516472e+00
-2.025618744671102256e+00
-1.350582576784258748e+00
1.697535273863168159e+00
-6.875488576952182296e-01
-2.183758765557722192e+00
3.214846335189113002e+00
2.440852570905387431e+00
-3.086193931843457250e+00
-2.382083425918508635e+00
1.181680745466705762e+00
4.383936680097661132e+00
-4.264451918153510102e-01
2.454456559244488079e-01
3.427890779086548156e-01
6.831716231745620149e+00
-1.169293673147004720e+00
3.943505871577181465e-01
-2.197347718433935171e+00
-9.798077768661400677e-03
1.521073235660977963e+00
-2.288591821987506325e+00
-5.645389492529503395e-01
9.372921909843976440e-01
-1.267242799221027783e-01
4.020740778299270457e-01
1.927354327881287688e+00
-1.669732769902631420e+00
-1.802571651219148974e+00
8.806012089249743990e-01
-3.690868110110935962e+00
2.126022770802121542e+00
2.103383928119591795e-01
5.161875907872814473e+00
-5.158868013057206880e+00
4.461307338211748963e+00
-2.469476815428095495e+00
1.047446765241703881e+00
7.620357997981022091e-01
-1.214477009178890565e+00
3.419917416073768646e+00
-2.107148379372047131e+00
5.561219728428268283e-01
-5.080172242724612097e-01
3.673543359043426104e+00
-2.681169354549143513e+00
1.274107948088026410e+00
1.383305822962904719e+00
-3.012944332436890971e+00
2.603552331177242163e+00
7.769344448271472414e-01
1.227168957081514522e+00
-1.050665317497943896e+00
-1.505251469670083164e+00
-1.417512662134864376e+00
4.861392262288442567e-01
-1.082545300457038451e-02
-2.075930984271178392e+00
1.026190220421467236e+00
-2.711180148991460204e+00
2.393253795662988015e+00
-5.554761711453175543e-01
2.965741556526027445e+00
-2.072792600389592010e+00
1.419644124838123522e+00
-2.120059339565331324e+00
-2.018102986044056912e+00
-3.035796613130826160e-01
4.175841154830596480e+00
-2.430659315408815413e+00
-6.994401397618279503e-01
3.673816238089688380e+00
-2.475170262544595712e+00
-2.640333897976580246e+00
2.910435511807264231e+00
-2.725493740031916357e+00
5.085258932141988319e-01
1.082468661180238545e+00
-3.847836315344380864e+00
1.463303390173585239e+00
-3.248541289408313770e-01
1.020101112850554159e+00
-4.298359909576508819e+00
2.085485984904952517e+00
-1.365662309214818793e+00
-1.000991366449932585e+00
-6.521074446807009761e-02
-1.731061419503708398e+00
2.094062518153991359e+00
4.914933182520886956e-01
-2.892071092297368584e-01
7.794852021051592583e-01
-9.026446632043240159e-01
2.698908064104402094e+00
-3.181572710373608448e+00
2.345473854972988992e+00
8.391706522076040897e-02
-5.954488471423233786e-01
3.207118698671413970e-01
5.275686328364897371e+00
-1.795842282393978584e+00
-3.270994046526360055e+00
-1.976399968535253793e+00
2.191591730755278744e-01
2.527128354256041182e-02
1.154526503055982589e+00
-3.274671651127512906e+00
-1.176989676816980745e+00
9.593988614278302629e-01
1.873764939144513697e+00
-5.649820386349245993e+00
3.417510807474494428e+00
1.276760515202916668e+00
1.436214318842187199e+00
-4.563191493533614640e+00
-5.122075591610882883e-01
1.385783442276870225e+00
4.256151598208777198e-01
3.703011243382440920e+00
6.033239439488454758e-01
-8.159909213323627286e-01
-2.697332824875006807e+00
-6.459155173760364743e-01
2.541259270366046152e+00
-2.654437427786490833e+00
2.829240310124520708e+00
-1.279899928666979436e+00
2.207478388330597507e+00
-4.818701348231471115e+00
4.657220504492991964e+00
2.815300327072976838e+00
-1.300208800424685895e+00
2.438539419757218552e-01
-5.758839263191647406e-01
-1.318232288405971619e+00
6.353939835199509112e-01
2.923485879394709830e+00
-2.979565935425575685e+00
4.786544035794305096e-01
-3.174643732971782484e+00
-3.466987205587115373e+00
7.769578839840647344e-01
5.012964264004132753e-01
5.155544566882528379e+00
-5.197295804571189670e+00
-2.730192110233743197e+00
2.034413327735382637e-01
1.010175472769981431e+00
-7.123018258629876254e-01
9.352093109735266196e+00
1.708314591323274012e+00
-1.614502749449403307e+00
-4.594328342059396386e-02
-3.453875329669821248e+00
5.680895862742417757e-01
-4.116996337188193245e+00
2.189661592551989777e+00
7.307483905094482868e-01
5.072382361693585084e-03
-1.118789154149904874e+00
-1.840886749259100785e+00
