0.000000000000000000e+00
0.000000000000000000e+00
0.000000000000000000e+00
0.000000000000000000e+00
0.000000000000000000e+00
0.000000000000000000e+00
0.000000000000000000e+00
0.000000000000000000e+00
0.000000000000000000e+00
0.000000000000000000e+00
0.000000000000000000e+00
0.000000000000000000e+00
0.000000000000000000e+00
0.000000000000000000e+00
0.000000000000000000e+00
0.000000000000000000e+00
0.000000000000000000e+00
0.000000000000000000e+00
0.000000000000000000e+00
0.000000000000000000e+00
0.000000000000000000e+00
0.000000000000000000e+00
0.000000000000000000e+00
0.000000000000000000e+00
0.000000000000000000e+00
0.000000000000000000e+00
0.000000000000000000e+00
0.000000000000000000e+00
0.000000000000000000e+00
0.000000000000000000e+00
0.000000000000000000e+00
0.000000000000000000e+00
0.000000000000000000e+00
0.000000000000000000e+00
0.000000000000000000e+00
0.000000000000000000e+00
0.000000000000000000e+00
0.000000000000000000e+00
0.000000000000000000e+00
0.000000000000000000e+00
0.000000000000000000e+00
0.000000000000000000e+00
0.000000000000000000e+00
0.000000000000000000e+00
0.000000000000000000e+00
0.000000000000000000e+00
0.000000000000000000e+00
0.000000000000000000e+00
0.000000000000000000e+00
0.000000000000000000e+00
0.000000000000000000e+00
0.000000000000000000e+00
0.000000000000000000e+00
0.000000000000000000e+00
0.000000000000000000e+00
0.000000000000000000e+00
0.000000000000000000e+00
0.000000000000000000e+00
0.000000000000000000e+00
0.000000000000000000e+00
0.000000000000000000e+00
0.000000000000000000e+00
0.000000000000000000e+00
0.000000000000000000e+00
0.000000000000000000e+00
0.000000000000000000e+00
0.000000000000000000e+00
0.000000000000000000e+00
0.000000000000000000e+00
0.000000000000000000e+00
0.000000000000000000e+00
0.000000000000000000e+00
0.000000000000000000e+00
0.000000000000000000e+00
0.000000000000000000e+00
0.000000000000000000e+00
1.220745666660821016e-01
9.004248514914128809e-02
9.356254665445359886e-02
9.315385648522118978e-02
1.007434503640048523e-01
1.010405461644768715e-01
9.067927927043067937e-02
9.069225351835069615e-02
1.079459611267271912e-01
5.406581600926090719e-02
3.884761143957197321e-02
4.617973053380126230e-02
5.819395419855306201e-02
1.117420702134289678e-01
1.213495462801469776e-01
1.148395461363370257e-01
1.053753635072740141e-01
7.040278788169301860e-02
6.993713815145929935e-02
6.910365553671286853e-02
6.270457666992391987e-02
7.430600902760864379e-02
7.460196843448974047e-02
6.850578003600653332e-02
7.311056950901945184e-02
1.102105912782837260e-01
1.033289216522853549e-01
1.140072240132696813e-01
1.164989348160383881e-01
5.276153329468388775e-02
5.982366649088790428e-02
6.171925014236740586e-02
5.064036869357288473e-02
5.039314675873161203e-02
5.103406385939236040e-02
5.963590341910556675e-02
4.545549903145616050e-02
4.332955905838975497e-02
4.801860923367264056e-02
4.456667290415936705e-02
4.075513438716391740e-02
1.028064129094569956e-01
9.169438590494728702e-02
9.086521757470499006e-02
1.000768697423754655e-01
1.153882824525821055e-01
1.178199035621554369e-01
1.212786857938000229e-01
1.212986942748096042e-01
1.750427934288796214e-02
1.696386733899602275e-02
-3.303818447814744954e-03
1.469564824958349315e-02
5.428105240908552565e-02
4.158084386325490434e-02
3.067294221637414595e-02
8.872626363878262368e-03
5.624464001251722189e-02
7.695397445938985392e-02
7.085807509040709107e-02
7.193668050182949747e-02
6.558290257300349035e-02
6.990467603021310872e-02
8.337691911622441276e-02
7.981826299357007437e-02
9.230084733570427524e-02
8.570895682628888734e-02
9.527645879319820987e-02
9.236600014165788353e-02
1.104518569498917774e-01
1.123160229475788779e-01
1.098485354669921921e-01
1.005083263012182537e-01
3.962596492315519081e-02
3.768491062376769229e-02
9.313806515659016350e-03
3.150474752010035823e-02
2.875941041007943483e-02
3.127413704138427841e-02
1.662759582276963216e-02
2.103215162445450093e-02
9.376974154721742089e-03
2.261088239661409455e-02
4.332683335092614441e-02
4.597609930392370509e-02
1.061914998393226894e-01
1.139724388392617943e-01
1.087366165287189379e-01
1.108887896105522353e-01
3.841799187546698219e-02
4.706935356036263951e-02
3.229838570648916468e-02
3.314335606066991929e-02
8.332115723277210007e-02
7.294207346738507125e-02
8.249555666039044832e-02
8.994435572833608949e-02
8.147435588881728197e-02
7.104462892878411762e-02
9.300556729170135484e-02
9.615376145482926185e-02
1.135454754619115436e-01
1.163510915751905933e-01
1.219270082823505075e-01
1.206235966037877971e-01
7.880251765980103573e-02
6.473713227588590025e-02
5.126189492795200225e-02
7.998149659528940025e-02
8.789475891893276660e-02
9.617369544852437391e-02
9.436790910044012826e-02
7.977652601636503471e-02
1.657075857661525001e-02
4.620255867182238713e-02
1.483147356974668339e-02
3.142856644117442838e-02
1.202455620746059883e-01
1.180757502370669704e-01
1.113311465379122206e-01
1.156209841444812425e-01
1.956582415110112369e-02
3.216332822911865084e-03
3.761673644386768350e-02
4.074285679041605296e-02
7.296867529047509904e-02
6.832954110263667058e-02
7.560066657324659989e-02
6.787950998904414279e-02
5.448301141859389352e-02
4.369743284210129280e-02
6.098820018438415314e-02
4.373997888500696929e-02
1.090808781881215800e-01
1.062304341461328128e-01
1.045000692050175040e-01
1.028271952861091326e-01
1.080371919389505886e-01
-1.665110636940043487e-03
1.886241087182613518e-02
3.392523165919442835e-02
2.750109059755867502e-02
2.584554681184206629e-02
1.491986161870723950e-02
3.072761550416804391e-02
2.568041626116024725e-02
1.577990813050136540e-02
2.293047358500429830e-02
2.971438569928532350e-02
3.966390432024906494e-03
1.030021696076833804e-01
8.935558547606123336e-02
1.010850232623197592e-01
9.104315564761232549e-02
1.031019866967936016e-01
1.041541692709267719e-01
1.006270198633850560e-01
3.317891180695967807e-02
1.833425245086911862e-02
2.952988227393140916e-02
2.463007031910784128e-02
-2.292477660631670692e-03
1.426261748894710676e-02
1.319284199979429625e-02
-3.536313120089930317e-03
2.504310071877752231e-02
2.730704343809080975e-02
1.150340718963183649e-02
2.440622376274630481e-02
3.039716876365067266e-02
2.199159402513077219e-02
1.025863364432802287e-02
-1.563749544176805525e-03
5.469376763818860343e-02
4.209268948125376164e-02
6.176409921036833672e-02
5.549995263716909349e-02
8.218945713452031898e-02
8.319516960970399500e-02
6.997205076623951026e-02
7.780775800970543554e-02
9.681002028298955897e-02
1.031499986166907884e-01
9.928738096520398071e-02
5.088439889396778604e-02
6.923066035683085595e-02
6.814361727326610774e-02
7.332070761326633934e-02
1.039900677868856593e-01
1.111395677368102602e-01
1.049232493720309717e-01
1.061465096538345976e-01
1.189473771366156840e-01
5.269329279040856767e-02
5.362195573626525602e-02
6.298467597449076971e-02
7.091653260310913642e-02
1.142373168896637647e-01
1.136232163353913388e-01
1.202140093783909125e-01
1.192672085212044819e-01
3.615182478436006208e-02
3.059654369588679645e-02
3.958079633236033512e-02
4.122930352858176356e-02
8.529333135277776534e-02
9.161922125353758051e-02
7.566917758768863800e-02
8.189209425081850346e-02
9.108912605271619889e-02
8.202950447453735694e-02
7.590423032177670559e-02
8.812824598892325667e-02
5.280420726603407555e-02
4.962994391845371167e-02
4.390702898453960334e-02
5.537251711489912104e-02
2.447174488107047366e-02
1.212163242847120494e-02
3.926162046465614397e-02
3.582786748337663668e-02
1.130314069607168126e-01
1.141781562454958765e-01
1.192459107163024029e-01
1.116602759385738469e-01
4.548548483522302927e-02
5.026446583575013699e-02
5.065097422066748567e-02
3.969661842933806806e-02
1.226240837618029073e-01
1.172787855779853783e-01
1.196106791065058850e-01
1.179853997432828427e-01
2.288219793212364211e-02
2.979455280840698911e-02
-1.347415369178471545e-02
5.017993147215481231e-03
5.965738998900453616e-02
6.265729542806350305e-02
5.195317270956145705e-02
6.350909284682754175e-02
3.942495143838566779e-02
4.288231575381306476e-02
2.757704506019777180e-02
1.512092723288418865e-02
6.917691152400042010e-02
8.373275903179183688e-02
8.670772177550781223e-02
9.223783688223129162e-02
8.667975516989784301e-02
7.057431434911339008e-02
8.821250695911529716e-02
8.414258378557699924e-02
1.115715942296557628e-01
1.012057515478330394e-01
9.917813140164874475e-02
1.160268564190974905e-01
4.405714593256550293e-02
3.242156483357491042e-02
4.246366579685369180e-02
3.312518154035057338e-02
3.611511558602290700e-02
3.161753731698807579e-02
1.541129954004859942e-02
2.786817741244049587e-02
1.050292394027332737e-01
9.923541710094843649e-02
1.080244104885451639e-01
1.047774659152316962e-01
1.014008446362808652e-01
9.327488529355205948e-02
8.928657043609439237e-02
7.188813092758715440e-02
9.947470146633387647e-03
7.079714395057343582e-03
1.264142452171697004e-02
2.351218513547852218e-02
4.387704825471566011e-02
1.798161925915506623e-02
3.929922759066176857e-02
2.714315602569563474e-02
5.225480284919554325e-02
5.126562105712317852e-02
3.278064425913466279e-02
5.664863832686030387e-02
6.576731388803783163e-02
4.110881546763575645e-02
6.510061825596405449e-02
6.102984106688788546e-02
9.324967813723995802e-02
8.881447485544784193e-02
8.468114527387600454e-02
8.208983104286596277e-02
1.073783442558402454e-02
4.536434655783953829e-03
2.299306788509219296e-02
2.207250467443803987e-02
1.375035711107687117e-02
1.707936800986017967e-02
2.259052137946025024e-02
2.118614889333970616e-02
1.068096191401072953e-01
1.029769995180333658e-01
9.939247126151838641e-02
8.621308574003438974e-02
5.313775932573346766e-02
6.233821585978791685e-02
6.979328012591627661e-02
6.375017920948121419e-02
9.492203746892280414e-02
1.031303592926398754e-01
9.909308899254917757e-02
1.114602082470357858e-01
1.147848482292184169e-01
1.099968688665092509e-01
1.224884381817955697e-01
1.115222712140118699e-01
1.170568414605256957e-01
1.055920230790709513e-01
1.148676666409631786e-01
1.164334516915962181e-01
8.688353862009456918e-02
7.795629424271190155e-02
8.850031524470505784e-02
8.417635089574912466e-02
1.936672221748533818e-02
2.288263759258011079e-02
1.682692049469830531e-02
2.596362836128165638e-02
1.048279965710764011e-02
2.581817719909480086e-02
6.275328385332667840e-04
2.248828721687805635e-02
1.093376951914979550e-01
1.228600494007916905e-01
1.182770455142695132e-01
3.484690466827517624e-02
2.310967093712726350e-02
3.351514183160714949e-02
3.557937611813404705e-02
7.359274149693360856e-02
8.584079374884792668e-02
8.690013092397695649e-02
9.109398301177935864e-02
1.001683678200964989e-01
1.028313358049710163e-01
9.488489136268696278e-02
1.090608722954721360e-01
8.416358831078181446e-02
1.128348320015845202e-01
6.578428746026067364e-02
4.925560126516524695e-02
4.626408842354855916e-02
5.766738869244823762e-02
1.160350019012745815e-01
1.209179020708505831e-01
1.112896702652025893e-01
1.191252357765083120e-01
3.334074283376818604e-02
2.113369165458450077e-02
5.016502176793432438e-02
6.414938489790533716e-02
4.622231432491782227e-02
5.652192452387681809e-02
5.597364433609471751e-02
4.581045950503750963e-02
8.652993813772839882e-02
7.672911150555691839e-02
7.660018403657258002e-02
-3.235673828531062009e-03
6.182236374871094261e-04
-1.096847893920626683e-02
1.253156409692287102e-02
3.618674240858758134e-02
1.240747571592848257e-02
1.201822716842936185e-02
1.269199810136290539e-02
9.198135736778823013e-02
1.226947402501164658e-01
1.173062529833554801e-01
1.174013435188566157e-01
1.114448302919077427e-01
1.210439956458094074e-01
1.142849392023590760e-01
1.212539859372477880e-01
8.812771377812771145e-02
7.849145257309116108e-02
8.158425765449683897e-02
8.801273722226127250e-02
1.023816506588915709e-01
1.038059558582881819e-01
9.193448267862161516e-02
9.158902756500679476e-02
1.088684258348767975e-01
1.059460401587835471e-01
9.219109976740524903e-02
1.016280248043795881e-01
9.188307951804026985e-02
1.165662540098353628e-01
8.857431287610101345e-02
9.708439219334991099e-02
1.023248652528963298e-01
9.939948006838512928e-02
8.735029216362255600e-02
9.248622660242031279e-02
1.038083124849683986e-01
7.947754896216854825e-02
7.190529233452805369e-02
8.474822276273630273e-02
8.895174156867993731e-02
6.696732791717455169e-02
6.506578149509666120e-02
9.045811260048046420e-02
9.612444068337555603e-02
9.696780614506499141e-02
9.961340563060602782e-02
9.062033358379532888e-02
9.535153473207667874e-02
3.615649878398942418e-02
3.835125961974820974e-02
2.880223185636033786e-02
1.331500566019174631e-02
1.145156144892572475e-01
3.101117419787784851e-03
3.659357098194072032e-03
6.697380515166542411e-03
5.215399752506951619e-03
1.149929892173446183e-01
6.694640107450115785e-02
7.236325213374451837e-02
7.056138224964809968e-02
6.882410796155795374e-02
7.983757481866531058e-02
5.749825224794436612e-02
5.884078610360991834e-02
6.905436224926800315e-02
7.117791675641407800e-02
6.199539026318589413e-02
5.226238150028007096e-02
6.045770486241613256e-02
8.648876729816405012e-03
1.552579093433778708e-02
5.396281001681317580e-02
3.783994677884874869e-02
