-1.812476996997947898e-01
-1.751377794391295595e-01
-1.682299702589189205e-01
-1.596110422497156178e-01
-2.070129607206113720e-01
-2.029666172544491998e-01
-1.369904733126231233e-01
-1.236280720592836807e-01
-1.525746716518369128e-01
-1.369023886540088053e-01
-1.479113317330117694e-01
-1.314013352135226798e-01
-1.532940832154374433e-01
-1.528636140338582861e-01
-1.199017804654656516e-01
-1.049667704324591805e-01
-1.283683298737278156e-01
-1.853536940809105416e-01
-1.175384223062880817e-01
-1.694653433637031137e-01
-1.604453880488285744e-01
-1.601528610303245836e-01
-1.402541221740171984e-01
-1.351834085461363077e-01
-1.676940810408418525e-01
-1.722191379783595822e-01
-1.159496226189530854e-01
-1.058779164062926409e-01
-1.477159219552380831e-01
-1.288557097224295733e-01
-1.319020599833862217e-01
-1.248408443350164654e-01
-1.411280154790175712e-01
-1.342026315409833304e-01
-1.666287373664901150e-01
-1.551791370324400732e-01
-1.813895706713494482e-01
-1.099916586984531069e-01
-1.784666339884631026e-01
-9.779857695925657513e-02
-1.511901606617289673e-01
-1.465388966669206039e-01
-1.106160692989330563e-01
-1.054432003298645670e-01
-1.681963552334274636e-01
-1.590589022470690062e-01
-9.685749975167677606e-02
-1.001744294201240421e-01
-5.820578618334198984e-02
-6.711814646005313800e-02
-2.003152100820411174e-01
-1.930312681228756322e-01
-1.436793307498465955e-01
-1.318439144728752732e-01
-1.272294856739986102e-01
-1.029870629449868152e-01
-1.379257548759773300e-01
-1.073016851609182587e-01
-1.458150275966623166e-01
-1.286666504221252449e-01
-1.096609134343395076e-01
-1.026121458711747036e-01
-1.060549416856622212e-01
-1.020194684691277387e-01
-1.107074219860759434e-01
-7.186685399023447218e-02
-1.760190004006750575e-01
-1.659952610553730445e-01
-9.368564487719509282e-02
-1.034620258662389131e-01
-7.332196489217958357e-02
-4.485144393757400927e-02
-1.482055628880549758e-01
-1.529708145426783017e-01
-1.662348407010464379e-01
-1.618310975146229902e-01
-9.785174613819508371e-02
-8.096065497345335260e-02
-1.465683752820859387e-01
-1.380575639517406250e-01
-1.702881480393371449e-01
-1.552156500522636484e-01
-1.078522521216114805e-01
-1.237944761395448623e-01
-1.172551072124394522e-01
-9.320503136891208906e-02
-1.171326322914440221e-01
-1.145397662847291859e-01
-1.443279171651824788e-01
-1.549718065917137511e-01
-1.574660664197820859e-01
-1.504638453077181692e-01
-1.465868449191082001e-01
-9.175246166553349680e-02
-1.552627488344215656e-01
-7.078825295122445627e-02
-8.688213515970456824e-02
-8.733526400897317910e-02
-1.424094829916358329e-01
-1.395111701554503092e-01
-1.870834215821110813e-01
-1.572324623596418058e-01
-1.235707184819667820e-01
-9.768070211574760020e-02
-1.242511857223936450e-01
-9.345782766229419891e-02
-1.948004478078472490e-01
-1.937424019533411645e-01
-1.479698242071011416e-01
-1.394959227543100255e-01
-1.002857324654635729e-01
-9.828823724653858174e-02
-9.702689506992395740e-02
-8.162503044853365586e-02
-7.717654919678816616e-02
-9.311951118505203129e-02
-5.134745546987302262e-02
-6.038979993919437600e-02
-8.577895096690221766e-02
-8.464848707967427555e-02
-1.938887209147639457e-01
-2.053688374031611974e-01
-1.266291638460285696e-01
-1.071620155247190037e-01
-1.957933448987070058e-01
-1.880277423649777402e-01
-1.301261352743458555e-01
-1.197474334513953798e-01
-1.470179138452101519e-01
-1.353493114068567427e-01
-1.858313094460909976e-01
-1.589082504509764238e-01
-1.513311116406042267e-01
-1.831206292733146834e-01
-4.439619937623086321e-02
-2.722820225906805863e-02
-1.558190555492899587e-01
-1.395966897732334178e-01
-1.029817756660906802e-01
-6.877248676701049057e-02
-1.588820200778332248e-01
-1.624123301760134475e-01
-1.410186064338264933e-01
-8.660302379095458081e-02
-5.522649529162854121e-02
-7.575876907471193467e-02
-9.418182590282876687e-02
-1.228470761464532518e-01
-9.506063904941265685e-02
-8.197371447416709755e-02
-1.200406379681285135e-01
-5.804978566128184136e-02
-1.644835183423090652e-01
-1.523917243861379889e-01
-9.196596884291953489e-02
-9.996918378016991791e-02
-1.606711317797996641e-01
-1.156747622346152582e-01
-9.776563729837987882e-02
-9.182923532324528682e-02
-7.234102318287412292e-02
-7.554111921669454111e-02
-1.664890351085634157e-01
-1.512396187823041582e-01
-1.735374573284022837e-01
-1.600766311125490504e-01
-1.167398190705325189e-01
-1.105104230335231669e-01
-1.578956035090714471e-01
-1.513446650450052944e-01
-4.174254640977300562e-02
-4.682921220588907169e-02
-3.231210484180497416e-02
-3.610672139478435932e-02
-1.830744492798414003e-01
-1.780414816199394623e-01
-1.723612347452917470e-01
-1.509337931560305324e-01
-1.384202715798676375e-01
-1.414213801996344333e-01
-1.456861542830482081e-01
-1.439632180807959294e-01
-7.168660928126316390e-02
-7.134429583256414464e-02
-1.688668386135473154e-01
-1.602801706361770273e-01
-1.610064380919185301e-01
-1.459869040817816932e-01
-3.402013996747786650e-02
-3.803705129953089542e-02
-1.361745716946540785e-01
-1.163305292808885644e-01
-1.636088848327630907e-01
-1.707422797404793691e-01
-8.957813737120533248e-02
-8.078921038201207494e-02
-1.680052433061977601e-01
-1.548793628506032194e-01
-1.782295430336136854e-01
-1.708596084254921377e-01
-9.596749117686489972e-02
-3.277759908958703672e-02
-1.283849102661715480e-01
-1.563108089003732160e-01
-1.176134329895784092e-01
-1.608356325315052349e-01
-7.654643959020898669e-02
-6.740668070797262157e-02
-9.127464147555117147e-02
-6.124794214087735111e-02
-1.512989345566572996e-01
-1.412491933371721187e-01
-9.927624825229139360e-02
-9.728394551163609127e-02
-7.131385682277970040e-02
-6.925014525517367292e-02
-7.738816499524642234e-02
-7.882778694885517190e-02
-1.450023944631921025e-01
-1.331225094976052348e-01
-6.817456640324290329e-02
-7.927769112524718498e-02
-6.434954892307497010e-02
-6.862690261933741820e-02
-1.073243033804502367e-01
-1.074487528606960784e-01
-6.520526522977615480e-02
-7.482331663780002196e-02
-1.158431725642628529e-01
-1.380619589281895376e-01
-1.340817706833059286e-01
-8.734891936809362212e-02
-9.458759135234971749e-02
-6.750645305195335233e-02
-7.531109936080178369e-02
-1.085835392109869291e-01
-1.201303571586075369e-01
-2.009233499405835011e-01
-1.304763743722850422e-01
-1.854627325333204624e-01
-1.129127297576879990e-01
-1.383448960059437960e-01
-1.462919607477878858e-01
-1.648465794158451847e-01
-1.609036618141611308e-01
-1.231227434915407731e-01
-1.182553268965460119e-01
-1.317282021521690716e-01
-1.205326479973936327e-01
-1.286973830405534203e-01
-1.949351711907937601e-01
-1.177067667306641446e-01
-1.856569848256261202e-01
-1.349198392447531480e-01
-1.923772395469902641e-01
-1.827590973906090821e-01
-1.374458138998276568e-01
-1.048088304777606422e-01
-1.389725818736358143e-01
-9.998047358587931754e-02
-6.517526184116895216e-02
-7.457791403090130444e-02
-6.872484515481305789e-02
-7.487316567328758388e-02
-5.433525693187947481e-02
-5.152554755592730212e-02
-4.595645963636629805e-02
-4.338718454408843628e-02
-5.285648216388563053e-02
-6.985388838336729911e-02
-2.965335849638949320e-02
-3.691958978392341495e-02
-4.936744883580083954e-02
-3.891033613623810783e-02
-2.037355813633918156e-01
-2.015848990765777837e-01
-1.389515124725912709e-01
-1.235404108533006834e-01
-7.896228265865373741e-02
-3.272498786493856227e-02
-7.009904390054882972e-02
-5.097154920320789984e-02
-1.348161852214401490e-01
-1.321837730545474265e-01
-1.223400136480731204e-01
-1.201397923853055605e-01
-1.639750448910484715e-01
-1.512031764708790804e-01
-7.933658845011650612e-03
-4.524199194970516527e-04
-1.500719471270406669e-01
-1.345395597539000010e-01
-8.298158782714634696e-02
-8.051547600490960299e-02
-1.469012138376541710e-01
-9.921779571422577326e-02
-1.071696061668759442e-01
-1.034167002443679567e-01
-1.255953081483321687e-01
-1.203135465526872921e-01
-5.036336627863530202e-02
-5.895085135300199425e-02
-9.080252176525423213e-02
-1.303319992260298932e-01
-6.812825645336953451e-02
-6.383001786724734616e-02
-9.308139916874408337e-02
-8.880806660870045610e-02
-9.242712492938208457e-02
-8.886430712404390364e-02
-9.551245990011604514e-02
-1.129124064724969095e-01
-1.678474043661318804e-01
-1.570977672393178981e-01
-1.027149347635929050e-01
-1.503943124247553720e-01
-1.511402523881928139e-01
-1.193817737221709863e-01
-1.347137292455402313e-01
-8.802834735185795234e-02
-1.291621269828304164e-01
-1.186352316247108324e-01
-1.918992768834563156e-01
-1.735286897497671510e-01
-1.975664167496620216e-01
-1.941879151056543074e-01
-1.729558840877102877e-01
-1.691192023829706792e-01
-1.269191794389923911e-01
-1.656189593001098082e-01
-1.555928759202573619e-01
-1.292219915512679285e-01
-1.256903884324633847e-01
-1.496799306841974098e-01
-1.429342515638381828e-01
-1.747449720687686003e-01
-1.693199422052013847e-01
-7.599939479237809159e-02
-7.388427060751820430e-02
-3.523002222787168652e-02
-3.114628490011795564e-02
-2.373754144930506280e-02
-2.038769808849635531e-02
-1.638047025401002388e-01
-1.557438745637583499e-01
-7.796653493228455911e-02
-4.942828469210281545e-02
-7.540062568955288591e-02
-5.147919176033879940e-02
-1.845134844055676404e-01
-1.849210059634115999e-01
-1.137299225044594436e-01
-9.804499135943660348e-02
-1.505426768875492982e-01
-1.314788574695651691e-01
-1.006241456384622257e-01
-1.031058937633209521e-01
-8.107995341310410276e-02
-8.872414076216761369e-02
-1.643790682517665414e-01
-1.640524243922056591e-01
-1.535717075453156555e-01
-1.487801745419642385e-01
-1.410347086961559193e-01
-1.005179799585158573e-01
-1.953923815158501442e-01
-1.902224885516408115e-01
-1.319609150338482695e-01
-1.242837697387772083e-01
-6.576629829127381144e-02
-2.908056725549606689e-02
-1.393921474072507549e-01
-1.549184445028312374e-01
-1.800824133166831487e-01
-1.781389468468020099e-01
-1.314202211211361604e-01
-1.241278989271987071e-01
-1.272529478560349703e-01
-1.473845629260082113e-01
-1.557180344036801778e-01
-7.446203984543384169e-02
-1.699294384769073074e-01
-1.601294581612087431e-01
-1.181201596895077033e-01
-8.650161375699887134e-02
-8.577508866994909553e-02
-3.258984615574850308e-02
-2.881879560978963320e-02
-1.457043339008681770e-01
-1.607844859236717827e-01
-1.681488355804874324e-01
-1.676050418678319553e-01
-1.565318961978957590e-01
-1.526693754253375668e-01
-1.506060055498143202e-01
-1.703224808866062034e-01
-1.655369183135313449e-01
-1.551376788459425671e-01
-1.983838544819797045e-01
-1.451466027756442290e-01
-1.973138362030406878e-01
-1.032569887172544443e-01
-1.026634183038542120e-01
-1.736630017855614050e-01
-1.652020727471461836e-01
-6.487764349080053783e-02
-6.734847555505678318e-02
-6.768940224556770080e-02
-6.611572146215773105e-02
-1.340959421371596960e-01
-1.148942072053126540e-01
-1.066111526071926163e-01
-6.258434617391361865e-02
-5.644685341577526660e-02
-1.489106657297888936e-01
-1.329444104195787180e-01
-7.455634044760478529e-02
-3.796377780894950871e-02
-1.476549019525836004e-01
-1.334647740493435653e-01
-1.032967508804869539e-01
-9.107591198959337497e-02
-1.037946250102932538e-01
-1.389479187817898032e-01
-1.165112950291885413e-01
-6.202995825961405557e-02
-5.072034908334797226e-02
-6.118087363910764548e-02
-4.870380966630482450e-02
-1.163417116478892427e-01
-1.240333010845034861e-01
-1.453483282403306709e-01
-1.844334360020278007e-01
-1.836746608791602620e-01
-1.528831478795677490e-01
-1.463497054072843973e-01
-1.010592052474228036e-01
-1.731898082179052223e-01
-1.781758376052057780e-01
-1.619931549039774765e-01
-6.162530331824195989e-02
-6.117089565298467618e-02
-3.769152379883759091e-02
-5.927900290130284217e-02
-1.521668785561306469e-01
-1.451158710219684345e-01
-1.845295978452621832e-01
-1.789899856940593281e-01
-1.615883256616464925e-01
-1.093627226753460246e-01
-1.972470917618061315e-01
-1.917122205387176148e-01
-1.635177852680156640e-01
-3.679863278243618308e-02
-2.964856779668551684e-02
-2.975954279426725607e-02
-1.003160262005026865e-02
-1.831131756063509586e-01
-9.766109225022277796e-02
-1.755197352019500223e-01
-1.356568050490669919e-01
-1.738616391725873733e-01
-1.291133698448006517e-01
-2.052340589559213113e-01
-2.026577449583500112e-01
-1.380348093596540648e-01
-1.330393356882233757e-01
-6.628678218483684270e-02
-5.398391865442257742e-02
-4.731881278634179899e-02
-4.873533334799225181e-02
-1.620709709911568319e-01
-1.524963343687792960e-01
-1.407387436215582766e-01
-1.353952527198137856e-01
-5.971951647336919133e-02
-6.697938700793495959e-02
-8.443867798692546167e-02
-9.234389703675575933e-02
-7.451264957567214908e-02
-5.215510063684082598e-02
-1.355991640650213992e-01
-1.319451931233494857e-01
-9.753990506768069058e-02
-9.517453579902965255e-02
-1.062602506869295416e-01
-1.337268417958575872e-01
-1.987815320725341006e-01
-1.171135400317492720e-01
-2.098298434571908566e-01
-5.338819909976202926e-02
-2.323313868217892486e-02
-1.254024710135812348e-01
-8.019941095422590538e-02
-1.606835317673683816e-01
-1.507293148468534238e-01
-1.357419463963849271e-01
-1.190346432965958268e-01
-6.312430481540463878e-02
-7.248901066451590713e-02
-1.292244596635025999e-01
-1.289836769375247438e-01
-1.169365784315052198e-01
-1.111366827315385386e-01
-1.183039810246703655e-01
-1.235321456100306192e-01
-1.356814975147999924e-01
-1.352103545336908186e-01
-1.285789626626911430e-01
-1.081091168349008758e-01
-1.265083544169114671e-01
-1.067645588964164227e-01
-5.229169925858145884e-02
-3.579666506416985527e-02
-4.309131936098568871e-02
-4.023100215460096579e-02
-1.647519264424562591e-01
-1.525098785340093521e-01
-1.432644425650923814e-01
-1.455838962239839884e-01
-1.062045219448350397e-01
-9.256217811226548353e-02
-1.561490346695396936e-01
-1.481743037954753039e-01
-1.206653914011693723e-01
-1.077557536823098849e-01
-8.654416678734655477e-02
-8.554136222718733418e-02
-8.863835092739760779e-02
-1.620070192325421821e-01
-1.482547180460918324e-01
-1.225333415082851124e-01
-1.275257663118840035e-01
-1.040108457230168454e-01
-1.321527766947046545e-01
-1.439570603479065902e-01
-1.601404515179084831e-01
-6.358420086638716384e-02
-5.942832838624051428e-02
-4.263574650927375032e-02
-5.925489555909250333e-02
-1.919262083406856612e-01
-1.191837854191382523e-01
-1.825745136093842869e-01
-1.105877598028327385e-01
-1.507787885041859260e-02
-1.770293138168415464e-02
-9.304733130965503127e-03
-1.361001238682597696e-02
-9.555627085321614922e-02
-4.619181323142573098e-02
-1.241521443216891674e-01
-1.099165578785979841e-01
-1.240482674458284335e-01
-1.650027831688364865e-01
-1.779376350225627956e-01
-1.729255066376198247e-01
-1.201277189796330358e-01
-1.133929897868231618e-01
-1.672936597641694889e-01
-1.523870894534983533e-01
-1.574832895182987080e-01
-1.516321706402981861e-01
-2.075654975725137741e-01
-2.003770388675953085e-01
-1.217124701674400927e-01
-1.105384675208919282e-01
-5.263843371378072039e-02
-2.981300698979972436e-02
-1.051936467775948514e-01
-1.058058892659152483e-01
-1.982411612748988528e-01
-1.918447987335631377e-01
-1.338878831146797233e-01
-1.253203556756409820e-01
-1.758980251327461053e-01
-1.579901690781013723e-01
-1.225418925469239639e-01
-1.034179140004392039e-01
-1.542003314056347163e-01
-1.538300692841204909e-01
-1.283967435626062747e-01
-1.281298937711313479e-01
-1.355310508703100880e-01
-1.271059870902296052e-01
-4.652094041702238558e-02
-3.888083900389956160e-02
-4.482251993415781871e-02
-3.882625652248126308e-02
-1.020253020911193742e-01
-5.340278895497860973e-02
-1.007367188973880556e-01
-6.351293600795687722e-02
-1.366364108104051456e-01
-1.660914117963698255e-01
-1.542923257057977615e-01
-3.962609216658263128e-02
-5.463058675327025354e-02
-6.313800218560568223e-02
-4.049600510729690905e-02
-1.134331246353093570e-01
-9.460218246551060917e-02
-1.094229979887807458e-01
-9.266231186709007750e-02
-1.902417670469052913e-01
-1.851548808571026328e-01
-1.172895667929797214e-01
-1.317470815892542169e-01
-1.532803115458338250e-01
-1.407266241775618487e-01
-1.661956289564908151e-01
-1.537387027883383162e-01
-1.370334446033425191e-01
-1.489934349554318527e-01
-7.752110859832482548e-02
-5.061533491646030836e-02
-2.037175857682429758e-01
-1.490241615976542200e-01
-2.063802272267983851e-01
-1.346515843413310931e-01
-5.444898830280267554e-02
-5.389448707744725481e-02
-1.256592217495280384e-01
-1.289169844181168589e-01
-4.604152490844769241e-02
-6.264356923610028827e-02
-9.659279712957284658e-02
-1.059502193810169662e-01
-1.543181869716737931e-01
-4.939646593697239602e-02
-1.807063060023349210e-02
-1.590299038684580765e-02
-1.633342866722732253e-02
-2.440172787788746217e-02
-1.360600001141698823e-01
-1.074892239064506316e-01
-1.423107089744972131e-01
-8.515049257523718551e-02
-1.749676731607715252e-01
-1.248303041801290258e-01
-1.687365398856559007e-01
-1.547032925454071839e-01
-1.612551822344440722e-01
-1.911020774465123639e-01
-1.181757383369526626e-01
-1.326535113660198550e-01
-1.642385337641251442e-01
-1.621732654161908149e-01
-1.169889520291902962e-01
-6.703010068934185661e-02
-4.529790646479962823e-02
-3.226528820196939568e-02
-4.495237257609217135e-02
-1.812610753272601849e-02
-5.764514618059769779e-02
-8.094132536457167293e-02
-1.321402208659704092e-01
-8.195334230624738703e-02
-1.622733703454994625e-01
-1.569773700887663048e-01
-2.071868495773028784e-01
-2.000237700954928532e-01
-1.354478525985421400e-01
-1.259764096954469614e-01
-1.022756142599350743e-01
-1.009808515727210615e-01
-1.480261374391101115e-01
-1.473159582771688680e-01
-6.155182170507673967e-02
-6.659540919822792837e-02
-3.445241352348023256e-02
-3.893408235365152653e-02
-6.201167691756157702e-02
-4.726282285023580831e-02
-4.123971084091365008e-02
-4.309659140050189213e-02
-1.457641447758770310e-02
-1.481746887721278882e-02
-1.148711664775451669e-01
-1.029903739924062228e-01
-1.202317012750537817e-01
-1.147991699835395618e-01
-1.044603024145820680e-01
-1.018107317387288019e-01
-1.598745195327930246e-01
-1.475328928196771860e-01
-1.569426527622953260e-01
-1.360531669365432350e-01
-1.200414930553217741e-01
-1.696240566114140813e-01
-1.345312350332174001e-01
-1.388380856554116138e-01
-1.180001664177457582e-01
-9.154036380331857792e-02
-9.118036994451270139e-02
-1.263138347011038554e-01
-1.614558603274841020e-01
-1.216077088332461614e-01
-1.599380601450862138e-01
-8.973707907049392751e-02
-2.995096843474636533e-02
-1.678743404265097827e-01
-1.538990413386004952e-01
-8.762460104142791306e-02
-7.551502538883651805e-02
-1.781543581114390096e-01
-1.353837964681662842e-01
-6.914947156133925688e-02
-7.330033498769458755e-02
-4.784422490418719504e-02
-5.038727492637078836e-02
-7.396109834506656155e-02
-7.908466321637477869e-02
-1.467718909079765988e-01
-1.474016471866052558e-01
-1.178415702506113438e-01
-1.665006536909472146e-01
-1.540443061627795318e-01
-1.371817428857293464e-01
-1.377233214108380399e-01
-1.360621760440128281e-01
-1.400232291749837210e-01
-5.329964474784945616e-02
-5.593615836588045065e-02
-1.294559586092277892e-01
-4.287582661847614413e-02
-2.551800575213654040e-02
-5.979179529579115721e-02
-3.975986756031908015e-02
-1.590543229615828946e-01
-1.495017606037973845e-01
-1.722934614205293702e-01
-1.596525418593759404e-01
-1.523882718417405024e-01
-1.441238923704098729e-01
-1.676984530629629377e-01
-1.622731744319957092e-01
-3.673551831206584711e-02
-3.650042268471195839e-02
-1.954732598963505597e-01
-1.909433895733066433e-01
-4.929344252747696470e-02
-4.162520243226463385e-02
-2.502870762309842081e-02
-3.067024496381817733e-02
-6.270320960885111816e-02
-6.405651856142773048e-02
-1.732294765062825925e-01
-1.664012634244830813e-01
-1.125192341976442578e-01
-1.070101150523978251e-01
-1.729653498744684603e-01
-1.562113347447093292e-01
-1.736570109896272418e-01
-1.763358973650514250e-01
-1.023719278756300283e-01
-1.181373556549392273e-01
-1.196263147245427705e-01
-9.499686933547775436e-02
-8.074979933751451344e-02
-8.008998208093806581e-02
-7.799159762986072886e-02
-1.219621758093644842e-01
-9.581693491808347674e-02
-8.211707267244069963e-02
-1.077998525339136371e-01
-8.214029833124325553e-02
-5.480450305412106621e-02
-5.626520057266432007e-02
-1.655273069132380537e-01
-1.580195070580324435e-01
-1.888104126621223677e-01
-1.842261881627685616e-01
-1.693089064477248107e-01
-1.566885384503065304e-01
-1.541647500325710185e-01
-1.497067889623225345e-01
-1.425880885161783795e-01
-1.470817051732703773e-01
-1.785454204257445887e-01
-1.698667936344264995e-01
-6.520063893938565780e-02
-6.566215187505207440e-02
-2.221000644147331365e-02
-1.494516717457705993e-02
-8.173153004357139317e-02
-1.075709548706395152e-01
-1.546990302754057967e-01
-1.560651964443688922e-01
-1.551759984772645151e-01
-9.007953062363367736e-02
-1.055758093758828176e-01
-8.198540052296023062e-02
-1.116940207527680889e-01
-1.783674331441535976e-01
-1.754298185333889315e-01
-4.425219494017319094e-02
-4.247613265371873864e-02
-3.603129811050839043e-02
-4.553725364652141255e-02
-1.540602108919809365e-01
-1.531382634550926825e-01
-1.276680834797987718e-01
-1.207680324520560011e-01
-1.310548356641950407e-01
-1.634855448619798868e-01
-1.388959789975778292e-01
-1.218280954691995377e-01
-1.329780851690896271e-01
-1.303136378830797026e-01
-1.318367543382009677e-01
-1.353216004616699386e-01
-1.244106529908506203e-01
-1.683112485474057285e-01
-1.617852590155262060e-01
-1.549566549841360219e-01
-7.011355136102853658e-02
-8.782141180963351501e-02
-1.334243293730255908e-01
-1.667621464200176040e-01
-1.517030862107205391e-01
-1.492102258449700680e-01
-1.263698752056852948e-01
-8.080911356040759719e-02
-9.325254079899057691e-02
-4.341272111126321526e-02
-9.548716247136571078e-02
-1.239367508749933539e-01
-5.076254488497151940e-02
-9.540605359059087243e-02
-1.014455347726873624e-01
-1.449290053036252357e-01
-1.285888468486205971e-01
-1.219115958270928779e-01
-7.136758146487325039e-02
-9.896413597032803489e-02
-1.121137676815154860e-01
-1.525159273417941441e-01
-1.303029248090727676e-01
-1.221596213731376279e-01
8.494113537393904734e-03
-2.908626277213194333e-02
-2.429420091244700527e-02
-1.373666139950579547e-02
-3.296564239583157224e-02
-3.406007032246023691e-02
-1.040537712488486949e-01
-7.829472806598637702e-02
-8.166314140067458538e-02
-1.108521466995791988e-01
-8.760389455286797522e-02
-9.035129531984376072e-02
-1.183373782798863710e-01
-8.511851301282044591e-02
-8.834591812611722328e-02
-1.160637784537366657e-01
-1.122289287616878573e-01
-8.412276497020899912e-02
-8.766526072764843636e-02
-1.150344577837789511e-01
-1.564441206415411734e-01
-1.689264897035374635e-01
-1.530773073782361882e-01
-1.730391190667761592e-01
-1.474818430931650881e-01
-1.623541122030478789e-01
-1.226972904080403243e-01
-1.146726775282716076e-01
-1.157292407053551325e-01
-1.159637614929153737e-01
-1.054464100824538814e-01
-1.106814724903956992e-01
-1.473330363647807340e-01
-1.478500762405348112e-01
-1.046932663996964913e-01
-1.190437225270215282e-01
-1.204546236361876688e-01
-8.667531195869092320e-02
-1.199319581588413897e-01
-9.601192072526257282e-02
-1.276675108818374205e-01
-1.538238962935648269e-01
-1.334362073986724018e-01
-1.546773021107342161e-01
-9.450605512830274890e-02
-1.088070954367020143e-01
-9.133657465366111505e-02
-1.093452139578600657e-01
-1.086341584153255463e-01
-7.816212243363325485e-02
-8.970133483223399762e-02
-1.089864612824074236e-01
-8.257724291380384718e-02
-9.296068302462966171e-02
-8.363007875456533735e-02
-1.171464846411569283e-01
-9.677772680899135449e-02
-8.414573997533165983e-02
-1.091791625199362986e-01
-9.292758087953754964e-02
-1.389090824861502205e-01
-1.242814334649373076e-01
-1.117794213413192544e-01
-1.056700624710755904e-01
2.943231650795311710e-02
-4.717258515533821750e-02
-4.883372643743669195e-02
-5.606888127300155289e-02
-5.890673945782601284e-02
-3.846747806685919119e-02
-1.530819178102185429e-01
-1.458866571630531850e-01
-1.574240791047869514e-01
-1.457744207808286951e-01
-1.405059347654318558e-01
-1.505998399436250246e-01
-1.763945403717986915e-01
-1.696552179075820621e-01
-1.738157113066312043e-01
-1.740884991399384851e-01
-1.689399234673624184e-01
-1.751757439299709285e-01
-1.262435101753780486e-01
-1.175448971657932218e-01
-1.283713401181089397e-01
-1.467859672263362725e-01
-1.541360407726702630e-01
-1.520758989361288838e-01
-1.840011510486665725e-01
-1.820703558384101084e-01
-1.775545864715785127e-01
-1.761487260196378246e-01
-1.752264504349779484e-01
-1.708860898304564446e-01
-4.746132845789869520e-02
-5.786167547557310303e-02
-2.282299381350399309e-02
-5.403816941368105864e-02
-6.289038364597657194e-02
-1.134382952139706829e-01
-1.294750013665625921e-01
-5.553305047552543200e-02
-1.109316954628860874e-01
-1.075075368594611558e-01
-1.539414545194002504e-01
-1.593400129331432324e-01
-1.579603782509682863e-01
-6.481858790097572154e-02
-6.620869786381149147e-02
-7.082843845585182208e-02
-6.898083506846347523e-02
-7.312048542824166331e-02
-7.889652492007610818e-02
-7.119537334976645815e-02
-7.382669963259380630e-02
-1.652921162968833679e-01
-1.715270653398007494e-01
-1.641035646865064146e-01
-1.571290536610275568e-01
-1.605306900079261634e-01
-1.568777270543960378e-01
1.070165528121442590e-02
-3.375852720312819133e-02
-5.493746189470343627e-02
-3.331561144977040340e-02
-5.526039697606548867e-02
-8.241682617775700215e-02
-6.118292669163934855e-02
-7.726364631625193269e-02
-8.791868535270559726e-02
-7.404575800750107240e-02
-9.133825519818813965e-02
-8.090269005141943748e-02
-1.256021069659695177e-01
-1.461809253689179133e-01
-1.456050932171628065e-01
-1.434444871285255330e-01
-1.408180497803274145e-01
-1.375958675522001573e-01
-1.680899791724904946e-01
-1.722107636605839098e-01
-1.675917442295219717e-01
-1.698750606648330719e-01
-1.055703509062838885e-01
-6.012608352588519334e-02
-8.010876641991296343e-02
-4.846061906402170105e-02
-8.754853078060258198e-02
-9.474730579108335549e-02
-1.114945394847091792e-01
-9.380882971390654135e-02
-9.930087832745722320e-02
-1.137421293632676772e-01
-2.114386580093437912e-02
-5.177553616277482534e-02
-3.428076870520167796e-02
-5.198868243306230784e-03
-2.502526431673434554e-02
-1.492618755381740561e-02
-1.833180744938331733e-02
-4.783770008753220060e-02
-3.170075488764254046e-02
1.134750953677452889e-03
-2.973086892330948847e-02
-3.407598364421272202e-02
-3.940723688865298974e-02
-6.484656075559705468e-02
-6.156604767935214967e-02
-2.635065910662156771e-02
-4.649912084046759625e-02
-4.555454879605610324e-02
-5.595759566064312240e-02
-8.181006505134857942e-02
-6.384070167330921364e-02
-8.430388203598529473e-02
-1.293535986523766945e-01
-1.245390180365547883e-01
-1.247211526068432025e-01
-1.177802494806800965e-01
-5.977152429797959708e-03
-5.027302873631602637e-02
-9.346007604676024672e-04
-4.051028453986672134e-02
-1.623912417458475144e-01
-1.567296634697646074e-01
1.270958870065305203e-02
-4.265182892312692486e-02
-4.934995911265571689e-02
9.256674158799747115e-03
-5.588031297519632096e-02
-7.146646831741830519e-02
-1.166609977804146381e-01
-1.195145668536158612e-01
-1.180510645089752758e-01
-9.936313341828766077e-02
-1.075319238602972238e-01
-9.989199351611464939e-02
-2.056314976940594730e-01
-1.961777536418194690e-01
-1.873660586418237628e-01
-2.022332949422067094e-01
-1.920457760350245680e-01
-1.921648204215718747e-01
-1.414331788660477540e-01
-1.356933602418385620e-01
-1.435776047949906542e-01
-8.359108786588163864e-02
-9.545118992712768591e-02
-9.323355063535070097e-02
-1.062806968245367106e-01
-1.502412936655506959e-01
-1.464397149722453384e-01
-1.502086123990797328e-01
2.929641566713066421e-03
-2.333152325139594210e-02
2.541785456564057792e-03
-3.882809362381232313e-03
-9.245064810085305146e-03
-1.480593044248925370e-02
4.080803629477537837e-03
-2.207212975515630837e-02
3.069639535103863438e-03
-8.850585034007258170e-03
-2.031509608626004548e-02
-2.253741189405722434e-02
-1.631080378124367403e-01
-1.681827510317023266e-01
-1.550142216421329378e-01
-1.597989714858311372e-01
-1.730142613819234398e-01
-1.762974798765830353e-01
-1.676845020100686812e-01
-1.702384115042875068e-01
-1.326418174082470702e-01
-1.198981970799067598e-01
-1.413736886224309652e-01
-1.978464977302570593e-01
-1.958656235258296741e-01
-1.916606319796479718e-01
-1.154600253008330885e-01
-1.056495391121076571e-01
-1.278823624845092100e-01
-1.899549375169175269e-01
-1.907508567223207829e-01
-1.853690985957455184e-01
-4.881484483167539135e-02
-6.814920175101081556e-02
-6.632829985017124619e-02
-1.032581652146854767e-01
-8.510343934104137864e-02
-1.122618258216562942e-01
-5.864775542182730506e-02
-8.135321143064137839e-02
-7.767738899493169258e-02
-1.056319215522804750e-01
-8.519099366443905197e-02
-1.125548980601086685e-01
-4.554316536573135843e-02
-6.560466678461175649e-02
-6.356323904810046166e-02
-3.482559502467711537e-02
-5.772091531529437852e-02
-3.929267025964324617e-02
-5.454908317550777319e-02
-7.411668830269034502e-02
-8.474574796867574006e-03
8.108018607604003392e-04
-3.679628231084336454e-02
7.940906034691008059e-03
-1.458669274919418279e-01
-1.530481856620095060e-01
-1.549336144311898589e-01
-1.422484136778435215e-01
-1.441495976998766193e-01
-1.466888214082907316e-01
-1.769127395636031774e-01
-1.891215529497918268e-01
-1.678436876003565892e-01
-1.797799409530840553e-01
-1.255076723569172603e-01
-1.245951983380822331e-01
-1.183108422439996116e-01
-1.136093345083118433e-01
-5.905889129158996276e-02
-6.905193921421441672e-02
-6.573898659503342456e-02
-7.742641097923196047e-02
-1.041665757610792109e-01
-8.240855265326996193e-02
-8.357120755922350930e-02
-7.522120034487027318e-02
-7.143023013379201647e-02
-5.595725450833995834e-02
-5.301467863482643705e-02
-6.973667308347157590e-02
-4.929120742717892772e-02
-6.896069784947193859e-02
-9.487801516127775114e-02
-7.872975477259172572e-02
-1.517268920847432145e-01
-1.312496581264298301e-01
-1.230012127265830701e-01
-1.381448332327042394e-01
-1.144176949646274200e-01
-1.000239432759864322e-01
-1.531833697502686109e-01
-1.437033461888787833e-01
-1.340651807412019669e-01
-1.570882875732746431e-01
-1.645115542044099377e-01
-1.192881894840645413e-01
-1.439478679993951848e-01
-1.489661761891470371e-01
-1.538419927406321497e-01
-1.482746081011891148e-01
-1.363250787555627119e-01
-1.316892282763726940e-01
-4.245295683692694444e-02
-3.641117006625901875e-02
-3.892307706482790036e-02
-3.213384164338243393e-02
-1.176724181870565794e-01
-1.153728289691787617e-01
-1.193920876311932583e-01
-1.702153896100667974e-01
-1.667182289018648289e-01
-1.694292460468752037e-01
-2.338255910493998099e-02
-2.770497894989819646e-02
-1.530578728951475509e-01
-1.545884487670683982e-01
-1.543195122600616032e-01
-1.438791954817854601e-01
-1.420740049211978717e-01
-1.422643090905300334e-01
-1.087068781647108351e-01
-8.578515537679257119e-02
-1.050849430244039096e-01
-9.592962382573438918e-02
-7.789462731251080296e-02
-9.345095643023317022e-02
-1.558062110640427433e-01
-1.582230909844642708e-01
-1.561512014351854050e-01
-1.508061145987124596e-01
-1.488599449708321587e-01
-1.508115110194205299e-01
-1.132306300672347721e-01
-9.656732098003746601e-02
-9.398506127406508481e-02
-1.047441164908821248e-01
-5.880505941712466100e-02
-3.790231882226006294e-02
2.400296187510286491e-02
-3.326109950318496128e-02
-1.137277242435874997e-01
-1.237316425828565991e-01
-1.548858877945633872e-01
-1.671257298185352680e-01
-1.501067729580392307e-01
-1.531106882342606890e-01
-1.584365847903199398e-01
-1.543063125458444540e-01
-1.884093093848107636e-01
-1.872339324766016666e-01
-1.820475741976302075e-01
-1.818398058035892995e-01
-8.448145227992266693e-02
-7.735401865003932453e-02
-8.806746783308500026e-02
-8.098631814811634022e-02
-9.646463996539807184e-02
-1.182184449321307118e-01
-9.553858118846118852e-02
-1.101885819048385867e-01
-1.435821308624305181e-01
-1.568176857021848225e-01
-1.509553305095289455e-01
-1.251646583047993644e-01
-1.291670829480333071e-01
-1.343341983819919261e-01
-7.583630467525984131e-02
-6.044315560191870773e-02
-8.942773663999804834e-02
-7.967631029223577743e-02
-6.445838361644744274e-02
-9.549660436093909688e-02
-7.072250869625186509e-02
-2.995479701690055910e-02
-2.795640662338711238e-02
-8.011915228719614090e-02
-3.235966138936258174e-02
-3.130710821551892925e-02
-6.355654542509123206e-02
-8.666926100749465511e-02
-1.123278393925373903e-01
-1.177577331952264494e-01
-1.229721477948576974e-01
-1.213964895059400501e-01
-8.172773119383146267e-02
-1.039414162432354960e-01
-1.289487684338293250e-01
-7.421425202575965274e-02
-7.031017195937465381e-02
-1.118865977027629632e-01
-3.420305381752784118e-02
-5.628950308343254327e-02
-4.812415554635804393e-02
-6.211815593565218202e-02
-2.697246408020221448e-02
-5.634941024450915853e-02
-3.249175077876088197e-02
-6.246960913805023330e-02
-9.494948169854330877e-02
-8.412230763095376873e-02
-2.065363373494579768e-01
-1.944748132740402591e-01
-1.929111803331234609e-01
-1.834175850913919992e-01
-1.931559750680418297e-01
-1.948897812156403231e-01
-1.506989167207765934e-01
-1.451356489028619023e-01
-1.502856441605064097e-01
-1.380407714911743855e-01
-1.303780133604815206e-01
-1.351870099515290469e-01
-1.116275984253569109e-01
-1.143805421135330597e-01
-1.123336921769612640e-01
-1.122456550499232875e-01
-1.012589849547580745e-01
-9.732658225001558638e-02
-1.797460275258214446e-01
-1.845145726923960727e-01
-1.865412351787978096e-01
-1.708139921089388280e-01
-1.714023130020004837e-01
-1.805050887484670741e-01
-1.074979096658124356e-01
-1.390571672398397129e-01
-1.282237784460233398e-01
-1.010980932865880449e-01
-6.252598050375522687e-02
-8.526798961625065010e-02
-1.283764112713169699e-03
2.322949646634056217e-02
4.369254568600036345e-03
2.597308913379313758e-02
-8.460014900586607101e-02
-9.518218549017405661e-02
-8.270152003896018289e-02
-9.848750879392377533e-02
-1.178652379004536399e-01
-1.312997076341815006e-01
-1.219222155986490752e-01
-1.182627470096733607e-01
-9.875647880873053563e-02
-1.051596418343956341e-01
1.591995647697537486e-02
-4.259464529601337743e-03
1.404684143223052135e-02
-1.859284342060689671e-04
-1.269159422636782220e-01
-1.212135910579115183e-01
-6.184620478230790086e-02
-7.338035010664797908e-02
-1.696198043732585481e-01
-1.657916584087727185e-01
-1.582544600584039896e-01
-1.532986100741474123e-01
-9.001041411114452800e-03
-3.526820488847264012e-02
-2.185655723899376443e-02
7.958768318740122149e-04
-3.269831083764891677e-02
-1.602220395492234828e-02
-2.612124328840549625e-02
-1.052310851456643784e-02
-2.839631760651183806e-02
-2.021714538113682930e-02
-6.895676137998065121e-03
-6.569224806416487650e-03
-4.464511703060077691e-02
-1.135352362763675238e-02
-3.361883418796174361e-02
-2.135211248872521950e-02
-4.559135832627442264e-02
-1.559665227300220842e-02
-3.259564782222103968e-02
-1.786822712932451679e-02
-1.315433474484507537e-01
-1.080269818335544418e-01
-1.074043091695144891e-01
-1.324643470815546342e-01
-1.080597199135403669e-01
-1.106962566660503744e-01
-7.935741278506516783e-02
-6.408952990106485392e-02
-7.650626017356630670e-02
-8.217522332405949315e-02
-8.526764728903687973e-02
-9.100940268218685181e-02
-8.377652102877938822e-02
-1.133211662809637810e-01
-9.629998570838863015e-02
-8.709708428967963267e-02
-1.154811881884807018e-01
-9.930889138368224900e-02
-5.036584969536684470e-02
-5.617008998755164406e-02
-7.485942702119784131e-02
-5.784660419423642147e-02
-6.476673151969808417e-02
-8.295393598238628985e-02
-1.407636315772456681e-01
-1.495767396480041089e-01
-1.139787442153338409e-01
-1.220940036641789406e-01
-1.456064379877347083e-02
-4.742400431537254629e-03
-2.330683941627511441e-02
1.310579322036983796e-02
5.213565718074521585e-03
1.380508460285304051e-02
5.053702129130119118e-03
1.057185736006938104e-02
-1.280400787139322205e-01
-1.316738628588851323e-01
-1.677600762198687978e-01
-1.683110941654044623e-01
-1.636215797272335126e-01
-1.660367071240445025e-01
-9.069074779715226298e-02
-8.822583729516497719e-02
-7.940505318490692632e-02
-7.495397480406482127e-02
-1.386511181795467007e-01
-1.359967290756501634e-01
-1.375254850809634888e-01
-1.403168341814954867e-01
-1.363849969651813598e-01
-1.391370815863797739e-01
-7.667989391377300068e-02
-8.432868127018822157e-02
-6.323877684804725396e-02
-7.136124242393755701e-02
9.740900898926862020e-03
1.285131590109754585e-02
-1.381738994896794248e-01
-1.189710663839126936e-01
-1.314380345754571910e-01
-1.063741133512317028e-01
-1.232809821791732985e-01
-1.300959103413697193e-01
-1.266248986322164316e-01
-1.310203474603593155e-01
-1.192712143400982555e-01
-1.227387211666387118e-01
-1.826884394442394310e-01
-1.767427058102740978e-01
-1.682421061983669919e-01
-1.583439107169993254e-01
-1.589247552227172344e-01
-1.598630452678212188e-01
-1.493538868759777816e-01
-1.522292695753789116e-01
-1.251153299326331625e-01
-1.304412222354152662e-01
-2.988856773893852625e-02
-4.273577974961908360e-02
-4.921555972365831283e-02
-3.606402481160773249e-02
-3.036386211213547640e-02
-5.141329613909440682e-02
-6.084100586169977759e-02
-4.514617909647753585e-02
-1.448246196948328179e-01
-1.301894018845372036e-01
-1.386486547156344784e-01
-1.322851980972449548e-01
-1.062913001290319986e-01
-1.196059225542919352e-01
-1.571769911525934815e-01
-1.567430308788215487e-01
-1.249343591146298144e-01
-1.223592016034989738e-01
-1.608456879316635391e-01
-1.668659385709925502e-01
-1.256520934681190083e-01
-1.291480597841171141e-01
-1.023459764541942846e-01
-1.273145616569253680e-01
-1.281821865211190126e-01
-1.433501117163544503e-01
-1.511634724837592203e-01
-1.458553555286294934e-01
-1.611452038409008081e-01
-1.639969883145144802e-01
-1.616699699735072437e-01
-9.386349420472814287e-02
-1.030413342422527856e-01
-1.205405519639587836e-01
-3.986939047486111332e-02
2.777055369681526772e-03
-3.331302295137091030e-02
2.378638646851882581e-03
-1.833986704241932220e-01
-2.081668631309249173e-01
-2.047696183922504964e-01
-1.918383383058359648e-01
-1.321184190908538669e-01
-1.392383799563544078e-01
-1.139458200296792484e-01
-1.229840405505965295e-01
-1.001575602832652373e-01
-1.089050055604488532e-01
-2.050014402108913669e-01
-2.063417348703873444e-01
-1.998053547019589815e-01
-2.042624107365158259e-01
-2.314862522777339990e-02
-4.061026455249418243e-02
-1.598716136997092585e-01
-1.611451150048329728e-01
-1.736935151096123953e-01
-1.555144704702880465e-01
-1.485695287763597328e-01
-1.542994813845690871e-01
-1.501268574062700756e-01
-1.440110383145498940e-01
-1.403396461279387830e-01
-1.346357686792053199e-01
-3.052417479666617514e-02
-4.053799319765422765e-03
-3.057166644255652002e-02
-3.546286571741281545e-03
-7.504923027163468152e-02
-2.563868568183991226e-02
-7.741424945790814638e-02
-2.995338623794472147e-02
-1.579218043272549374e-02
-1.378394167968684941e-02
-4.530715048835277925e-02
-4.777454416504123280e-02
-3.129853935300752621e-02
-3.630755415387768026e-02
-1.418939625531969173e-01
-1.387399857983552531e-01
-1.155206494016430274e-01
-1.228092804457129872e-01
-1.763155199617137681e-01
-1.732112626270607691e-01
-1.530212717980201920e-01
-1.624260817374912624e-01
-1.584673108270989172e-01
-1.341210356996932751e-01
-1.188777990354498715e-01
-1.133528646616399488e-01
-9.801830550109982831e-02
-1.578809968389391638e-01
-1.494067917450243033e-01
-1.595096246679160445e-01
-1.534065509519164372e-01
-1.828586556797371088e-01
-1.624614702988438908e-01
-1.606266082981568921e-01
-1.241830375568058198e-01
-1.287846479955204460e-01
-1.141632869400883155e-01
-9.831436945550309225e-02
-8.278445217483396124e-02
-1.069850679913622871e-01
-1.119352345839366436e-01
-1.684889149676142561e-01
-1.927739764883514284e-01
-1.579667555764047437e-01
-1.851249118152425710e-01
-1.264739025882566370e-01
-1.259435889695774968e-01
-1.127972367511497209e-01
-1.135840516912889064e-01
-1.481790971467941975e-01
-1.332604647035899870e-01
-1.324325274489027426e-01
-1.245563591115024932e-01
-5.833188368445685335e-02
-3.032285879833604078e-02
-4.748320005949194927e-02
-3.998327673042186697e-02
-7.144872470021883248e-02
-1.155018047554480509e-01
-1.165562608132573313e-01
-9.608729042011389387e-02
-1.113232547054440053e-01
-9.023381608760683292e-02
-1.748938812895213246e-01
-1.707365001725204001e-01
-7.586568102083850185e-02
-9.262147130757687752e-02
-6.554092833600065615e-02
-9.354965105966814298e-02
-6.287706442792538597e-02
-5.106662806152898609e-02
-1.631241421466915753e-01
-1.376519126153891437e-01
-1.461245703832457499e-01
-1.219485047212515022e-01
-1.365261999100209900e-01
-1.125208239793641096e-01
-1.033860633667828960e-01
-7.692359030816882381e-02
-1.072903723250317326e-01
-9.976959157236439668e-02
-7.786753128277078273e-02
-1.124662491576920442e-01
-9.452041071123876148e-02
-8.000802753534844158e-02
-1.128282808462998527e-01
-9.359619966366333754e-02
-7.376621946619715819e-02
-6.713337298443323997e-02
-7.390658958290036162e-02
-8.089600108483807617e-02
-7.591431582048371873e-02
-7.972679261886346513e-02
-1.524406994608930588e-01
-1.409544479055573063e-01
-1.355045824766244189e-01
-1.332798845521897535e-01
-4.747448212148527857e-02
-7.280540597191441365e-02
-3.567788643772543816e-02
-6.048036260996129260e-02
-1.496278315368694267e-01
-1.453106077862846568e-01
-1.671059231688837299e-01
-1.317472017736087131e-01
-1.300218188628257110e-01
-1.508576750438675451e-01
-1.742871492287396962e-01
-1.559111418678353622e-01
-1.518844430515330357e-01
-1.606665557765785679e-01
-1.643019159932121165e-01
-1.758647107494065442e-01
-8.260672047526630354e-03
-4.990415308000562683e-02
3.598565417306006232e-04
-4.428550615028858939e-02
-5.130951580325845279e-02
-7.114118761714231798e-02
-5.868732950692373551e-02
-7.070867914941088295e-02
-1.132533340595146126e-01
-1.087879543933295001e-01
-9.388443283162570263e-02
-1.060646359628008017e-01
-8.016107141063484598e-02
-9.418028278464957159e-02
-1.682538030395298312e-01
-1.718069371428322389e-01
-1.482029258812132266e-01
-1.574761132183554457e-01
-1.014618399618478078e-01
-9.608955482223130451e-02
-7.960712516211400358e-02
-9.133462742578050964e-02
-9.631082861784913407e-02
-8.064016030483367459e-02
-1.713767172863222277e-01
-1.626288689498187334e-01
-1.233233826554979984e-01
-1.321184680170282288e-01
-1.325902599182185171e-01
-1.442103500949973027e-01
-1.638459680015252537e-02
-2.598845442108903281e-02
-1.976040783786590926e-02
-2.548654702343079032e-02
-3.701955027326132852e-02
-3.331755384991439556e-02
-9.830771808245679366e-02
-2.440168774309563193e-02
-9.902496807957167357e-02
-4.617566661475991374e-02
-1.087074581216129904e-01
-1.248204101751789613e-01
-9.332312895813656139e-02
-1.092202365807806302e-01
-1.559585147190558629e-01
-1.746193954127371883e-01
-1.555234983430327511e-01
-1.711964658094042580e-01
-7.496444075488414849e-02
-6.139233876726827438e-02
-6.608488259948581967e-02
-9.376842021152842488e-02
-1.748601669619327670e-01
-1.546938533836681173e-01
-1.605721228154653735e-01
-1.425758784353277353e-01
-1.195571807199792974e-01
-1.159184378579785346e-01
-1.191172440041647351e-01
-1.146146834966281919e-01
-1.022242010032069909e-01
-1.182787089813413239e-01
-1.208282468757270606e-01
-1.252141289606484853e-01
-1.308534126440199230e-01
-1.858474897035168327e-01
-1.691486691237729101e-01
-1.706203868266997492e-01
-3.736424013187340104e-02
-5.744920731042724160e-02
-5.017392255915130439e-02
-6.467089807904356780e-02
-1.161177392406373826e-01
-8.588099066301006779e-02
-1.141864487722798471e-01
-8.175207656099793552e-02
-1.203498037775840579e-01
-1.152504010945927110e-01
-1.670571308383099751e-01
-1.629602840305985623e-01
-1.459568382120112473e-01
-1.474014591015680165e-01
-1.475885074279068288e-01
-1.331027283963831520e-01
-1.476629133644092595e-01
-1.478026601972361187e-01
-9.708399575640594414e-02
-9.883053146157566582e-02
-1.048119946535939900e-01
-9.612455179220358303e-02
-9.556674676807876134e-02
-9.380106562002166193e-02
-1.362400047375238177e-01
-1.153015167159713861e-01
-1.075905455726662435e-01
-1.343069906988999807e-01
-1.141015012186658156e-01
-1.108733615327500838e-01
-1.252462468661647566e-01
-1.811742670599292004e-01
-7.034112929505922929e-02
-1.039891654748117678e-01
-6.482177715962596232e-02
-1.018035352861287185e-01
-4.580201015599406900e-02
-4.840534111708905129e-02
-5.854727173405367691e-02
-5.823473224396479020e-02
-1.627157153738312267e-01
-1.673896316913832394e-01
-1.672103244190183968e-01
-1.512312138388101634e-01
-1.571471760756075475e-01
-1.569473231376373734e-01
-1.582999731704231583e-01
-1.440669648567280137e-01
-1.511114528624693809e-01
-1.339724842160754381e-01
-1.655531152255363125e-01
-1.621787440151855053e-01
-1.698686200401682556e-01
-1.570716847786991777e-01
-1.532351172629928815e-01
-1.609690007574082760e-01
-1.638971534721276047e-01
-1.666274664352389856e-01
-1.586351594401334553e-01
-1.635209182573146569e-01
-4.472799857523435813e-02
-7.507903872332485906e-02
-4.770783782724085514e-02
-7.921946034645101220e-02
-1.024194902488132219e-01
-5.519673699166496861e-02
-1.020466498136836236e-01
-5.643626490688843922e-02
-1.632633778392170720e-01
-1.570298694257969141e-01
-1.548925964571433722e-01
-1.483723244440457445e-01
-3.311847405231152508e-02
-3.145526276162602386e-02
-3.623336531749454803e-02
-2.864658008219536298e-02
-2.120711830450189295e-02
4.060843134200678092e-03
-2.506286674429302266e-02
-6.862407243182958201e-03
-1.361319453050671424e-01
-9.879887385055333149e-02
-1.057360445814241878e-01
-9.163703547236105862e-02
-1.344434590144858443e-01
-9.674882295371216301e-02
-9.888950620188148577e-02
-8.446379457535665991e-02
-1.472544287803410068e-01
-1.624690788426552124e-01
-1.600068343698495266e-01
-1.413475077732158358e-01
-1.197674842280897212e-01
-1.322408849106749273e-01
-1.352994767446624169e-01
-1.152810534219193273e-01
-1.265137786258168084e-01
-1.471237946777987082e-01
-1.604981678155276981e-01
-1.597129910677165254e-01
-6.879992866178834265e-02
-6.212183368103998959e-02
-7.653298053995820360e-02
-6.002379545041405806e-02
-3.413945042768218308e-02
6.408817966521286429e-03
-3.122246693809878348e-02
6.051272852231570805e-03
-1.771984810553609568e-01
-1.741867623538680687e-01
-4.317322416296504040e-02
-6.503412132465792583e-02
-7.075357185667761895e-02
-1.112254178696333168e-01
-1.544575775389378791e-01
-1.553628512474725942e-01
-1.612820578225038215e-01
-1.528693792337965651e-01
-9.552189422531517926e-02
-8.960489391436944617e-02
-8.699951949232638537e-02
-1.861661129556388128e-01
-1.982453233726737818e-01
-1.922670511196398480e-01
-1.840835962720280827e-01
-1.926019874899424777e-01
-1.917002380462533573e-01
-1.477882357389018742e-01
-1.364839867588207301e-01
-1.395689590996375684e-01
-1.388105246137680271e-01
-1.294797659578823534e-01
-1.326014191105638618e-01
-1.049016110052897605e-01
-1.083444606454761899e-01
-9.131918347677955849e-02
-9.000493736472607587e-02
-5.792434009622758617e-02
-4.725518836957050967e-02
-5.881260500620003745e-02
-4.161449403161447680e-02
-1.083751224889618614e-01
-1.052737347623080716e-01
-2.442876930960516738e-02
-2.841428344002292633e-02
-2.524307839590669844e-02
-8.494456542579593289e-03
-1.029938951693716298e-01
-8.823413592424918239e-02
-1.486431172636639708e-01
-1.172662635374319418e-01
-1.218714958990327751e-01
-1.728833920371246335e-01
-1.353314755571395356e-01
-1.534458534140139552e-01
-1.539553394977459522e-01
-1.536901965068630527e-01
-1.464827527099042126e-01
-1.442770398109755881e-01
-1.449836573283264651e-01
-9.376583695561564735e-02
-7.815198929308807274e-02
-3.194983128139476658e-02
-4.165350390532115282e-02
-6.048525852266752045e-02
-3.994028411870166606e-02
-4.714145848986976001e-02
-5.241668174412816850e-02
-5.794586926437812757e-02
-4.072575383381946829e-02
-7.389838594618439171e-02
-1.011035233925389049e-01
-4.948668406875642717e-02
-1.060070893507967654e-01
-6.287345469244860763e-02
-1.484152335150092650e-01
-1.584678531226381415e-01
-1.436009209289764721e-01
-1.504319509508948161e-01
-4.989778239271965010e-02
-4.706560773383238611e-02
-1.205846129757148916e-01
-1.081446879644951814e-01
-4.548986044086807817e-02
-3.980829123713335027e-02
-1.085730733881741239e-01
-9.352149887006350193e-02
-1.038266308994241771e-01
-1.045417309983722315e-01
-1.777886561796935827e-01
-1.548087593854937938e-01
-1.057374017881779621e-01
-1.078389947162073509e-01
-1.258655356583152640e-01
-1.364325560286837047e-01
-1.445883357162678906e-01
-1.552716479332876542e-01
-6.603447587363288351e-02
-6.195369662820446321e-02
-1.691387790591467322e-01
-1.684342361700808255e-01
-1.705121009340150595e-01
-1.629917778813471385e-01
-1.604866314369963465e-01
-1.636081846487275893e-01
-1.855139709578512708e-01
-1.990735671360839842e-01
-1.806198582667871699e-01
-1.900260531712806567e-01
-1.303788364198669447e-01
-1.273913752656906928e-01
-1.212183706457223425e-01
-1.198283612472081650e-01
-6.090048684362599912e-02
-8.464503993924961389e-02
-9.306010762118412105e-02
-5.963876347577962839e-02
-1.330742199850935281e-01
-1.284266140241372978e-01
-1.169468768681024839e-01
-1.289644904154295668e-01
-1.318359461255560472e-01
-1.181023965237299328e-01
-1.122021019330429192e-01
-9.193715095250729052e-02
-1.120889601599378421e-01
-1.167779207070921005e-01
-9.848918229968434135e-02
-1.169803519979523421e-01
-1.571284621429474837e-01
-1.648172026169095195e-01
-1.540655464510407580e-01
-1.593686726610293314e-01
-1.200867047349366556e-01
-1.241877659392765926e-01
-1.167126725006045196e-01
-9.912080225136547795e-02
-9.355347713195094617e-02
-8.949943162352674841e-02
-9.259963286072739330e-02
-4.888286506999452857e-02
-4.317675749740871455e-02
-3.584426075405917900e-02
-3.199838451335784706e-02
-1.235534095499156021e-01
-1.620746679741859042e-01
-1.780467340572805535e-01
-1.734887245054957117e-01
-6.647998218773976120e-02
-4.023249371690286458e-02
-2.820988813308272780e-02
-3.754658310263549875e-02
-1.473022039299550466e-02
-1.221455432156509126e-02
-2.868177291025550760e-02
-3.462740193396160373e-03
-2.371500092727070116e-02
-1.123942242729769753e-01
-1.248482875359108457e-01
-2.424631604665514542e-02
-3.552389684675334031e-02
-2.703021395111173883e-02
-4.516841569209683466e-02
-1.958938429802931439e-02
-2.018095068761859706e-02
-2.478405457956549263e-02
-1.991401770988273853e-02
-6.888181364603980505e-02
-8.219793333866666496e-02
-1.128325758518703009e-01
-1.351014394246876360e-01
-1.467801474650074767e-01
-1.557480600250035208e-01
-1.288589651199159303e-01
-1.418563551912988829e-01
-1.506425382238957833e-01
-1.667782969768346335e-01
-1.460362575179050826e-01
-1.430815176859211724e-01
-1.372392646747077893e-01
-1.563698387289557679e-01
-1.531007743933976428e-01
-1.399671409848846360e-01
-1.508851832898197298e-01
-7.570499142030381878e-02
-1.084267095432687178e-01
-1.186946191948020368e-01
-7.744228960313422061e-02
-6.186149810054324127e-02
-7.255245222993093879e-02
-1.125423968983825657e-01
-1.011402024326895077e-01
-8.947377835410892655e-02
-1.029366299824602538e-01
-1.133515343438506046e-01
-9.185198333271836491e-02
-7.818676594039077055e-02
-1.704826760355495907e-01
-1.662439057585335667e-01
-1.700023991163106540e-01
-1.596610934103165624e-01
-1.657043319566092188e-01
-1.678194875890154647e-01
-1.549556454966811991e-01
-1.601927532467083415e-01
-1.363636072420190137e-01
-1.540132464845044846e-01
-1.435902282296490362e-01
-1.068293698630676802e-01
-1.096502748764972418e-01
-1.173550112001984919e-01
-1.345150875007078140e-01
-1.512676342793094764e-01
-1.409778065225500976e-01
-1.028227076837829879e-01
-1.006228408315466422e-01
-1.103415224352071317e-01
-1.257716435698379986e-01
-1.383618051630567392e-01
-1.585851589494255143e-01
-1.581584036304422847e-01
-1.544960171785271230e-01
-1.490641815051732544e-01
-1.530538731370321148e-01
-1.573359688798469658e-01
-1.413773840969745621e-01
-1.444266000750822343e-01
-1.260530767307442568e-01
-1.951843101908297684e-01
-1.917467742389043772e-01
-1.885519127267522022e-01
-1.844510002906397939e-01
-3.936739760539546829e-02
-4.210521095491914778e-02
-1.657300637785178582e-02
-1.590638838757412257e-02
-1.599259851035343405e-01
-3.440352932243927186e-02
-1.198841872811860429e-02
-1.176967555063050813e-01
-1.200866284836335368e-01
-7.905245383946903071e-02
-8.767819461631085054e-02
-1.072034530223748283e-01
-1.109257500125262891e-01
-8.550764408670449845e-02
-9.227949689904198227e-02
-1.731532103009801593e-01
-1.748031193599567934e-01
-1.756830377793382192e-01
-1.920118243741718023e-01
-1.704733325490599416e-01
-1.814302485849704216e-01
-1.863311201682272267e-01
-1.651298401567893592e-01
-1.760444469361621689e-01
-1.166770158554316095e-01
-1.114182228452407913e-01
-1.199749429595699524e-01
-1.095895769469728831e-01
-1.031354201495618406e-01
-1.144224042217304033e-01
-1.151193922213122889e-01
-1.288355933706494261e-01
-1.361207415185202163e-01
-1.619871576658922230e-01
-1.516346724784498612e-01
-1.729774139194734384e-01
-1.595336693838429187e-01
-1.519503317119357544e-01
-1.498970226675507833e-01
-1.529835273837741316e-01
-1.566441998678541059e-01
-1.522914452640102001e-01
-1.562642678196245749e-01
-8.868769549208366243e-02
-9.309672458240617066e-02
-9.591598538914812566e-02
-1.122398236379914538e-01
-1.796868364540358254e-01
-1.292615703727171828e-01
-1.718544347615914569e-01
-1.207672324177999912e-01
-5.966126005097304591e-02
-7.719539615304953084e-02
-5.554914842379358314e-02
-6.376504944099402328e-02
-7.829359355051364322e-02
-6.468178293844231708e-02
-1.218136584667028482e-01
-7.122401315201339067e-02
-1.043881964115387223e-01
-7.681134805962980261e-02
-9.607086432982409052e-02
-5.311721608501560749e-02
-7.595977345785841217e-02
-2.503882611316230952e-02
-2.336972665850286721e-02
-3.679122788138178279e-02
-4.157122115761203995e-02
-6.886884104181827115e-02
-7.586136890699521351e-02
-6.224520225066822871e-02
-1.679632411505881454e-02
-1.495612579383279184e-02
-1.897672844374840018e-01
-1.211972931880018062e-01
-1.073944160270424025e-01
-1.972142460712973389e-01
-1.269650363788627778e-01
-1.139514295709133929e-01
-1.213469845495647459e-01
-1.310127029449463520e-01
-1.173686999840663908e-01
-1.237149044330780878e-01
-1.068227620265037731e-01
-9.946133407593930886e-02
-9.465239507711817324e-02
-1.123214026650713737e-01
-1.098476625799486850e-01
-1.025357768632657179e-01
-1.311224089244353297e-01
-1.284998878030552127e-01
-1.353956625893888432e-01
-1.449875953243721649e-01
-1.383818911501441262e-01
-1.354269543403424092e-01
-4.823599374626064834e-02
-9.176089231671802349e-02
-5.723211524570474829e-02
-9.533670034018999762e-02
-8.393742874727111447e-02
-1.657666648087420258e-01
-1.715700690093785452e-01
-1.523325129190199467e-01
-1.553433241786477403e-01
-1.394121867116565328e-01
-1.087426263980446339e-01
-1.123999077033980554e-01
-7.987655774856172730e-02
-9.798541664487146752e-02
-3.841643856456278261e-02
-3.732672228003673653e-02
-8.372949004254767735e-02
-9.110978793204332904e-02
-2.063327148862387495e-01
-2.014347252427287627e-01
-2.003946461069500695e-01
-1.927195822894712807e-01
-1.204141332070738507e-01
-1.221366834173490262e-01
-1.040213892716221611e-01
-1.039111756955839183e-01
-1.770943474339740364e-01
-1.713153243927049707e-01
-7.109241353118947448e-02
-9.406495721935899390e-02
-3.451951131089787267e-02
-3.461771722203620810e-02
-1.501526346775682863e-01
-1.579955986118926348e-01
-1.467191808934322772e-01
-1.527542332043318463e-01
-1.154417036061445301e-01
-1.249629885158485970e-01
-1.100097060945434135e-01
-1.189932949398293666e-01
-1.411333850397750445e-01
-1.022946332262904268e-01
-1.388962381890161413e-01
-1.003481395074913018e-01
-1.660480780090199671e-01
-1.733139650358400952e-01
-1.604096111330141350e-01
-1.669586923369315856e-01
-1.716847457095377616e-01
-1.690269364510585959e-01
-1.112769867259531947e-01
-1.206911638654030172e-01
-1.377450258081021617e-01
-1.431361949912290932e-01
-1.398456780470151428e-01
-1.472977675782835560e-01
-1.615123361471351437e-01
-1.708149626560024614e-01
-1.676621069243873774e-01
-1.633741454393450865e-01
-1.549427292727361127e-01
-1.624880503115390951e-01
-1.502675413031815399e-01
-1.517137114163679690e-01
-1.055933572260924908e-01
-1.300985859301759529e-01
-1.421964256092518863e-01
-1.127292449189132711e-01
-1.212579929950509255e-01
-1.021717296587374285e-01
-4.252271444749234491e-02
-1.444577832093182079e-01
-1.434895553722716210e-01
-1.369097291039380604e-01
-1.377122006795751807e-01
-1.279396548625477137e-01
-1.308334156979987228e-01
-1.612851778842727124e-01
-1.639779894116260295e-01
-1.555780782889386871e-01
-1.572096871415770702e-01
-1.291222417781614507e-01
-1.500755138312737658e-01
-1.471030970327325271e-01
-1.619107781712221250e-01
1.395833788250691251e-03
2.331463466801814415e-03
-6.249729019945868963e-02
-6.196060430981276818e-02
-4.873753996379432546e-02
-5.317344955547963214e-02
-4.553612889836365640e-02
-5.298414907060323281e-02
-4.326482864707648091e-02
-2.659003238575666922e-02
-4.505669575360791990e-02
-2.011078063782312589e-02
-9.266246395820215698e-02
-1.100933403638516550e-01
-1.584285927625078971e-01
-1.834111812152839915e-01
-1.443387984950544878e-01
-1.092977039516243448e-01
-1.006144194088711002e-01
-1.505447905181938051e-01
-1.195654155110103256e-01
-1.146558478387204733e-01
-1.363631973424302146e-01
-1.401859719007940430e-01
-1.227760339931655009e-01
-1.340393999527678126e-01
-1.376020780101934182e-01
-1.395449790289435832e-01
-1.182800342974209273e-01
-1.275516374832671995e-01
-1.269205949873959127e-01
-1.363947365246699073e-01
-1.234121367582963202e-01
-1.329630620248618278e-01
-1.401614480969181620e-01
-1.464812763835307008e-01
-1.435820132294134965e-01
-1.489816813522836236e-01
-1.581001737352556447e-01
-1.620151798940641652e-01
-1.531061185816311454e-01
-1.480453382193965828e-01
-1.486111986938562224e-01
-1.449102616493843643e-01
-1.038855179242333532e-01
-1.215626043092644382e-01
-1.167789366067212981e-01
-1.319344594214192645e-01
-1.941628843696919515e-01
-1.970731408542780727e-01
-1.862934358676849034e-01
-1.962692179776278079e-01
-1.381991007523032111e-01
-1.452677160338146645e-01
-1.627893960869790102e-01
-1.672552233474049466e-01
-1.753545136795972847e-01
-1.451541003276939634e-01
-1.581525528913962364e-01
-1.661576177510493690e-01
-1.792302843113594557e-01
-1.869499769202085937e-01
-1.732912232661763807e-01
-1.809576318435532349e-01
-1.991035140740513854e-01
-2.069912593053161443e-01
-1.944196570312883288e-01
-2.016520090190619674e-01
-1.243101087660465759e-01
-1.267796466455469451e-01
-1.130789147215966045e-01
-1.139982316637686011e-01
-9.916436104438425270e-02
-1.057318401081923931e-01
-9.104437134320129965e-02
-8.498290111220632714e-02
-2.028148797398847403e-01
-1.958422456459730787e-01
-1.994599302354270465e-01
-1.914038311749852450e-01
-1.304856443213555373e-01
-1.338425525592433774e-01
-1.184272186230469481e-01
-1.217144477075830650e-01
-6.134182392159635150e-02
-5.128249814674885887e-02
-6.905825379528256203e-02
-5.414533758467650337e-02
-5.198690411567501168e-02
-4.006230458413640588e-02
-5.615970978471045844e-02
-4.404963615989609255e-02
-1.251283856992359556e-01
-1.371916242448884549e-01
-7.773482260797541510e-02
-8.082024155366243634e-02
-1.322597011822071733e-01
-7.513170680375455546e-02
-7.526212007630751766e-02
-1.503989207741694700e-01
-1.500176661947020262e-01
-1.339180707158786621e-01
-1.438884235177379234e-01
-3.718636695238424633e-02
-3.617924753615792827e-02
-4.205583983615764770e-02
-4.219382391615127126e-02
-1.697169479586753960e-01
-1.613794630394032592e-01
-1.535101014814420906e-01
-1.543417155539862362e-01
-1.563495064761064313e-01
-1.685508713801073810e-01
-1.304452792517236392e-01
-1.871503902157787280e-01
-1.214638658307266444e-01
-1.734631716685877956e-01
-6.056713045192409217e-02
-7.313308525222533829e-02
-1.551883142278550343e-01
-1.397981730098963871e-01
-5.659729880160813131e-02
-1.053261635981939670e-01
-1.158571337468125434e-01
-1.115821554898435153e-01
-8.701863690210137961e-03
-2.385490746122864020e-02
-2.541899039944075372e-02
-2.597497548706121859e-02
-3.189177582895737911e-02
-5.432559442355350265e-02
-5.505344335962891744e-02
2.392130230484827355e-02
-7.445272276476197146e-03
-2.950079043663347833e-02
-3.858558439185951622e-02
-1.220202854967441727e-02
-5.598987879344266387e-03
3.106279866232284238e-03
-1.057375629084372233e-04
4.271483683712744804e-03
-4.293196063618566483e-02
-5.825983626456079922e-02
-3.186036012718013871e-02
-5.233366264908009824e-02
-1.915171230483454431e-02
-2.913387232425088819e-02
-6.172650625221735854e-02
-9.930567325342239127e-02
-1.537409948251372005e-01
-1.368035895750700226e-01
-1.215450871257405252e-01
-1.187541900238306136e-01
-3.904219864551661257e-02
-4.748185193522512504e-02
-7.656808438578760478e-02
-9.599362800720157018e-02
-1.686434002920937092e-01
-1.813924458973685816e-01
-2.050205144120198497e-01
-1.940513645441603041e-01
-2.067113847406581162e-01
-1.955504784878998314e-01
-1.865486863577916488e-01
-2.031159243825159111e-01
-1.280383065098512907e-01
-1.238572753970378637e-01
-1.274734330936841131e-01
-1.208209361544899108e-01
-1.154606114110896947e-01
-1.196850597900724761e-01
-1.252787525679895375e-01
-1.281107215480440653e-01
-4.578299624360203379e-02
-3.985385090029014421e-02
-3.573984129015103650e-02
-5.569988947034141408e-02
1.388616130963991717e-02
-2.601470672688780891e-02
-2.978095888560198037e-02
-7.958760809817097548e-02
-2.753812125761131296e-02
-2.070222603362481192e-02
-2.064418407725892024e-01
-1.934910743172904013e-01
-1.240039811681810933e-01
-1.093383537954972368e-01
-2.601285763070097443e-02
-3.237074914297616290e-02
-2.908069780199501464e-02
-2.816652628280535628e-02
-3.936357746325983009e-02
-1.718706686720019444e-02
-2.203846061197125422e-02
-3.292957695280179786e-02
-1.073901629546757455e-02
-2.403766322692202362e-02
-3.654719519553246282e-02
-3.322452502489434828e-02
-1.432375261393754040e-01
-1.525573039526130492e-01
-1.455181493987767194e-01
-1.556132221303219987e-01
-2.005374438932681080e-01
-2.007111171986679377e-01
-2.094160512143053154e-01
-2.035639078245236044e-01
-1.985155434504838057e-01
-2.092682775864044553e-01
-1.328047627678571596e-01
-1.357967103218065130e-01
-1.365894474201660713e-01
-1.267966251429908930e-01
-1.246082570911527243e-01
-1.271874999481072410e-01
-1.708653101770689076e-01
-1.747738795828825131e-01
-1.694736159821663979e-01
-1.711814215364616532e-01
-1.838271855646273489e-01
-1.809519112869611146e-01
-1.776869901837493659e-01
-1.755010963665604440e-01
-1.234640396606750679e-01
-1.298975175983245467e-01
-1.157582926292977932e-01
-1.219106910748997269e-01
-2.399718478978605726e-02
-5.814219873947110845e-02
-5.024410299150565418e-02
-5.439087362153128408e-02
-1.462605184534325475e-01
-1.456328289982272151e-01
-1.581926750191794406e-01
-5.650450116715006327e-02
-6.079506641864024230e-02
-4.799535322288608907e-02
-1.703714092479071129e-01
-1.798311966020572361e-01
-1.539928200706671968e-01
-1.673593039666841642e-01
-1.216623919893888711e-01
-1.164889105195697355e-01
-1.247201323569214898e-01
-1.103964525970412558e-01
-1.188900588099009031e-01
-1.142859266063186163e-01
-1.313260557906749948e-01
-1.184353362005529098e-01
-1.340619398348003311e-01
-1.525741737845372203e-01
-1.535090337518532078e-01
-1.560938498074601333e-01
-1.759077667322642424e-01
-1.689537679717739438e-01
-1.561804032617547244e-01
-1.544542622991322001e-01
-1.610000740795760332e-01
-1.531605442488907509e-01
-1.522741928493338837e-01
-1.454051003352925253e-01
-1.876980438269779672e-01
-1.865459012517814430e-01
-1.858745211144822995e-01
-1.862876031817140565e-01
-1.739535697869067088e-01
-1.498967769586005416e-01
-9.409503246693932954e-02
-8.126532159331499583e-02
-7.222157531897076266e-02
-8.273734868402712883e-02
-1.638498971282923433e-01
-1.471826632384112821e-01
-1.505165974787979755e-01
-1.334709072721243228e-01
-1.425817113802740899e-01
-8.627382752210140809e-03
-1.304254341619658260e-02
-3.307576526823441648e-03
-1.597679216968991150e-02
-5.913291824718604206e-02
-2.216120670648986241e-02
-3.920253565900053833e-02
-7.403836639129152131e-02
-3.564557575000028983e-02
-5.247313596871144847e-02
-1.030987901824852032e-01
-9.807075282468484534e-02
-9.351411633862974360e-02
-7.640656389212942268e-02
-1.825368589620717658e-02
-9.791274003756678113e-03
-1.992871386095946551e-01
-2.026743724569074201e-01
-1.996669301899064164e-01
-2.081655845549606476e-01
-1.436646827510654478e-01
-1.421744514748754795e-01
-1.295557529619626169e-01
-1.262465335542619083e-01
-5.496919899207615423e-02
-4.015918467979725376e-02
-1.658944864790943552e-01
-1.693175042561647359e-01
-6.726157946571269253e-02
-6.321377685703860605e-02
-1.517619183342724110e-01
-1.864623981188258950e-01
-1.790915806440578906e-01
-1.859711672584204722e-01
-1.805639090005467240e-01
-1.751341682699062707e-01
-1.815356040027591711e-01
-3.463825651983451492e-02
-5.896023185403414385e-02
-1.521775892622402038e-01
-1.530323164205423803e-01
-9.310569349118194560e-02
-1.077085102521872090e-01
-7.523948789488732469e-02
-9.400414657715502886e-02
-1.313460706509218257e-01
-1.432662656845590243e-01
-1.691959066850287352e-01
-1.659754698977503329e-01
-1.661748564508357395e-01
-1.567056841210061890e-01
-1.545414946531284139e-01
-1.569820282210647733e-01
-1.306879379862265766e-01
-1.292022062812444583e-01
-1.607707938210856113e-01
-1.320711489051943077e-01
-1.414790369196181619e-01
-1.498915220620764821e-01
-1.399494765854352452e-01
-1.459257427968053411e-01
-1.297038016163895024e-01
-1.493971607869301055e-01
-1.325442576115413995e-01
-1.495040938051205581e-01
-6.416800540065663305e-02
-5.191598583109593990e-02
-5.171378157904189810e-02
-6.689152911778727117e-02
-1.506199579215277140e-01
-1.406400931756353889e-01
-3.440302008723050003e-02
-5.048483171634047389e-02
-1.385343086670473567e-01
-1.447564718303733511e-01
-1.477857304003476480e-01
-1.383784404888839248e-01
-1.464765464415234142e-01
-1.780671038478820467e-01
-1.212406607132456432e-01
-1.680408507630741233e-01
-1.142986809856048197e-01
-4.581885190498173610e-03
-3.187163085857524364e-02
-1.073350976609595969e-02
-1.557221663733336647e-02
-2.909899709107780300e-02
-1.144689933048700231e-02
-1.498097445480782788e-03
-7.163803641368542315e-03
-1.969870531512846190e-02
-3.682150875411061269e-03
-7.040910975353945229e-03
-2.094814604847039866e-02
-1.292914319771742981e-01
-1.006935451966193967e-01
-4.884981082652709722e-02
-7.103667532863716660e-02
-1.241583273626298972e-01
-9.088862421070097175e-02
-4.938916501293478395e-02
-7.261563104807176872e-02
-1.714774414223486643e-01
-1.613647818456305505e-01
-1.510513642514200450e-01
-1.631569769143641491e-01
-1.453719085077408713e-01
-1.056044615024610278e-01
-1.500949863110634663e-01
-1.069509207398170181e-01
-1.244741904778730313e-01
-1.195158999289617496e-01
-1.762167941325208098e-01
-1.382620255874827397e-01
-1.325087043410886622e-01
-1.750456518165521280e-01
-1.618872893346744168e-02
-5.389909244023973617e-02
-4.273531348580100059e-02
-4.990865866409982532e-02
-2.950876988318363106e-02
-4.027882093648214173e-02
-3.271633958409864845e-02
-4.526994348410787183e-02
-1.134535448111545913e-01
-1.087879915614921728e-01
-1.159443852960394539e-01
-1.065192686996049992e-01
-1.176849381810485817e-01
-9.344534331870787969e-02
-1.008968218460353922e-01
-9.592331402554434006e-02
-1.837328639092430105e-01
-1.792784635634607771e-01
-1.825778094090597659e-01
-1.764495515151812688e-01
-1.407517325980510159e-01
-1.389954538694915809e-01
-1.332404052952507467e-01
-1.325094371869787735e-01
-1.536038903429653713e-01
-1.558911143562755064e-01
-1.644490277558862956e-01
-1.662289546491343972e-01
-1.651058225029909121e-01
-1.620932385953988697e-01
-1.526323400380222850e-01
-1.524791693566131534e-01
-1.469734654803795393e-01
-1.251598172155097000e-01
-1.524981945021089969e-01
-1.577326057463900033e-01
-1.466142402355697649e-01
-1.516208138014610018e-01
-1.240929804732385372e-01
-1.821693014008191613e-01
-1.129753594915299808e-01
-1.715202314562274954e-01
-1.219270476583082241e-01
-1.360745055725655073e-01
-1.367621529625429599e-01
-1.228268147135393867e-01
-1.761757802548477303e-01
-1.744343501398692431e-01
-1.691701514671819784e-01
-1.611346162095872447e-01
-1.503176286061712330e-01
-1.485777133169645381e-01
-6.727871054664859296e-02
-8.706240502144423077e-02
-1.084459639966195293e-01
-1.158087734214801739e-01
-1.224869475756098225e-01
-1.402774952198442560e-01
-1.159134345909293567e-01
-1.364495535156667883e-01
-1.020672516265516555e-01
-8.287170835984082606e-02
-9.797715861599189113e-02
-8.109151811700796020e-02
-1.666321717476157427e-01
-1.254051699160556033e-01
-1.204289124827098434e-01
-1.401315352936603476e-01
-1.069277873310597038e-01
-1.005182464977353446e-01
-1.565586465001144734e-01
-1.346329623714913049e-01
-9.756172472558469200e-02
-1.059933814891883819e-01
-5.844166996890642202e-02
-9.586662918858628035e-02
-1.396741781726732190e-01
-1.406324082668481412e-01
-1.324149550799445518e-01
-1.210593072926767766e-01
-1.077155893461397979e-01
-1.124274864644256577e-01
-5.896143522534864900e-02
-8.100156860302956674e-02
-5.991735189132701284e-02
-7.715303439602606839e-02
-9.578930231376137083e-02
-8.201675720705242645e-02
-1.044339243254625155e-01
-1.052374723531215306e-01
-9.363889340868332412e-02
-1.135969911007503191e-01
-1.425051542780747804e-01
-1.224831218831149288e-01
-9.306163138966921933e-02
-8.864718233251073221e-02
-1.293627617672002961e-01
-1.033485355919943338e-01
-5.697556051897571111e-02
-6.419340769879741671e-02
-1.944720690947656649e-01
-1.877867662430638684e-01
-1.878846892228450971e-01
-1.857868696570082467e-01
-1.816129075905778545e-01
-1.819932599895587588e-01
-4.217417256955858368e-02
-4.006757593715246785e-02
-2.245159538328992191e-02
-1.760302567674758636e-02
3.422459990163834263e-04
-1.471875579615025340e-02
1.200527569984250441e-02
-1.675357009939362415e-02
-1.564607573775602389e-01
-1.442825572036982029e-01
-1.454859579196431385e-01
-1.339580231333192817e-01
-1.511438305353714207e-01
-1.260524810392652240e-01
-1.354276438841637009e-01
-1.178287376206454268e-01
-1.441844891172704701e-01
-1.246207637257211731e-01
-3.874518894805506486e-02
-1.573402087821797191e-02
-6.056046218881363380e-02
-5.595326493657213490e-02
-6.135759637246272075e-02
-5.685365644633358362e-02
-6.067476763474608653e-02
-6.047425642119350075e-02
-1.263773218224653605e-01
-1.233826386638548350e-01
-1.613179056225812202e-01
-1.587452886522221496e-01
-1.105906442167840925e-01
-1.068938961647253327e-01
-1.601679122867432914e-01
-1.388256838947087846e-01
-1.630611287555221167e-01
-1.417012571236571650e-01
-6.499422455142464528e-02
-9.429761769558300810e-02
-5.705223877906748925e-02
-8.175460292067324164e-02
-1.250005122202771657e-01
-1.586257722246280089e-01
-1.532936627417600395e-01
1.259832366521657001e-03
5.113942338026992475e-03
1.148201350596997350e-02
-4.178764863824843863e-03
-1.603503337733247214e-01
-1.627991055151272182e-01
-1.526392437499838051e-01
-1.557304697658101755e-01
-1.350046281635402801e-01
-1.394391797083897877e-01
-1.564761573660274907e-01
-1.573254312641659269e-01
-1.223321781099285660e-01
-6.592563229616828224e-02
-8.407843160251340930e-02
-7.345147167768917296e-02
-8.755005457866299468e-02
-1.149042803472127144e-01
-9.054960068869538636e-02
-1.176959024891485461e-01
-8.976822050374877460e-02
-1.442332265452667406e-01
-1.320320714533332052e-01
-1.509039933554101320e-01
-1.457353089372799559e-01
-1.510230661562863286e-01
-1.719578145600816343e-01
-1.778173685050489783e-01
-7.378060178850091855e-02
-6.938783580375774973e-02
-1.490496112387428851e-01
-3.950131096218950644e-02
-1.230612872371327458e-02
-4.413339136744983543e-02
-1.245923239509436932e-02
-4.683347432193202264e-02
-1.446068975029518415e-02
-2.667874144015391219e-02
-9.519608402894853480e-03
-1.714048586848191669e-01
-1.620343166277694036e-01
-1.637188561340784387e-01
-1.614981786862684787e-01
-1.467264225166517722e-01
-1.499859107175344208e-01
-1.223107773855641872e-01
-1.147648076189327626e-01
-1.171034034091846254e-01
-1.181879918955495851e-01
-1.043873561738303535e-01
-1.116876542417246515e-01
-1.318712425146323364e-01
-9.860844442227773010e-02
-7.988761629159346622e-02
-1.887810769015152712e-01
-1.863483004719587999e-01
-1.855072350917636448e-01
-1.842140381499927926e-01
-8.788490571713579447e-02
-8.211357626059792580e-02
-1.227495722317175630e-01
-1.182928990149298420e-01
-1.631425388228147089e-01
-1.610348251952432863e-01
-1.653978179792926495e-01
-1.564185321642228288e-01
-7.766587260434017204e-02
-6.739697896255436582e-02
-8.837791358346598625e-02
-8.207041708619079723e-02
-6.799346162530572890e-02
-9.320033763052069931e-02
-1.077790243054302238e-01
-1.211342004802141159e-01
-1.657832360896744073e-01
-1.509666067639331699e-01
-6.781763786094648083e-02
-8.781591405169478226e-02
-5.959739386391919164e-02
-9.177595737506855089e-02
-1.558833443248038853e-01
-1.307294283112769850e-01
-1.563604508717821029e-01
-1.216889638531800238e-01
-1.670222240186822193e-01
-1.639482721744470461e-01
-1.616072225413546781e-01
-1.568387972405598241e-01
-9.119944553462044912e-03
-4.478330072523521721e-02
-4.736553256861987526e-02
-3.263369362469128315e-02
-1.956672568475739116e-01
-1.923406228743663460e-01
-1.949480309363127717e-01
-1.908411246609189871e-01
-1.445850780415243730e-01
-1.484924228417991432e-01
-1.375913478264788603e-01
-1.403505387179901087e-01
-1.811189647535799419e-01
-1.892604157787814989e-01
-1.726058319421562848e-01
-1.843292041755433819e-01
-1.712212921323118253e-01
-1.746365791129922129e-01
-1.787847427403825296e-01
-1.737415404290253429e-01
-1.140346406477121821e-01
-1.136921378598103466e-01
-1.512299539958401051e-01
-1.585388842546067711e-01
-1.540182605465130194e-01
-1.553279775597168066e-01
-1.420706064525026346e-01
-1.417575760328520507e-01
-7.519427826803268267e-02
-7.523371727815066079e-02
5.381324246934026008e-03
-3.117415350919385680e-02
-1.785609108924419708e-01
-1.743876424941076531e-01
-9.282118548872411723e-03
-4.975500126501300469e-02
-4.035961326089553686e-02
-3.569579987964922874e-02
-3.645741092239277586e-02
-2.822865435265479658e-02
-9.477335878779807529e-03
-4.822902320672595861e-02
-1.428425453307224369e-01
-1.246732486462421435e-01
-1.097193426766606139e-01
-1.225642877695373445e-01
-1.304220971631408765e-01
-1.270625375779885491e-01
-1.313852852662168724e-01
-1.279613584704860363e-01
-8.561345817819222825e-02
-7.469292772846249095e-02
-9.615725611135625406e-02
-8.225255045112563057e-02
-1.066683595948098445e-01
-1.683935359341666160e-01
-1.571365351744939132e-01
-7.574825555660745502e-02
-8.335202162509310064e-02
-8.062618240703915695e-02
-8.732922439629625666e-02
-4.635932958900701450e-02
-5.274887494093605245e-02
-5.319759355951030749e-02
-5.999923040671834712e-02
-1.591606906937092503e-01
-1.618902568272986564e-01
-1.502354937417550440e-01
-1.545552667072062070e-01
-1.519409009971616764e-01
-1.429386935876846842e-01
-1.483744427121033160e-01
-1.516063340752954458e-01
-1.491274056596087194e-01
-1.436565914404586419e-01
-1.500327026452641377e-01
-1.513956075464609474e-01
-8.253307697710425550e-02
-4.896597166580914789e-02
-4.921054527597357175e-02
-8.503626445169373826e-02
-1.131496065127309686e-01
-6.425239685528982836e-02
-6.592618747715528471e-02
-3.703194048967111546e-02
-2.035878487634646961e-01
-1.949216649498582421e-01
-2.001311521981093411e-01
-1.922288513274354460e-01
-1.915583864427968241e-01
-1.979814531577889225e-01
-5.319678954407490445e-02
-3.165291463615747813e-02
-1.372915697343342900e-01
-1.452198828960967747e-01
-1.357739280828069994e-01
-1.507446450399524129e-01
-1.310618848886953569e-01
-7.365299329398923567e-02
-2.033549477789962368e-01
-1.960770197736851073e-01
-1.314407967596632476e-01
-1.229823086986776004e-01
-1.398515847256040223e-01
-1.370758421886313638e-01
-1.389592344869074458e-01
-1.313748892466128637e-01
-1.246308185315566641e-01
-1.069987572664590630e-01
-7.911417606157904181e-02
2.906171026783862382e-03
-2.836152986225109335e-02
7.112785838131498173e-03
-1.983047986785200015e-02
1.489372555036332611e-02
-1.945065332503551903e-01
-1.883661948835806677e-01
-1.906444027332099556e-01
-1.838185135419626304e-01
4.899214868098735083e-03
4.787371598023290944e-03
-3.146622439139845628e-02
-4.217931312038210312e-02
-2.991712311320870316e-02
-2.446681379790201921e-02
-3.266164073576416360e-02
-2.351193086133954169e-02
-2.458403655979832930e-02
-3.323214370811240770e-02
-1.504980819560748084e-01
-1.298099300786151877e-01
-1.153903569075263313e-01
-3.889247775212618941e-02
-4.776256084242704036e-02
-4.524850426692020311e-02
-4.102430985060833563e-02
-1.540679600571483177e-01
-1.442604654819746868e-01
-1.615826471759523597e-01
-1.525685228616623923e-01
-3.256331141302331450e-02
-1.400570762286274494e-02
-1.107048390866601645e-01
-1.135823190954030060e-01
-1.133876584019419126e-01
-1.005650619351920738e-01
-1.294031731342423774e-01
-1.267000373618319409e-01
-1.455035387027841520e-01
-1.349745155795351315e-01
-4.285591301170776218e-02
-5.600710564138035308e-02
-2.228826758936760383e-02
-4.289410883393664220e-02
-1.242297453706457944e-01
-9.517598468737038797e-02
-6.048274694760173015e-02
-9.356734641309094602e-02
-1.268571469758942583e-01
-1.342077673293966544e-01
-2.035827044277491171e-02
-6.222646759935264102e-03
-1.846538194941218236e-01
-1.805618594335771654e-01
-1.287923792739018025e-02
-1.703705001852373613e-02
-1.053179814924987134e-02
-3.834022866789076750e-02
-1.302296770085260569e-01
-1.169760283923116095e-01
-4.544542088387621553e-02
8.409055771903465107e-03
-3.106465306898814616e-02
8.729433426128637569e-03
-1.144593071071256796e-01
-1.246727270681556171e-01
-1.348602286550699969e-01
-1.179779326491173508e-01
-1.242203927105086786e-01
-1.969568734587434922e-01
-1.983196196217997254e-01
-1.913537686542171323e-01
-1.920418839593470706e-01
-5.474912743041872309e-02
-5.637482220642187070e-02
-1.695680776439402182e-01
-1.723632199995486225e-01
-1.317765550247450013e-01
-1.290958343030320365e-01
-1.476730527613513977e-01
-1.335431587258695818e-01
-1.473900103281646778e-01
-1.343684117957388013e-01
-9.714857492846080966e-02
-8.720247552487601916e-02
-1.059010301553418854e-01
-9.305584204704694939e-02
-5.749196250747554832e-02
-7.091120336864975560e-02
-3.555615904629807339e-02
-4.017572974628164789e-02
-4.808223891490482488e-02
-6.392819271218320998e-02
-4.216685351902320356e-02
-5.043393140329102686e-02
-4.045172101614750992e-02
-1.327255670549011730e-02
-2.931265576167431039e-02
-1.153454480180259208e-02
-1.771132581779112994e-02
-3.221516643669665534e-03
-2.293063420315256257e-02
-8.901776138732627949e-03
-1.483128819855034641e-01
-1.397873207352765823e-01
-1.739490376672212651e-02
-1.674244361269149051e-02
-3.685336587213765020e-03
-2.620400773370296435e-02
-1.379113391357354723e-01
-1.741633744087483782e-01
-1.710470562676326134e-01
-1.314979751944293507e-01
-1.355738759880955879e-01
-1.548540875836190434e-01
-1.438006158242253196e-01
-1.938558187159258039e-01
-1.974124488330387672e-01
-1.952947391853672998e-01
-1.965273117862448016e-01
-1.445277795972732537e-01
-1.481326071782359532e-01
-1.324269732229423624e-01
-1.380555978617495627e-01
-1.542101845265005933e-01
-1.486069052926570766e-01
-1.737119989687692656e-01
-1.687508240571350682e-01
-1.538954268463892106e-01
-1.513062522168191482e-01
-1.465753354696145982e-01
-1.475072445064988524e-01
-9.595478693187953212e-02
-1.078227386588737624e-01
-1.593322211419248569e-02
-2.553466087964825770e-02
-5.893215249899861480e-02
-6.386875303140075733e-02
-7.034334385103992171e-02
-3.706512983609337036e-02
-5.104306369973164725e-02
-6.464786417540949182e-02
-7.552428138796769830e-02
-4.753085508229899780e-02
-1.810391026197127051e-01
-1.754299417470146227e-01
-1.222668972350197947e-01
-1.140794345687327349e-01
-1.459088891009775388e-02
-4.508270293891267211e-02
-1.387770586348556767e-01
-1.403879939176490566e-01
-8.951246876160505461e-02
-4.025270373920603745e-02
-1.050412451071328643e-03
-2.697804287843503721e-02
-1.105003151391454816e-02
-6.474756934720185542e-02
-1.392336930898495362e-01
-5.218625228386444825e-02
-1.145429345410838538e-02
-7.002656824986926154e-02
-1.425926598171971815e-01
-3.468703912207331264e-02
-3.430818290176627233e-02
-1.624511982284574177e-02
-1.608002807718338437e-02
-3.698509168179696383e-02
-6.637935908585412825e-02
-3.218591941432844689e-02
-6.037633709567605256e-02
-3.361387545708925673e-02
-3.183727186994557423e-02
-2.924685421798160767e-02
-2.872596329434941656e-02
-1.266223503917836557e-01
-1.335021824908714794e-01
-1.337897631761444939e-01
-1.373611854844303537e-01
-1.430281783900144432e-01
-1.450971440320182604e-01
-1.418665128563040001e-01
-1.413198913104611598e-01
-4.925091764258312382e-02
-4.763700062252146372e-02
-9.642826088400992257e-02
-1.052244849789028408e-01
-1.479708040668929747e-01
-1.454136850532529446e-01
-9.926914809450913812e-02
-3.134570709315125797e-02
-4.864588872005414649e-02
-1.378105110695314883e-01
-1.223821208313027875e-01
-6.712649114017960050e-02
-8.037299711001395786e-02
-1.038251058552751155e-01
-8.225091931478403784e-02
-6.569819251524347536e-02
-8.022361423635321342e-02
-1.210390915689386337e-01
-9.364010974807374099e-02
-1.509090171700079308e-01
-1.404165134655478986e-01
-1.489665900225402573e-01
-1.367451012661081711e-01
-1.595279984159749531e-01
-1.669578803091790742e-01
-1.432579488455265893e-01
-1.518104490285517583e-01
-1.071468235066825037e-01
-1.387624866546221247e-01
-1.147139496214304444e-01
-1.605108670465918985e-01
-1.520829781918266177e-01
-1.370715354528859453e-01
-1.257888180170455561e-01
-1.317236792328695671e-01
-1.136709729489552151e-01
-1.200189974756035588e-01
-1.662149168491090789e-01
-1.491481817944882715e-01
-1.030471562859159446e-01
-1.035767653625339485e-01
-1.404250444881289528e-01
-1.021948365023395283e-01
-1.191099948469672015e-01
-1.275473881304354240e-01
-4.543207118153969049e-02
-9.638444512385675733e-02
-1.595618193971599375e-01
-1.564387698372114721e-01
-1.578680328926719001e-01
-1.527194618497572653e-01
-1.264487186879072744e-01
-1.210405042646268831e-01
-1.186912987595398622e-01
-1.154262659681225822e-01
-8.173216699553386214e-03
-6.288373562626565008e-03
-2.138949950400404268e-02
-1.899419423092901446e-02
-5.726310756565950594e-03
-2.000978879241558164e-02
-3.601106189775216560e-03
-2.415599410219629317e-02
-3.524644837497338534e-02
-3.377034566647049707e-02
2.969850678865488570e-03
-3.530894247917987921e-03
-1.193803044851983464e-01
-1.223265497401551244e-01
-1.219035561057985051e-01
-1.177290264888514321e-01
-8.008874497594677122e-02
-9.422300011727707814e-02
-8.975657364074117461e-02
-9.318467520381087943e-02
-1.607861555613439575e-01
-1.530818323108466272e-01
-1.614407501130555866e-01
-1.814287220908551990e-01
-1.547596210332148892e-01
-1.747618474045864734e-01
-1.133372116215484865e-01
-1.160791024442700825e-01
-1.069495511368538099e-01
-1.101306830669288306e-01
-1.378629928473220911e-01
-1.381046930430550046e-01
-1.082666774013518879e-01
-1.108428559761198695e-01
-9.883601975520879546e-02
-1.292005080171444165e-01
-1.148227139202683822e-01
-1.596509014631272427e-01
-9.701813397847673659e-02
-1.255180204808003797e-01
-1.231441550174071642e-01
-8.394134761715631166e-02
-1.536540745729055024e-01
-1.170711846751991275e-01
-1.504443611735879482e-01
-1.079155364768756703e-01
-9.267290234675139293e-02
-8.911428471800561524e-02
-7.229397933098774542e-02
-7.135998017469261101e-02
-1.463889895792772344e-01
-1.673268593422152506e-01
-1.485711784589479334e-01
-1.532415595353434079e-01
-1.326013044454942003e-01
-1.317638165789762061e-01
-1.361102618903097805e-01
-1.443218104098662746e-01
-1.534783553133297063e-01
-4.756538006115595962e-02
-5.192136374706795426e-02
-1.325746495591794416e-01
-1.267094037379327964e-01
-3.280519412786152278e-02
2.749732626733344975e-04
-1.626000522415513572e-01
-1.590503442277822754e-01
-1.507698265766030388e-01
-1.468397308830325654e-01
-1.531085564569131530e-01
-1.484482305090803755e-01
-1.343910749195556809e-01
-1.453433538686601245e-01
-1.160566359312628498e-01
-1.337760941662536618e-01
-1.743783559632612890e-01
-1.665852869119177626e-01
-6.210851259107078026e-02
-7.725491734574534142e-02
-6.370035642460898651e-02
-8.201449816349404287e-02
-4.902498044492008267e-02
-5.101883513572242485e-02
-5.461195913443173816e-02
-5.214384161751808855e-02
-1.602699829508801854e-01
-1.653876212308504345e-01
-1.474964462967753576e-01
-1.524816399119261201e-01
-1.990326829911147621e-01
-2.012767267844655372e-01
-1.388051554728826631e-01
-1.287578650821409043e-01
-1.419151496791287992e-01
-1.273869614430371000e-01
-6.838822726003609964e-02
1.587026105145370944e-02
-1.241891357678756580e-01
-1.069262755769479351e-01
-1.684853317668369987e-01
-1.564919678741459041e-01
-9.308567892601002369e-02
-9.062064304624153910e-02
-1.311209475086959619e-01
-1.144709237538876767e-01
-2.052194371121227046e-01
-1.947244066296252851e-01
-1.650913366216230360e-01
-1.585053861867641023e-01
-1.523892392653294903e-01
-1.461294508043489149e-01
-1.330740639542706272e-01
-1.696174421376969166e-01
-1.559438372392599192e-01
-1.579491050137423191e-01
-1.750755117502924840e-01
-1.793032701539288565e-01
-1.758490816373844134e-01
-1.796954959359497728e-01
-1.689910372429239416e-01
-1.745593636293269191e-01
-9.019152919888887010e-02
-7.519907554394310301e-02
-9.278051384826514758e-02
-7.799395930295692503e-02
-6.909800403887825238e-02
-6.213956774273852318e-02
-1.602428028789139591e-01
-1.598756449554150638e-01
-1.601423545369624057e-01
-1.612475088984978988e-01
-1.470126700943981957e-01
-1.496235610937421967e-01
-6.817163472989322404e-02
-6.188313059900210633e-02
-1.136556875548427326e-01
-9.544392581244412477e-02
-1.740536485728237659e-01
-1.771040764442150806e-01
-1.549196275776140996e-01
-1.598902922265086624e-01
-9.409607531913526113e-02
-8.528826292588205515e-02
-2.281166933214395093e-02
-1.770429220317758581e-02
-1.533697700004162980e-02
-1.440339106809998375e-02
-8.673794199063183941e-02
-9.803723387133955747e-02
-8.213939700662964416e-02
-9.718587823764314459e-02
-1.617951651361084764e-01
-1.467838034447284667e-01
-1.304061743305657550e-01
-1.288255043578723780e-01
-1.215266040431278588e-01
-1.244710420125593603e-01
-1.295501822409182990e-01
-1.237163299615954559e-01
-1.248954726461077164e-01
-1.311290114994400069e-01
-1.239341822063214360e-01
-8.138795622045351397e-02
-6.833335590017167172e-02
-1.615698098730780907e-01
-1.514197744754238462e-01
-1.242204265429623367e-01
-8.448156165698188225e-02
-9.564515860082901944e-02
-1.460772704836190150e-01
-1.191272239939350219e-01
-8.422037103663695956e-02
-9.292648251917821900e-02
-1.107386688255700691e-01
-9.017285874913674726e-02
-1.059354192675882600e-01
-9.015793645735198369e-02
-1.204678045154446153e-01
-1.299707554346906102e-01
-1.072079839178348565e-01
-1.145306361483105634e-01
-5.656413742956711843e-02
-6.386603310754154772e-02
-1.682156123909600287e-01
-1.518658336046339041e-01
-1.438615520365794931e-01
-1.488320331868028812e-01
-1.221318115813011529e-01
-1.672569121184959429e-01
-9.184487987803800768e-02
-7.037521252999812127e-02
-8.180608277756820645e-02
-7.305366356207786127e-02
-1.174492839935857152e-01
-8.580412253358495056e-02
-1.245110431034477522e-01
-1.275680739263853058e-01
-9.885854541519278893e-02
-8.757251248463204796e-02
-4.309452123873289131e-02
-4.486845176302441118e-02
-3.177166496734517426e-02
-3.163349686914562753e-02
-1.636210275417351867e-01
-1.577492096064145310e-01
-1.131982443161667351e-01
-1.061972987938502588e-01
-1.077192289635482830e-01
-1.248747040524857688e-01
-9.872291937341293178e-02
-8.115609251104240196e-02
-8.702483354681216088e-02
-7.600644485946453366e-02
-1.660332511753440099e-01
-1.545985695520826486e-01
-1.627120314327056838e-01
-1.510440789191601074e-01
-1.798407136969429679e-02
-5.166590296244971681e-02
-6.397950658084411435e-02
-4.106100772153861711e-02
-7.144171598000699508e-02
-5.467796023456214516e-02
-2.348324704206146765e-02
-5.822554038650638863e-02
-1.540710528693508552e-01
-1.431841615835657833e-01
-1.621309532290657884e-01
-1.494977933363241807e-01
-1.382771822423373154e-01
-1.381504083071144751e-01
-1.216296048715727884e-01
-1.251355179370907122e-01
-1.332021855177389358e-01
-1.360623519614202470e-01
-1.249852634708970567e-01
-1.279540137099711705e-01
-1.497018722783131917e-01
-1.440465423203828588e-01
-1.111716544920176714e-01
-1.068581213773486666e-01
-1.668705878999078018e-01
-1.611778167303839215e-01
-1.088402302714956832e-01
-1.028278958225804646e-01
-1.442121728308529971e-01
-1.245174307763115412e-01
-1.445436219604590289e-01
-1.170693559165577186e-01
-6.145453492416744906e-02
-7.869490083172930861e-02
-7.232949687450535015e-02
-6.412503002976727151e-02
-1.147607707504031960e-01
-1.088566358961679525e-01
-1.193557244495385278e-01
-1.079881090511982389e-01
-1.237655496778877900e-01
-1.201377135406295621e-01
-1.377202345620365809e-01
-1.370472146580641593e-01
-1.763273729191508765e-01
-1.830058877749383417e-01
-1.261252399799269730e-01
-1.118594233357064899e-01
-1.470122171284433676e-01
-1.656981420889035717e-01
-1.351323560001085056e-01
-1.363579082944406662e-01
-1.086490743786803631e-01
-1.159163398315854188e-01
-1.234622477360684673e-01
-1.174359137170047918e-01
-9.654339296315410379e-02
-1.082785491476623563e-01
-1.070111444651932892e-01
-9.683832068350962941e-02
-6.724686255033028581e-02
-8.671493519969526720e-02
-1.463166656150868550e-01
-1.453621398992799851e-01
