-1.810667298019712212e-01
-1.749428918091786023e-01
-1.680555751701131584e-01
-1.594231353057245504e-01
-2.069107760405776986e-01
-2.028488287952810165e-01
-1.368495130257466330e-01
-1.234731099265862775e-01
-1.524094524612414625e-01
-1.367090434055901194e-01
-1.477361817339457040e-01
-1.312093608311240278e-01
-1.531974446002623835e-01
-1.527692136576241644e-01
-1.197960220043471913e-01
-1.048436474418062564e-01
-1.282876662787499067e-01
-1.853127205285867163e-01
-1.174588349034287882e-01
-1.694160269036207589e-01
-1.603144741471307366e-01
-1.600181500288483938e-01
-1.401339520490711699e-01
-1.350550173687256883e-01
-1.675584016049431746e-01
-1.720897624185556418e-01
-1.157867581170833604e-01
-1.057045323029199291e-01
-1.476197682410758938e-01
-1.287168736620596388e-01
-1.317814926924739116e-01
-1.246812246620221942e-01
-1.411068908291339685e-01
-1.341804033631815718e-01
-1.664406541402649042e-01
-1.549738633360501772e-01
-1.813261347573653648e-01
-1.098820707134086638e-01
-1.783956722223283831e-01
-9.767741973591073656e-02
-1.511148903679823408e-01
-1.464559239642737043e-01
-1.105268413337368444e-01
-1.053464801484616936e-01
-1.679916040073600181e-01
-1.588395817896184614e-01
-9.681154768254281173e-02
-1.001359203455078895e-01
-5.812727806459819929e-02
-6.706096463666741392e-02
-2.001732601564270853e-01
-1.928786324715581757e-01
-1.435109309793523857e-01
-1.316659550043105531e-01
-1.271544638966248253e-01
-1.028824149623273621e-01
-1.378576961468629125e-01
-1.072022359752042853e-01
-1.457182419839013754e-01
-1.285538095298052186e-01
-1.095606109033162440e-01
-1.025030217380960701e-01
-1.059457899971418676e-01
-1.018812220730355433e-01
-1.105869836769939191e-01
-7.173524724418450793e-02
-1.758399929745237955e-01
-1.658082624423982132e-01
-9.361868192036819358e-02
-1.034069394640483586e-01
-7.321040425486581571e-02
-4.471619727333404903e-02
-1.480380114556180959e-01
-1.528072183708014675e-01
-1.660841366350415405e-01
-1.616580465314038373e-01
-9.773845259442943967e-02
-8.081465996898036519e-02
-1.463808291673463213e-01
-1.378578021441825008e-01
-1.701308807749210283e-01
-1.550367150417182038e-01
-1.078202859508557016e-01
-1.237728800643428245e-01
-1.172376010907892896e-01
-9.317866111273001573e-02
-1.170940013531631685e-01
-1.144950609771310523e-01
-1.443206019468129819e-01
-1.549562058897819006e-01
-1.572802754310254070e-01
-1.502625148788608866e-01
-1.464926401522035349e-01
-9.164431963368029066e-02
-1.551831578434694214e-01
-7.065984452402021554e-02
-8.676893797341249381e-02
-8.721503159792022564e-02
-1.422543963491135766e-01
-1.393356337241494769e-01
-1.869798380805460236e-01
-1.571008354896703541e-01
-1.235293732999677846e-01
-9.762406615844973490e-02
-1.242037766672956234e-01
-9.339624079789485278e-02
-1.946718618881446705e-01
-1.936060169954366139e-01
-1.478190853416620487e-01
-1.393349097340500498e-01
-1.001973183840376286e-01
-9.820205992393765682e-02
-9.695271858419253486e-02
-8.153695712362898917e-02
-7.712784368222976028e-02
-9.309528210521494929e-02
-5.128955010687972355e-02
-6.034163819060710948e-02
-8.573289955035738596e-02
-8.461865989199518490e-02
-1.937773679424298900e-01
-2.052530350637337686e-01
-1.264768195233981207e-01
-1.070011987718116619e-01
-1.957233031598901718e-01
-1.879459806483847473e-01
-1.300147800025560907e-01
-1.196277232599751300e-01
-1.468496092642845030e-01
-1.351586605782081618e-01
-1.856792663054055159e-01
-1.587471772827940553e-01
-1.511596194402526905e-01
-1.829569956745057679e-01
-4.431226182961806037e-02
-2.710500278460910295e-02
-1.556866284805783485e-01
-1.394384059352923866e-01
-1.029117348436437152e-01
-6.868558557674873943e-02
-1.588505959975133608e-01
-1.623879503567019489e-01
-1.408630498515471841e-01
-8.654487715976887097e-02
-5.515401376263731614e-02
-7.571597815738301263e-02
-9.413710584507015144e-02
-1.226735970060357644e-01
-9.504734604679331011e-02
-8.196030883407223744e-02
-1.199510157765026619e-01
-5.793315311942832946e-02
-1.642828726788487792e-01
-1.521741595164000926e-01
-9.195522732443124625e-02
-9.995934715874167653e-02
-1.605100555072947743e-01
-1.154916995041827266e-01
-9.770018481293477053e-02
-9.175939777519158402e-02
-7.228285726639699371e-02
-7.548001389240584225e-02
-1.663142074674774651e-01
-1.510404284136936393e-01
-1.734430289986788054e-01
-1.599709821925986430e-01
-1.166238216061484811e-01
-1.103841247641448309e-01
-1.577098900350460409e-01
-1.511491721604008021e-01
-4.171926645302501818e-02
-4.681555933369031114e-02
-3.228881193660719517e-02
-3.609729565225158754e-02
-1.829211141330951695e-01
-1.778832299048143384e-01
-1.722100786901376301e-01
-1.507474148557804150e-01
-1.382868013242607441e-01
-1.412880165346998562e-01
-1.455751721790034259e-01
-1.438466785037978424e-01
-7.161606069719921031e-02
-7.124647731853776811e-02
-1.686863898013976071e-01
-1.600893228986724204e-01
-1.608446804203798874e-01
-1.457760658801110221e-01
-3.395776106134060918e-02
-3.797284029254178322e-02
-1.360326886336710450e-01
-1.161532384659038769e-01
-1.635651403489101485e-01
-1.707076244690452493e-01
-8.951059318272501508e-02
-8.070579996262575162e-02
-1.678084731750404401e-01
-1.546618026462122097e-01
-1.780346131270861276e-01
-1.706532905767649821e-01
-9.590788730353889957e-02
-3.267302606106852608e-02
-1.283404402394984767e-01
-1.562906139788242388e-01
-1.175710941673785981e-01
-1.608174483869272142e-01
-7.648377201145220572e-02
-6.733056919717887723e-02
-9.120988468118942927e-02
-6.117365519803463075e-02
-1.511144273638808100e-01
-1.410453582678770634e-01
-9.920095987615797084e-02
-9.719029350632452102e-02
-7.125470348626188055e-02
-6.918525405729604449e-02
-7.732269750292379562e-02
-7.878025798593830953e-02
-1.448122760741440695e-01
-1.329100383428515331e-01
-6.811369276633018333e-02
-7.923455068475075691e-02
-6.428553006497915445e-02
-6.858373650975078950e-02
-1.072524847795350428e-01
-1.073763977049484314e-01
-6.510820243217442516e-02
-7.474052274081467717e-02
-1.156746052537606095e-01
-1.380030598224677163e-01
-1.340240156384154002e-01
-8.724072416852271528e-02
-9.448631223468539897e-02
-6.741035406816017761e-02
-7.521089233971330057e-02
-1.084512064311044244e-01
-1.199954042388820669e-01
-2.008329777898775759e-01
-1.303499572560499475e-01
-1.853537553483028677e-01
-1.127713840509525917e-01
-1.382208742019168934e-01
-1.461753221225899901e-01
-1.647891734671089181e-01
-1.608376238156511984e-01
-1.230309294556726774e-01
-1.181527592240425584e-01
-1.315583106892924681e-01
-1.203462767160984742e-01
-1.286005776099043429e-01
-1.948866400011991240e-01
-1.176041813276144654e-01
-1.855978250411113029e-01
-1.347744035179697375e-01
-1.922116871793110027e-01
-1.825800664751092983e-01
-1.373328365545832541e-01
-1.046927192943773316e-01
-1.388553858764391136e-01
-9.986211422934992976e-02
-6.514823169898355248e-02
-7.455230177252991641e-02
-6.869705692864322422e-02
-7.484958441833582110e-02
-5.433152252524898335e-02
-5.152406967659146214e-02
-4.591648548442353595e-02
-4.335841580658021666e-02
-5.281690754041454272e-02
-6.983428604943277274e-02
-2.959988110460235258e-02
-3.688916903570011591e-02
-4.935283876410442860e-02
-3.885561252340317268e-02
-2.036148038433130414e-01
-2.014546185894582342e-01
-1.387977982041319058e-01
-1.233749445001865036e-01
-7.891482266375991761e-02
-3.268032685624510519e-02
-7.006992538599757236e-02
-5.092197285017575209e-02
-1.346784016063211353e-01
-1.320447732251405770e-01
-1.222017936716446873e-01
-1.200034132561085681e-01
-1.637854787148955715e-01
-1.510025911462556381e-01
-7.844588349100940425e-03
-3.503366399530740143e-04
-1.499465285997275965e-01
-1.343922752398840903e-01
-8.296637099909207058e-02
-8.050557796455701243e-02
-1.467989949081555945e-01
-9.907151700335395383e-02
-1.070689060315076352e-01
-1.033127819300458106e-01
-1.255177668379898193e-01
-1.202335960816089677e-01
-5.031447668958286684e-02
-5.891562768598215122e-02
-9.065015654056082783e-02
-1.302149845035432130e-01
-6.809605417553186990e-02
-6.379702736963488441e-02
-9.307901025528575456e-02
-8.879916930133396891e-02
-9.229074405963977323e-02
-8.871618042539018700e-02
-9.544133378627595032e-02
-1.128582873634972061e-01
-1.676866844774349830e-01
-1.569213650613436872e-01
-1.026564763214791454e-01
-1.503640154564898634e-01
-1.510994994496433763e-01
-1.193245245239926700e-01
-1.345998036239859086e-01
-8.788176852447826537e-02
-1.290905264579906564e-01
-1.185640043987264414e-01
-1.918661110770898404e-01
-1.734941597436554517e-01
-1.974266291321738476e-01
-1.940433436346808427e-01
-1.727915429166242134e-01
-1.689382515974901244e-01
-1.267388827113629379e-01
-1.654469408549634757e-01
-1.554042967325103275e-01
-1.292022305384571690e-01
-1.256710797787462808e-01
-1.495194923790086894e-01
-1.427490349931074542e-01
-1.745523295904491123e-01
-1.691184355384376947e-01
-7.598729235402455762e-02
-7.387168370797074501e-02
-3.519034517812862084e-02
-3.110623423302531082e-02
-2.363869064283637134e-02
-2.027818150481751694e-02
-1.636250464417190464e-01
-1.555525232246505185e-01
-7.790535584536764646e-02
-4.937648155344966094e-02
-7.533566897507809612e-02
-5.142275736446113438e-02
-1.844293565278565528e-01
-1.848331030684914333e-01
-1.136033868975215855e-01
-9.790669363174787920e-02
-1.505230637058504461e-01
-1.314449855405289969e-01
-1.005482533152500108e-01
-1.030387044020372178e-01
-8.099724706320926559e-02
-8.865390056554016407e-02
-1.642368985608331222e-01
-1.639020762450945912e-01
-1.534363520724851826e-01
-1.486380958597907642e-01
-1.409268869894693965e-01
-1.003909862387046270e-01
-1.953025568909477205e-01
-1.901209027711911193e-01
-1.318364522226206370e-01
-1.241464819666118907e-01
-6.568078080537280428e-02
-2.900403264026946495e-02
-1.393583151800070197e-01
-1.549066380822205213e-01
-1.799672708477851324e-01
-1.780201406749061244e-01
-1.312892980662717091e-01
-1.239866462494479682e-01
-1.272242898436904968e-01
-1.473696007179552958e-01
-1.556142948451561814e-01
-7.431371503378285392e-02
-1.697242880199610060e-01
-1.599109825326426315e-01
-1.179368279747208120e-01
-8.646242342875123943e-02
-8.572075598031947408e-02
-3.253527363684227680e-02
-2.873573074076832962e-02
-1.455963813938025153e-01
-1.606952670548144613e-01
-1.679913754840992313e-01
-1.674308297231028864e-01
-1.563388843901329373e-01
-1.525259474899917922e-01
-1.504522077409744252e-01
-1.701984181739135404e-01
-1.654052510613894522e-01
-1.549779583669018135e-01
-1.982444852128472101e-01
-1.449770514837389612e-01
-1.971668140458490703e-01
-1.031087469610443841e-01
-1.025361448928552854e-01
-1.734715199433078114e-01
-1.649968168748745245e-01
-6.486669411987525113e-02
-6.733399780576587723e-02
-6.769263889992178929e-02
-6.612072567794240185e-02
-1.338958916298974844e-01
-1.148740918172996284e-01
-1.065955005664585564e-01
-6.253555672955457556e-02
-5.639295331264555788e-02
-1.487692009245236147e-01
-1.327705250225809097e-01
-7.449002630464061914e-02
-3.789402257835772225e-02
-1.475073702789414243e-01
-1.332907102033203672e-01
-1.031680639067686228e-01
-9.098099954420262037e-02
-1.036979804598643362e-01
-1.387862547789663337e-01
-1.163406871841935475e-01
-6.199476350817657855e-02
-5.068979680892525541e-02
-6.113278292966027594e-02
-4.867339166787868626e-02
-1.162695725936878643e-01
-1.239708148672584859e-01
-1.451652034127025315e-01
-1.842968663262165296e-01
-1.835308028541718095e-01
-1.527374857186979407e-01
-1.461954009391191467e-01
-1.009259969043433958e-01
-1.730303092023557365e-01
-1.780570907631042477e-01
-1.618516663565387481e-01
-6.159280103834069431e-02
-6.114049767733096413e-02
-3.766863574141277732e-02
-5.925669998223531687e-02
-1.520019290893868114e-01
-1.449328320470318898e-01
-1.843509143743836953e-01
-1.788006335240011069e-01
-1.614730773819955667e-01
-1.092126942003550510e-01
-1.970916041731142487e-01
-1.915492299826726252e-01
-1.633493805460274895e-01
-3.677417735170007002e-02
-2.960741906505441959e-02
-2.973784396159195528e-02
-1.000826947018406549e-02
-1.830063742710148489e-01
-9.750929383109249726e-02
-1.753932008849696800e-01
-1.355381393253605182e-01
-1.737275615554889074e-01
-1.289877245963247376e-01
-2.051170245816276716e-01
-2.025283052948068097e-01
-1.378947512427121103e-01
-1.328819364386815971e-01
-6.623082923771878017e-02
-5.393304766411136791e-02
-4.727306743865616195e-02
-4.867970133087589496e-02
-1.619192502348936469e-01
-1.523249578217482636e-01
-1.405798972291758819e-01
-1.352226351944879890e-01
-5.969838721808515269e-02
-6.697660236795047184e-02
-8.442240407909369637e-02
-9.233524375582524701e-02
-7.451444301117812752e-02
-5.210922395403885798e-02
-1.355148866304458077e-01
-1.318532806836427151e-01
-9.745631469713622597e-02
-9.508464053199611188e-02
-1.060916205511730770e-01
-1.336067604955221699e-01
-1.987153546058655906e-01
-1.169883488948506856e-01
-2.097524004050252966e-01
-5.334232602159991177e-02
-2.317880422499017656e-02
-1.253499830407675542e-01
-8.010932187893067546e-02
-1.604936039575950435e-01
-1.505243516618524902e-01
-1.355733998577565991e-01
-1.188332775586752460e-01
-6.311749099212225766e-02
-7.247338328481098269e-02
-1.291092870158437877e-01
-1.288696350847023386e-01
-1.168378873398915607e-01
-1.110444212451315305e-01
-1.181788985351049648e-01
-1.234101706552025723e-01
-1.355742930555583203e-01
-1.351022306938453321e-01
-1.285283738826139832e-01
-1.080403727968766298e-01
-1.264515297656049475e-01
-1.066890390129662664e-01
-5.226158206363156616e-02
-3.574239654658026982e-02
-4.308309961861365306e-02
-4.020720609199378986e-02
-1.645540604229465687e-01
-1.522927173372589926e-01
-1.430838234354930016e-01
-1.453977363238031228e-01
-1.061160573344475111e-01
-9.246349677631227060e-02
-1.561010082945215871e-01
-1.481173015461383635e-01
-1.206258971830370813e-01
-1.076902397438728731e-01
-8.646390746157064933e-02
-8.546873587062923938e-02
-8.848837223521509310e-02
-1.618457815681536849e-01
-1.480686069227250268e-01
-1.224339749986495529e-01
-1.274083197278428059e-01
-1.039359339251758052e-01
-1.321225817561338944e-01
-1.437807040411461790e-01
-1.599516285052692832e-01
-6.345683672388552354e-02
-5.928421694915988333e-02
-4.262014949911657746e-02
-5.925937260298623499e-02
-1.918719759676378311e-01
-1.190900441172708379e-01
-1.825093490789766459e-01
-1.104890822228232622e-01
-1.504217865594015616e-02
-1.767908749894924955e-02
-9.286468697344434781e-03
-1.361030231632824085e-02
-9.552067821909916712e-02
-4.614513213361514515e-02
-1.240889171313102057e-01
-1.098205390691225913e-01
-1.238987949200961863e-01
-1.648313020794426320e-01
-1.778572327114039120e-01
-1.728351776699730835e-01
-1.200234360894196217e-01
-1.132788130810796629e-01
-1.671101709269391389e-01
-1.521784266105228045e-01
-1.572950755086927055e-01
-1.514334381763078607e-01
-2.074611856077196448e-01
-2.002638553763690932e-01
-1.215728587774996261e-01
-1.103817654305107171e-01
-5.262761851343924352e-02
-2.980222736613222581e-02
-1.050404155027811481e-01
-1.056252909572459320e-01
-1.981389667786405129e-01
-1.917272525889416879e-01
-1.337477667737375364e-01
-1.251703726588131171e-01
-1.757448864046886050e-01
-1.578144954784067855e-01
-1.224041380937546802e-01
-1.032467445666123557e-01
-1.540867851578605618e-01
-1.537135489658406073e-01
-1.282603209315669179e-01
-1.279919319264430644e-01
-1.355108968440745243e-01
-1.270873114330033360e-01
-4.649295685146928592e-02
-3.884676061164606814e-02
-4.477902387142394108e-02
-3.880177613223548261e-02
-1.019832934221007736e-01
-5.332389208356537458e-02
-1.006917292134481834e-01
-6.345667832502611960e-02
-1.364582757356864462e-01
-1.658863727811716871e-01
-1.540695510750306751e-01
-3.957828397642211560e-02
-5.459432522939070692e-02
-6.310051317082446265e-02
-4.044997915691792012e-02
-1.133694765398307741e-01
-9.453883293272111188e-02
-1.093532277540712749e-01
-9.259313098035851231e-02
-1.900801661259013953e-01
-1.849798096839909978e-01
-1.172687385396456172e-01
-1.317303500015572504e-01
-1.530923231947419749e-01
-1.405191931571742603e-01
-1.660193856586228145e-01
-1.535419127834082298e-01
-1.370070556926124283e-01
-1.489678006106259500e-01
-7.745302509695471682e-02
-5.054003141414867284e-02
-2.035874196777351097e-01
-1.488600470983199586e-01
-2.062428626351303085e-01
-1.344841150913599348e-01
-5.439260307042456666e-02
-5.384150613525281320e-02
-1.256487635592913321e-01
-1.289147927780802394e-01
-4.598192867158633346e-02
-6.259781338122273608e-02
-9.653217430776886432e-02
-1.059041905510877263e-01
-1.542487658577932352e-01
-4.927272646274889062e-02
-1.806124376865157408e-02
-1.589277127205770621e-02
-1.632206234816060628e-02
-2.441516264624277524e-02
-1.360422428100049042e-01
-1.074721258035776783e-01
-1.421130486323083086e-01
-8.497975720473868733e-02
-1.748410473096438378e-01
-1.246607243645827395e-01
-1.685509752094853930e-01
-1.544947775066483620e-01
-1.611087775906901443e-01
-1.909720312972932044e-01
-1.180861557170055226e-01
-1.325787868811808268e-01
-1.640309662104606769e-01
-1.619592746594387678e-01
-1.168856389380546756e-01
-6.691180608959267084e-02
-4.525448653316813119e-02
-3.223628885648057579e-02
-4.489621745792635177e-02
-1.809923671810882012e-02
-5.761636809809508875e-02
-8.095136381951248405e-02
-1.320406396000579630e-01
-8.182789682762538208e-02
-1.620846120163395854e-01
-1.567805592495461198e-01
-2.071015522192291014e-01
-1.999275128959139558e-01
-1.353141997507269212e-01
-1.258244763470514338e-01
-1.022190897975784607e-01
-1.009305460946168381e-01
-1.480126216942899142e-01
-1.472943779469836345e-01
-6.147647844565969771e-02
-6.653197712494289540e-02
-3.438150025199773058e-02
-3.887760419064536371e-02
-6.200560160323757841e-02
-4.725005778443865795e-02
-4.123100117218496397e-02
-4.310170996027858775e-02
-1.455139182184489455e-02
-1.481417105058331803e-02
-1.148472598324172811e-01
-1.029672934497666975e-01
-1.202228748364096850e-01
-1.147873087021137051e-01
-1.043783052188990146e-01
-1.017576692449664727e-01
-1.596843672220001897e-01
-1.473228020131683302e-01
-1.568271695890676720e-01
-1.359103653288058766e-01
-1.199975515791230074e-01
-1.696079823945217668e-01
-1.343472532077154002e-01
-1.387475213163376908e-01
-1.179114334183639784e-01
-9.146018560873538095e-02
-9.109402609401182072e-02
-1.262406191183630400e-01
-1.614093707974974812e-01
-1.215256879281108177e-01
-1.598828863864153738e-01
-8.970807080339872341e-02
-2.990819186449117026e-02
-1.677063259885585300e-01
-1.537080212550228919e-01
-8.751768533921254478e-02
-7.539460791781406324e-02
-1.781008274107735712e-01
-1.353139651615443417e-01
-6.911318584997877545e-02
-7.327400298542338652e-02
-4.780528210169167347e-02
-5.036033849250703964e-02
-7.384063618495216585e-02
-7.897730707066050182e-02
-1.466969809533747726e-01
-1.473310110411047424e-01
-1.176773721533683065e-01
-1.663002657350705904e-01
-1.538241492980118863e-01
-1.370786048822069947e-01
-1.375924046396377609e-01
-1.359521690506489411e-01
-1.398924986752649591e-01
-5.325914761676854570e-02
-5.589526078999317721e-02
-1.292607566471835889e-01
-4.284557865441811220e-02
-2.548948776693551674e-02
-5.973756539272056382e-02
-3.971451369849838403e-02
-1.588854717450544907e-01
-1.493217315804325485e-01
-1.721482384231519114e-01
-1.594838056240994728e-01
-1.522069722870382780e-01
-1.439325292586614014e-01
-1.675444221025239599e-01
-1.620923486869747521e-01
-3.666877339322862500e-02
-3.643358260451341757e-02
-1.953227786334173210e-01
-1.907800997235954699e-01
-4.926082004407599663e-02
-4.159304831226921101e-02
-2.500114303516916964e-02
-3.062151802807445283e-02
-6.270157777918028419e-02
-6.405278028028461856e-02
-1.731404557224936469e-01
-1.663028686717549776e-01
-1.124175053401264973e-01
-1.068994788352711917e-01
-1.728227047488958279e-01
-1.560447378037114752e-01
-1.735148952951779677e-01
-1.761957920229788033e-01
-1.021842611544241525e-01
-1.180468968999394824e-01
-1.195300163354316991e-01
-9.490685029687209728e-02
-8.065047248281173586e-02
-7.999644626197208175e-02
-7.788479810238423118e-02
-1.217955811514656317e-01
-9.575407432026906973e-02
-8.204130181264336630e-02
-1.077457921502528310e-01
-8.205750052726215604e-02
-5.479072071778845476e-02
-5.625938147074534268e-02
-1.653476896973196664e-01
-1.578282812730408269e-01
-1.886430063775939303e-01
-1.840492067332468729e-01
-1.691279094713898645e-01
-1.564885370215045035e-01
-1.540353089114177843e-01
-1.495699289014184585e-01
-1.424479097608192246e-01
-1.469323845492669645e-01
-1.783518191702943290e-01
-1.696645379638576645e-01
-6.519084124590762697e-02
-6.565365116028931691e-02
-2.217122212008442242e-02
-1.488902201396703241e-02
-8.158731011499205377e-02
-1.074464152573991055e-01
-1.546090476275143177e-01
-1.559797915762705101e-01
-1.550246006099703644e-01
-9.000270305413637928e-02
-1.054858800528013368e-01
-8.189232207913810235e-02
-1.115969272271470636e-01
-1.782145227860402747e-01
-1.752634866085278909e-01
-4.423065632840444267e-02
-4.245136354132495599e-02
-3.601682205241928808e-02
-4.551673636896182151e-02
-1.539465117972529107e-01
-1.530156278999293962e-01
-1.275440794193594407e-01
-1.206337453500992973e-01
-1.310040003443189716e-01
-1.634711046545225810e-01
-1.387833514475637353e-01
-1.216846339309629321e-01
-1.328587514979875095e-01
-1.301914682843466342e-01
-1.317353164878887206e-01
-1.352369807586533967e-01
-1.243532811054512272e-01
-1.682797125494047696e-01
-1.616256972015269744e-01
-1.547878453131900645e-01
-7.005817680437896600e-02
-8.777961411622159371e-02
-1.333650573116545723e-01
-1.667259907710681721e-01
-1.516132528634439314e-01
-1.491188270918703818e-01
-1.262661190162434610e-01
-8.072437603834717312e-02
-9.314995966567025942e-02
-4.327227197735783459e-02
-9.534588650430479706e-02
-1.238589781928590150e-01
-5.072906946188551064e-02
-9.536344445556425853e-02
-1.014028511777835539e-01
-1.449021538554645661e-01
-1.285617519231226913e-01
-1.218996919026205938e-01
-7.133490702538890227e-02
-9.891491163707859247e-02
-1.120704271561149823e-01
-1.524974793755964619e-01
-1.302777888781991300e-01
-1.221476207017319487e-01
8.507815510207789381e-03
-2.905323701445877704e-02
-2.427444661060451300e-02
-1.372466045260050532e-02
-3.292066070117004306e-02
-3.404315061972987277e-02
-1.039362618880761147e-01
-7.819675053663310837e-02
-8.154395334754363511e-02
-1.107339639170651091e-01
-8.751599960990817662e-02
-9.023708116187091621e-02
-1.182734090284806999e-01
-8.507562526814239912e-02
-8.831709114849682629e-02
-1.160056708743573556e-01
-1.121703979912148375e-01
-8.407743730467355514e-02
-8.764062429231740670e-02
-1.149802523049855002e-01
-1.563485868193183470e-01
-1.688249534900935211e-01
-1.529735637274070303e-01
-1.729249773579671079e-01
-1.473639658784585416e-01
-1.622483520400619383e-01
-1.225736599445728936e-01
-1.145519408043789572e-01
-1.156158857724269018e-01
-1.158296356160261054e-01
-1.053136207329487817e-01
-1.105588370392023845e-01
-1.473109432705292099e-01
-1.478175084971247444e-01
-1.046489678591232819e-01
-1.190024631189288418e-01
-1.203303016000554643e-01
-8.655555734669544143e-02
-1.198034492473009222e-01
-9.590025130943687082e-02
-1.275736108225598020e-01
-1.537324748969317312e-01
-1.333377192147019163e-01
-1.545784244970761501e-01
-9.441974551704138130e-02
-1.087247856644661254e-01
-9.124359445503053834e-02
-1.092561431156275076e-01
-1.085391064626952951e-01
-7.807941941467394509e-02
-8.962359420666626830e-02
-1.088923111448241582e-01
-8.249689515119820737e-02
-9.288105560109317926e-02
-8.358254680951224258e-02
-1.170847833617263828e-01
-9.669983246000522781e-02
-8.408119511513532929e-02
-1.091100674623296102e-01
-9.284618474101022367e-02
-1.388018547347248388e-01
-1.241795004660917884e-01
-1.116281460427587802e-01
-1.055312619133215168e-01
2.947281149548915125e-02
-4.711350706988822606e-02
-4.877149419583847595e-02
-5.602129053079776128e-02
-5.884181765447512452e-02
-3.840301769264947707e-02
-1.529314371192034561e-01
-1.457417296039761057e-01
-1.572828512342115403e-01
-1.456148665433225076e-01
-1.403529167316825144e-01
-1.504508108642567121e-01
-1.762473242676857454e-01
-1.695145388015478205e-01
-1.736719795436042768e-01
-1.739298713244693539e-01
-1.687903280594053868e-01
-1.750243943316064088e-01
-1.262002761373411386e-01
-1.175000048388327167e-01
-1.283312085711868777e-01
-1.467586348397675877e-01
-1.541093100164936114e-01
-1.520492477676799181e-01
-1.838255014920605890e-01
-1.818821400429585511e-01
-1.773696645772039893e-01
-1.759617732414997526e-01
-1.750266337107110326e-01
-1.706901416378114877e-01
-4.737972366726610207e-02
-5.774288960125972120e-02
-2.269242500913695726e-02
-5.388469007007825468e-02
-6.275200939383251963e-02
-1.132787749652193199e-01
-1.293557846490150098e-01
-5.537904290314426409e-02
-1.107588215865417808e-01
-1.073493414375238098e-01
-1.537576625058543756e-01
-1.591680759451132021e-01
-1.577858489027423872e-01
-6.474814270925938198e-02
-6.613674501590040278e-02
-7.076838998799447888e-02
-6.891286753405809207e-02
-7.306248682271380968e-02
-7.882472240721150047e-02
-7.113572998120919200e-02
-7.378342671993332047e-02
-1.651170217071608881e-01
-1.713541192360497067e-01
-1.639225889470115882e-01
-1.569405546339167623e-01
-1.603397936477206631e-01
-1.566864703920501922e-01
1.072906176546400796e-02
-3.368051265255358334e-02
-5.486134370097706797e-02
-3.323532757359269618e-02
-5.518541318010457969e-02
-8.235266326617711463e-02
-6.111455645225068178e-02
-7.718956224224482465e-02
-8.779453493302959155e-02
-7.390781784049421654e-02
-9.122533067902326154e-02
-8.077797155462905498e-02
-1.255461966104356730e-01
-1.461458416579260178e-01
-1.454799572011370723e-01
-1.433045965717884285e-01
-1.406866904912033311e-01
-1.374464834313912087e-01
-1.679590574579372386e-01
-1.720747955655128336e-01
-1.674551210257009259e-01
-1.697321988182626806e-01
-1.054651519208024829e-01
-6.000593793311458091e-02
-7.998916476061920799e-02
-4.834530528958378565e-02
-8.748478520632262112e-02
-9.465454510940303490e-02
-1.114528040933026737e-01
-9.375298739600049225e-02
-9.921636915326613460e-02
-1.137023994851087266e-01
-2.110981694309993495e-02
-5.173475837264803617e-02
-3.425473613439247028e-02
-5.176647999612976093e-03
-2.499013610487571535e-02
-1.489803594512897726e-02
-1.829653198008259624e-02
-4.778838755858424298e-02
-3.166254348240207100e-02
1.171624543106154466e-03
-2.968734643965569714e-02
-3.403215093741565611e-02
-3.934306585252583810e-02
-6.474986650877664895e-02
-6.149192903724982895e-02
-2.627742469418796467e-02
-4.639240111357797319e-02
-4.546612374580925181e-02
-5.582645931355765395e-02
-8.169114017146947293e-02
-6.370931958312110732e-02
-8.417882539989612889e-02
-1.292196059889354764e-01
-1.243845002733367927e-01
-1.245724042123594749e-01
-1.176113938228486866e-01
-5.919667865307382155e-03
-5.021413475935639081e-02
-8.779161411440656888e-04
-4.044322772550719425e-02
-1.622138726846421575e-01
-1.565497176129885259e-01
1.273904121121520808e-02
-4.261007303081133790e-02
-4.932306306806275020e-02
9.282467074298601101e-03
-5.586556752217798627e-02
-7.148270570948031533e-02
-1.165144153161643686e-01
-1.193859751527324708e-01
-1.179109736328551594e-01
-9.920644757038429851e-02
-1.073931940989849426e-01
-9.973664331437785691e-02
-2.055324414732005167e-01
-1.960875563395595989e-01
-1.872589760133146208e-01
-2.021253169730753141e-01
-1.919452310812725659e-01
-1.920596404555724168e-01
-1.412283624955858186e-01
-1.354915375997511606e-01
-1.433742724908504684e-01
-8.352776752683212236e-02
-9.538658288229373561e-02
-9.318516241064449257e-02
-1.062334465941306705e-01
-1.500520076596362218e-01
-1.462555286122572962e-01
-1.500181904226689511e-01
2.958072252452576597e-03
-2.332312838255351517e-02
2.578189145281690586e-03
-3.876616278841832700e-03
-9.230384773247096025e-03
-1.480552371542470137e-02
4.103837990661904009e-03
-2.206773584336106653e-02
3.094856528989099482e-03
-8.878319862065994078e-03
-2.032179540905703144e-02
-2.255115274157337354e-02
-1.629299000905095607e-01
-1.680086952718116700e-01
-1.548245629113166599e-01
-1.596134545995971377e-01
-1.728220473734702056e-01
-1.761085450736905034e-01
-1.674835738075344804e-01
-1.700384605138729188e-01
-1.325215053182298985e-01
-1.197814674737596868e-01
-1.412616922970473532e-01
-1.977855785996115723e-01
-1.958046454756966759e-01
-1.915924348777285902e-01
-1.153319873829711378e-01
-1.055228360290259987e-01
-1.277620848371016360e-01
-1.898830825701520730e-01
-1.906761487138297906e-01
-1.852882752302819069e-01
-4.877846507413008403e-02
-6.810996340232701451e-02
-6.627958148173768160e-02
-1.032128054303940584e-01
-8.507749465089288476e-02
-1.122362979395825355e-01
-5.861064719003879209e-02
-8.131536190623467331e-02
-7.763051945999911718e-02
-1.055905817709603955e-01
-8.516602032734116312e-02
-1.125330960863703683e-01
-4.550032101840346260e-02
-6.555471418274723405e-02
-6.349189068927232893e-02
-3.479553379869766705e-02
-5.764063463198058207e-02
-3.925540923937707871e-02
-5.449651885849094574e-02
-7.405835262699429766e-02
-8.440322926953918239e-03
8.254071351201051074e-04
-3.680164423882900659e-02
7.955401082993567713e-03
-1.456798696916850044e-01
-1.528561570028403316e-01
-1.547473204925254586e-01
-1.420496630455841403e-01
-1.439435452088970169e-01
-1.464876926160455506e-01
-1.768453981136358100e-01
-1.890638969859488316e-01
-1.677658022068033439e-01
-1.797134466083077642e-01
-1.254141890651385149e-01
-1.244910087171582913e-01
-1.182142318771918221e-01
-1.134986700107794427e-01
-5.903566932702096481e-02
-6.906987529065032605e-02
-6.572233161077215002e-02
-7.744914555407106382e-02
-1.040855744851397757e-01
-8.232948317735980237e-02
-8.350377633143077349e-02
-7.514822636520014643e-02
-7.136216868972343474e-02
-5.589640138569939437e-02
-5.296478616966876496e-02
-6.965480769495306645e-02
-4.920402041076363947e-02
-6.890077256765593516e-02
-9.479499995944361268e-02
-7.865311303846941882e-02
-1.515696283276138645e-01
-1.310714154318810276e-01
-1.228157300929008794e-01
-1.379631020381408835e-01
-1.142088707840383383e-01
-9.979327251081192285e-02
-1.529991546066551689e-01
-1.435022865970307371e-01
-1.338834889552376339e-01
-1.568930160721109246e-01
-1.643426772264590940e-01
-1.190773049812712953e-01
-1.437299319340526182e-01
-1.487699574995972884e-01
-1.536831883042844848e-01
-1.481446122836380386e-01
-1.361379176441997740e-01
-1.315310182927502680e-01
-4.241756940811894361e-02
-3.637682333024438303e-02
-3.888003914303927305e-02
-3.209445218239764808e-02
-1.176248787374990501e-01
-1.153189174407326101e-01
-1.193438375934918610e-01
-1.701934349959874637e-01
-1.667027894070800265e-01
-1.694152886611868525e-01
-2.334914543976692597e-02
-2.767919836956607774e-02
-1.529913479195314230e-01
-1.545314275704185170e-01
-1.542500320817599413e-01
-1.438073287276613599e-01
-1.420112504981306811e-01
-1.421877662404312237e-01
-1.085962994664260162e-01
-8.569497483863093568e-02
-1.049824416340731509e-01
-9.580762876339883605e-02
-7.779059594633927488e-02
-9.333669312862653833e-02
-1.556642766143590539e-01
-1.580610810082161144e-01
-1.560004362149368107e-01
-1.506375856486680542e-01
-1.486686603832400311e-01
-1.506307935819025112e-01
-1.130658974044478488e-01
-9.636821167086664919e-02
-9.386663962185014254e-02
-1.046401313355343476e-01
-5.868747403354747372e-02
-3.776731745701081278e-02
2.404492423171544768e-02
-3.321957509767867883e-02
-1.136620537457497526e-01
-1.236817231222588354e-01
-1.548613637319624647e-01
-1.670911547688900267e-01
-1.499349146597215854e-01
-1.529586702374266249e-01
-1.582563869093765729e-01
-1.541369745362067001e-01
-1.882429378985817081e-01
-1.870582358249005817e-01
-1.818676416415779817e-01
-1.816520031760163190e-01
-8.438114506872981813e-02
-7.728315104030328286e-02
-8.797291062229189995e-02
-8.091601441377765935e-02
-9.639752752188515683e-02
-1.181594969354948371e-01
-9.547526993424541863e-02
-1.101191491398804123e-01
-1.435609683887799637e-01
-1.567990113682523889e-01
-1.509383278451711941e-01
-1.251392540055361879e-01
-1.291366248948329076e-01
-1.343052173867922416e-01
-7.579565265750705383e-02
-6.040052316511188707e-02
-8.939751632836753781e-02
-7.964450880085449658e-02
-6.442685083631978504e-02
-9.547684778176791787e-02
-7.066273101014683422e-02
-2.990760948006796968e-02
-2.789397479019942519e-02
-8.008367576334042559e-02
-3.232436670873416185e-02
-3.125831183844714894e-02
-6.342149060286890461e-02
-8.649354764488004221e-02
-1.121805972682211605e-01
-1.175928134741696524e-01
-1.227861478251599525e-01
-1.212291547640300948e-01
-8.161888250029990244e-02
-1.038239594168084284e-01
-1.288641946018838913e-01
-7.408483926914992412e-02
-7.015600070811646438e-02
-1.117719298556163615e-01
-3.416420698951300877e-02
-5.626328535983417950e-02
-4.810313408124747975e-02
-6.210120910652881104e-02
-2.694601328008522367e-02
-5.631892706911957591e-02
-3.248162698971009815e-02
-6.245785443835361744e-02
-9.487953123399363309e-02
-8.402046762014607484e-02
-2.064054831865285156e-01
-1.943404639270793210e-01
-1.927664994525893905e-01
-1.832794974230730900e-01
-1.930047835487267993e-01
-1.947489788203818073e-01
-1.505260915469388006e-01
-1.449697392448911493e-01
-1.501243144467685198e-01
-1.378450404738930379e-01
-1.301845750970057336e-01
-1.349986636882533064e-01
-1.115529275896796207e-01
-1.142934208532759427e-01
-1.122558110708962997e-01
-1.121714360962457468e-01
-1.011710348530463627e-01
-9.724331354513242320e-02
-1.797135791731355459e-01
-1.844813863489477568e-01
-1.865111353806803152e-01
-1.707704423468295041e-01
-1.713587516764011331e-01
-1.804695910172668116e-01
-1.074376771991512741e-01
-1.389574641935320543e-01
-1.281367942572034513e-01
-1.009835393891734961e-01
-6.240997638407127374e-02
-8.517271251938798859e-02
-1.227463258238549720e-03
2.327019217661104727e-02
4.417038883771143808e-03
2.602190677909870312e-02
-8.450895810395449292e-02
-9.507921797820660659e-02
-8.262196346859519702e-02
-9.838984684935063452e-02
-1.177874697006652677e-01
-1.312330248423527745e-01
-1.218499068088470111e-01
-1.181827049085928533e-01
-9.857512402882549762e-02
-1.049909623729139291e-01
1.595799065048229479e-02
-4.263483254593732584e-03
1.407747273437969134e-02
-1.959926082600357941e-04
-1.268535938231122873e-01
-1.211640173932891501e-01
-6.179553581718003064e-02
-7.329877010091105649e-02
-1.694332174502585775e-01
-1.656052897544417479e-01
-1.580489319692452432e-01
-1.530915033408608572e-01
-8.978908695325865316e-03
-3.525307390561830539e-02
-2.183809158084830393e-02
8.168133390690764193e-04
-3.268961765608489889e-02
-1.599979127167320755e-02
-2.610640894748279123e-02
-1.050670600961006035e-02
-2.839082134059456308e-02
-2.021119776491063849e-02
-6.884590992300760985e-03
-6.570250944516234023e-03
-4.463580304588711523e-02
-1.132333514213539061e-02
-3.360562877682945343e-02
-2.133867575730179905e-02
-4.558211393601929035e-02
-1.556655349922768730e-02
-3.257925680663160961e-02
-1.785706739741085847e-02
-1.314428171754572494e-01
-1.079378551704557876e-01
-1.073196275121390264e-01
-1.323726924412312045e-01
-1.079777346410014660e-01
-1.106171288191689361e-01
-7.927833133972932156e-02
-6.399688737612371781e-02
-7.640414072440829263e-02
-8.210121224111548155e-02
-8.518664416547667984e-02
-9.091672077871573721e-02
-8.371327997189124959e-02
-1.132544416639262169e-01
-9.624060823890037697e-02
-8.703864502395027014e-02
-1.154221092908198631e-01
-9.925617683349965970e-02
-5.028883675977098566e-02
-5.606255249232526550e-02
-7.478189410099324308e-02
-5.778510191051000611e-02
-6.467597345538171616e-02
-8.289256735081791672e-02
-1.407424142566647274e-01
-1.495572578606623182e-01
-1.139400392708677934e-01
-1.220600760597830153e-01
-1.452620883447336940e-02
-4.733236839574216613e-03
-2.326128243266006174e-02
1.314367755120468204e-02
5.275800993336651409e-03
1.383387723358235274e-02
5.082811426524744790e-03
1.059356325313141195e-02
-1.278519446743830723e-01
-1.314870691208908648e-01
-1.677012173593259159e-01
-1.682742432480490991e-01
-1.635570127343043689e-01
-1.659911953124224293e-01
-9.060380351144604882e-02
-8.811982326964112877e-02
-7.930909122314880322e-02
-7.483753001256301940e-02
-1.385392202199219047e-01
-1.358645361067376822e-01
-1.374055556634037889e-01
-1.402054596065973602e-01
-1.362523618942703962e-01
-1.390170519305759245e-01
-7.660324724615438785e-02
-8.426656637564020058e-02
-6.315140490229466386e-02
-7.129967941742393345e-02
9.786244707475518639e-03
1.289831025927700055e-02
-1.380360461113018800e-01
-1.188542782822997884e-01
-1.313141576070389338e-01
-1.062433052709289422e-01
-1.231456666455844617e-01
-1.299730057123962279e-01
-1.265354578338551417e-01
-1.309383587897686441e-01
-1.191816059118776805e-01
-1.226546365902992930e-01
-1.826495698022304603e-01
-1.767000712786929717e-01
-1.681958565005911288e-01
-1.582907489196851980e-01
-1.587320252758822881e-01
-1.596774991108684816e-01
-1.491487520340334660e-01
-1.520336531654320755e-01
-1.249213734743390564e-01
-1.302500291746483407e-01
-2.984413715979971488e-02
-4.269269704821148509e-02
-4.917255158098175760e-02
-3.602622778542972221e-02
-3.032858050373239689e-02
-5.137052903260844183e-02
-6.079483034244932693e-02
-4.511086420450965279e-02
-1.446525821846750270e-01
-1.300266290440265093e-01
-1.384881182579983105e-01
-1.320982732791546876e-01
-1.061176538820157444e-01
-1.194242607404413237e-01
-1.571633969659870511e-01
-1.567245704924654648e-01
-1.248916628169972898e-01
-1.223122894848839848e-01
-1.608200520409431011e-01
-1.668357427941341564e-01
-1.255938126520272924e-01
-1.290928626127941514e-01
-1.021780553461655999e-01
-1.271373326823009298e-01
-1.280093800757562961e-01
-1.431653433466072711e-01
-1.509790600789372716e-01
-1.456654207640825371e-01
-1.609824747435004699e-01
-1.638306179905223980e-01
-1.615036589500356001e-01
-9.368767210207296081e-02
-1.028456166744089045e-01
-1.203673525824820872e-01
-3.983765917086300873e-02
2.799731951569988352e-03
-3.327765809770887040e-02
2.403672466156311829e-03
-1.832735282104768215e-01
-2.080566026263447610e-01
-2.046457987235630327e-01
-1.917044473304496954e-01
-1.319314687260677299e-01
-1.390560081718435759e-01
-1.138436503403382344e-01
-1.228739067100487053e-01
-1.000447118059336199e-01
-1.087848392584794543e-01
-2.049506365648126882e-01
-2.062846026323731374e-01
-1.997342219966289356e-01
-2.041950423362502154e-01
-2.316983180822298691e-02
-4.060351988323455258e-02
-1.597096790031826974e-01
-1.609698565111903901e-01
-1.735378320296456778e-01
-1.553265492431456785e-01
-1.483761346268248349e-01
-1.541186885700012166e-01
-1.499494841691316749e-01
-1.438362325893582094e-01
-1.401521681851534140e-01
-1.344497186202995853e-01
-3.050932178480733961e-02
-4.022176744198503739e-03
-3.055901876955820218e-02
-3.516731797020090054e-03
-7.504358396740368198e-02
-2.565397898614045144e-02
-7.741385028084794839e-02
-2.997351598754533983e-02
-1.574865664425112097e-02
-1.374050632231565983e-02
-4.526173033295535081e-02
-4.771792652095101228e-02
-3.122208571101105917e-02
-3.622988450369034330e-02
-1.417323187597853418e-01
-1.385808182830882695e-01
-1.153467043458611951e-01
-1.226322383332209276e-01
-1.762176696936684495e-01
-1.731253184685698776e-01
-1.529081159008075785e-01
-1.623117638987586764e-01
-1.583691720421887272e-01
-1.339808389659425392e-01
-1.187131256378995553e-01
-1.131839599956450670e-01
-9.784726797554289812e-02
-1.577629265139993131e-01
-1.492815326857703517e-01
-1.593816514551440744e-01
-1.532797103101931901e-01
-1.826879289637958204e-01
-1.622904655490149672e-01
-1.604527566862839760e-01
-1.240192476852890746e-01
-1.287619062472830367e-01
-1.141481192932566752e-01
-9.829404580750399079e-02
-8.276789448790716763e-02
-1.069672101746172582e-01
-1.119094321352869514e-01
-1.684200139399218143e-01
-1.927056620267121601e-01
-1.578857632647506504e-01
-1.850415686245162061e-01
-1.263614189389063169e-01
-1.258346118842918193e-01
-1.126748593166037871e-01
-1.134625849428636535e-01
-1.480443254824245769e-01
-1.331180389453492929e-01
-1.322802296249009357e-01
-1.244059962771150302e-01
-5.831840771639795057e-02
-3.030200214537858219e-02
-4.747407084776131964e-02
-3.998535961384451498e-02
-7.143144230349428303e-02
-1.154848847261099043e-01
-1.165398009320130213e-01
-9.608051062700267986e-02
-1.111621970552830047e-01
-9.008156691137833572e-02
-1.747953060889189947e-01
-1.706204851241168996e-01
-7.568947792267494146e-02
-9.243091402819332558e-02
-6.552711460147472855e-02
-9.354151826703203942e-02
-6.285545476021056621e-02
-5.105320326563412420e-02
-1.630318711450957359e-01
-1.375271193768113909e-01
-1.460086420805147833e-01
-1.218030507581664562e-01
-1.364449838436949669e-01
-1.124570924031846331e-01
-1.033070119728817932e-01
-7.683279654279169535e-02
-1.071863932626322402e-01
-9.964881609940970386e-02
-7.779217419055180216e-02
-1.124017288081219090e-01
-9.444863711056010469e-02
-7.994216503893958325e-02
-1.127706859243718107e-01
-9.352881383932741544e-02
-7.368787775063308232e-02
-6.705070137733966373e-02
-7.383208939034616169e-02
-8.081966821744890339e-02
-7.583928317677063324e-02
-7.966126344704828333e-02
-1.523971536988498743e-01
-1.409259333554168658e-01
-1.354521626388480171e-01
-1.332499855701637093e-01
-4.740383041553510035e-02
-7.271460747399045854e-02
-3.558454284478546753e-02
-6.037081461963780121e-02
-1.495146656078863157e-01
-1.451742709522387542e-01
-1.670150496542909258e-01
-1.316092471325269742e-01
-1.298639826069742098e-01
-1.507447003175773070e-01
-1.742184663680817203e-01
-1.558189327907642530e-01
-1.516876207641859042e-01
-1.604859849582889741e-01
-1.641253987076561893e-01
-1.757037299283177034e-01
-8.227458658500105132e-03
-4.985311426126677603e-02
4.308368345171431938e-04
-4.421498422580900922e-02
-5.127768421578863395e-02
-7.113104614135216941e-02
-5.865352118516325292e-02
-7.069933877617580464e-02
-1.130879478300371721e-01
-1.086126714977961177e-01
-9.384606850389129451e-02
-1.060175877653842108e-01
-8.009491795518472457e-02
-9.413547291187968069e-02
-1.681007101890453770e-01
-1.716588821976276769e-01
-1.480195757066389006e-01
-1.573077268845829435e-01
-1.013721782819793221e-01
-9.600562697604989038e-02
-7.951421861607237129e-02
-9.124959989119379999e-02
-9.614823723622920038e-02
-8.048460140238683502e-02
-1.712728484463789114e-01
-1.625096674304109534e-01
-1.232931576593827294e-01
-1.320886637643863271e-01
-1.325594650175931366e-01
-1.441879454667863436e-01
-1.631262449857305563e-02
-2.594200246580726649e-02
-1.968449389646739767e-02
-2.543765593974988554e-02
-3.699233021294100893e-02
-3.326779591386905266e-02
-9.827602171867121095e-02
-2.434090287372480191e-02
-9.899492949364373240e-02
-4.615810005525119303e-02
-1.086145128653642211e-01
-1.247465757003029252e-01
-9.322158729788308784e-02
-1.091333982103299405e-01
-1.559310810024438221e-01
-1.745788456761141472e-01
-1.554878135381595750e-01
-1.711474174213995225e-01
-7.493897791599604674e-02
-6.137343682194393302e-02
-6.607113909379909444e-02
-9.375925558604537857e-02
-1.746756367272750687e-01
-1.544882395759052951e-01
-1.603650348806480441e-01
-1.423496698799950888e-01
-1.193929308095161013e-01
-1.157890983431571763e-01
-1.189653210718084747e-01
-1.144314269332780826e-01
-1.020583576685371030e-01
-1.181156110262456815e-01
-1.207684573758606300e-01
-1.251562583063322576e-01
-1.307918668400488427e-01
-1.858203275260694731e-01
-1.691236807006435139e-01
-1.706008954080990292e-01
-3.727523234739664459e-02
-5.738299397063074958e-02
-5.011804768814644845e-02
-6.461803424792661454e-02
-1.161019540030889113e-01
-8.583418496176331569e-02
-1.141660708985314521e-01
-8.169899715626749437e-02
-1.202794285181779110e-01
-1.151839815638819320e-01
-1.670146985477242441e-01
-1.629164643562631132e-01
-1.457685124957821265e-01
-1.472036069431053584e-01
-1.474063326847549760e-01
-1.328933612699147171e-01
-1.474621957081947710e-01
-1.476061311066128867e-01
-9.704527072605499682e-02
-9.880836899472769663e-02
-1.047793189059346847e-01
-9.608383870339688715e-02
-9.554525310452492703e-02
-9.376522347183928463e-02
-1.362349992030764956e-01
-1.153035360514969854e-01
-1.075781386958201830e-01
-1.342934755963954285e-01
-1.140982650344991994e-01
-1.108543475391398220e-01
-1.251767661187903058e-01
-1.811391912639721269e-01
-7.027848683195027368e-02
-1.039552437908757287e-01
-6.475155013699830653e-02
-1.017648591787776585e-01
-4.571384926670732374e-02
-4.831550156840394572e-02
-5.848816467682975417e-02
-5.816949004224599568e-02
-1.625096353801696036e-01
-1.671874653837003288e-01
-1.670075695874294053e-01
-1.510100849233538822e-01
-1.569351261431127798e-01
-1.567315057106940523e-01
-1.581374448448674142e-01
-1.438682708964599266e-01
-1.509332400821029874e-01
-1.337538012726464942e-01
-1.653761907032589018e-01
-1.620055757834873988e-01
-1.697054231311249384e-01
-1.568818514901291483e-01
-1.530489764438146827e-01
-1.607931985413678377e-01
-1.637011319998328829e-01
-1.664419877570875173e-01
-1.584266090762052603e-01
-1.633328813039862937e-01
-4.470259556954472857e-02
-7.505753498429409976e-02
-4.768014051600085595e-02
-7.919585690167277314e-02
-1.024181753924008759e-01
-5.519560086949207994e-02
-1.020508403952774118e-01
-5.643912800113315420e-02
-1.631004025180994021e-01
-1.568528246515612790e-01
-1.547174682018288006e-01
-1.481821232901062990e-01
-3.308307793842299449e-02
-3.145931832618501650e-02
-3.620906966494322199e-02
-2.864971806066646948e-02
-2.119415019064736783e-02
4.094508131274248591e-03
-2.506688969841865469e-02
-6.844557366305491393e-03
-1.360979085498950081e-01
-9.874379239901061311e-02
-1.056711137449883736e-01
-9.157208586051744648e-02
-1.344036651793881210e-01
-9.668853412041406026e-02
-9.881703283110238045e-02
-8.439794963976841868e-02
-1.471315025283194966e-01
-1.623410840071297379e-01
-1.598821123649760700e-01
-1.412223241541598340e-01
-1.196422372968398706e-01
-1.321294179409756853e-01
-1.351666360397889843e-01
-1.151507406218143376e-01
-1.263960360128109361e-01
-1.469985125958719885e-01
-1.603637239560509742e-01
-1.595826179789650301e-01
-6.878119269941108949e-02
-6.213232337482733209e-02
-7.651862962167362003e-02
-6.002291769095226270e-02
-3.411152704768589949e-02
6.448633159468254196e-03
-3.119403820159313834e-02
6.089196347177963306e-03
-1.770232022939932370e-01
-1.740167432367332179e-01
-4.304323866400366905e-02
-6.487731427888440705e-02
-7.062420619249160092e-02
-1.111252585917739122e-01
-1.543468433230378856e-01
-1.552715329156379165e-01
-1.611072614794445135e-01
-1.526791052987568342e-01
-9.537119278975972336e-02
-8.947500343797065714e-02
-8.685991773855723797e-02
-1.860469428211880272e-01
-1.981310943422798510e-01
-1.921446152002784513e-01
-1.839586483252364513e-01
-1.924750088502151513e-01
-1.915687592119281468e-01
-1.476353363753354075e-01
-1.363394520413200861e-01
-1.394327427904011596e-01
-1.386451276097479812e-01
-1.293231594205359047e-01
-1.324535310438215707e-01
-1.048025437849750829e-01
-1.082535071173822416e-01
-9.123361048897220271e-02
-8.992793076202083846e-02
-5.789956694070913512e-02
-4.723070636133298167e-02
-5.878440005561694215e-02
-4.158876958611155972e-02
-1.082486750263505770e-01
-1.051212160552634223e-01
-2.440579865840167631e-02
-2.841101215839512972e-02
-2.521663303929622124e-02
-8.485357245982712293e-03
-1.028251907482571059e-01
-8.806501066086168394e-02
-1.485161294432585377e-01
-1.171422356502362094e-01
-1.217360657386709899e-01
-1.727640287202279190e-01
-1.352030597765850328e-01
-1.532603867375086637e-01
-1.537800720404208787e-01
-1.535211213693265242e-01
-1.462885023011204766e-01
-1.440900531994310785e-01
-1.448031179911610233e-01
-9.364144469713661656e-02
-7.801896925557698370e-02
-3.192839649047691380e-02
-4.162565584531119356e-02
-6.045371419606280355e-02
-3.989847084338628974e-02
-4.712404989380195725e-02
-5.239247715602504685e-02
-5.791738979237198715e-02
-4.068367516998147582e-02
-7.376841805567987964e-02
-1.010145543781520300e-01
-4.937982529468566695e-02
-1.058940563712903182e-01
-6.276605621909983612e-02
-1.482288655163310209e-01
-1.582893597114438389e-01
-1.434060431761472743e-01
-1.502429331609611840e-01
-4.987852544767314156e-02
-4.701150058281549499e-02
-1.205799948081825029e-01
-1.081585008070994475e-01
-4.546717849089631364e-02
-3.974999881992431761e-02
-1.085594504321095444e-01
-9.352361695386872398e-02
-1.036813117462246914e-01
-1.043808271863433945e-01
-1.776642900514264212e-01
-1.546969524867557733e-01
-1.055844379985063225e-01
-1.077043203670403348e-01
-1.257353837947821351e-01
-1.362928158373449550e-01
-1.444845297421325780e-01
-1.551578055491052155e-01
-6.602197732126868779e-02
-6.193573352044309116e-02
-1.689454643616251084e-01
-1.682591481971625613e-01
-1.703368189558669699e-01
-1.627832002000960954e-01
-1.602889497356230486e-01
-1.634150685942861170e-01
-1.854050436428106574e-01
-1.989661641526697389e-01
-1.804948012327064477e-01
-1.899023378547504415e-01
-1.302419859249582812e-01
-1.272635873517417859e-01
-1.210694600146291350e-01
-1.196886183637242834e-01
-6.088856131078301814e-02
-8.463040989512694845e-02
-9.304670384955844586e-02
-5.962736434296188326e-02
-1.330143409979598623e-01
-1.283297530932647479e-01
-1.168492715510287550e-01
-1.289011872593101848e-01
-1.317432672517055425e-01
-1.180038206802617590e-01
-1.120853223807814769e-01
-9.182654115306848608e-02
-1.119861156755388026e-01
-1.166658263712955640e-01
-9.838569098194624440e-02
-1.168815064507548185e-01
-1.569641151403022850e-01
-1.646428256775472887e-01
-1.538763230057597076e-01
-1.591765740061552026e-01
-1.199482600295807971e-01
-1.240462013241497158e-01
-1.165921752918624571e-01
-9.903711478558024917e-02
-9.346688073165017319e-02
-8.940425046395467090e-02
-9.251410616331064152e-02
-4.888550715306667210e-02
-4.319245688184899373e-02
-3.583550329753058122e-02
-3.197456529161796929e-02
-1.235055242592609237e-01
-1.620565238040498901e-01
-1.779154070094792206e-01
-1.733683971013498526e-01
-6.635438094232729012e-02
-4.020621199376331334e-02
-2.819941978497758628e-02
-3.752433609704722284e-02
-1.470604897447955542e-02
-1.221855895945178627e-02
-2.865009070176392433e-02
-3.466546302562609119e-03
-2.368572550537132934e-02
-1.122382022000142782e-01
-1.246974895626911800e-01
-2.421841206792001849e-02
-3.551025293581769327e-02
-2.700934055460867816e-02
-4.516919038066918163e-02
-1.958362690443546730e-02
-2.014935155012166634e-02
-2.479860476000396094e-02
-1.989402364509375992e-02
-6.879060248228226204e-02
-8.209752188303184872e-02
-1.126665867739564120e-01
-1.349633974184067386e-01
-1.466161066844124117e-01
-1.556106000563912961e-01
-1.286965132053243255e-01
-1.416759235752618751e-01
-1.504867419996162581e-01
-1.666308075019485024e-01
-1.458908225343651943e-01
-1.429330109451927289e-01
-1.370889565869350957e-01
-1.562067589328311190e-01
-1.529473347378011439e-01
-1.398137395331393584e-01
-1.507682460860764739e-01
-7.564479349255789908e-02
-1.083512267554627428e-01
-1.186122678007688336e-01
-7.733408048439226190e-02
-6.174669050542696408e-02
-7.246041192451130319e-02
-1.123590828518260532e-01
-1.009501766452047117e-01
-8.929948445804893054e-02
-1.027847977802028301e-01
-1.132041373560000730e-01
-9.173790869130935000e-02
-7.805830474488191506e-02
-1.704115573282772300e-01
-1.661706115912552906e-01
-1.698457327718160548e-01
-1.595064936121214916e-01
-1.655494231523938764e-01
-1.676480719478570525e-01
-1.547747201441816434e-01
-1.600259632942335752e-01
-1.363088870974022426e-01
-1.539556229101596563e-01
-1.435429326497865699e-01
-1.067577204556428294e-01
-1.095769229409193773e-01
-1.172810180710185807e-01
-1.344534329973124387e-01
-1.512037841982637743e-01
-1.409236030891231617e-01
-1.027444220535623093e-01
-1.005434315809877605e-01
-1.102632448093242706e-01
-1.256360939456897530e-01
-1.382112661080886484e-01
-1.584430886610588007e-01
-1.580267467074275567e-01
-1.543605329334124532e-01
-1.489218769490025518e-01
-1.529174733910624584e-01
-1.571909082295869509e-01
-1.412292021557682853e-01
-1.442764967130264198e-01
-1.258933875021260584e-01
-1.950324730895045544e-01
-1.915940166164411540e-01
-1.883923099171401772e-01
-1.842935945196728653e-01
-3.938830209259167048e-02
-4.211669122170122459e-02
-1.655125440450355701e-02
-1.590263804477434414e-02
-1.597827260418404616e-01
-3.439380498677580000e-02
-1.197105378395709775e-02
-1.176406955486950512e-01
-1.200361625652082848e-01
-7.896619439986247990e-02
-8.757756786319460807e-02
-1.071427076435023940e-01
-1.108685226660598988e-01
-8.542515550758138232e-02
-9.218489121361377048e-02
-1.729709575121599618e-01
-1.746300913818138456e-01
-1.755096925600954094e-01
-1.919403988926157711e-01
-1.703933769910742635e-01
-1.813639791939722079e-01
-1.862483207360846604e-01
-1.650408581309040223e-01
-1.759673115714829039e-01
-1.165764061871010643e-01
-1.113125173815169566e-01
-1.198703505441443828e-01
-1.094806108416492008e-01
-1.030202772533263395e-01
-1.143085731007559419e-01
-1.149254863757872974e-01
-1.286266953484527242e-01
-1.359202081060611744e-01
-1.618691025006269713e-01
-1.515272755030504515e-01
-1.728656756295643693e-01
-1.594267082880646280e-01
-1.518220046707877691e-01
-1.497675560622686863e-01
-1.528954385171533981e-01
-1.565565914611527221e-01
-1.521995374293296510e-01
-1.561712731209399796e-01
-8.854238349795974516e-02
-9.293298467555793918e-02
-9.579276107678141861e-02
-1.121046403357469079e-01
-1.796303571502106122e-01
-1.291678614515212320e-01
-1.717877603725803670e-01
-1.206656519738558003e-01
-5.958736130699802958e-02
-7.715159097720813985e-02
-5.548073694036007031e-02
-6.369694988200193253e-02
-7.825036814914236583e-02
-6.461765957050756570e-02
-1.217884249248084166e-01
-7.116714026077365640e-02
-1.043469959615449527e-01
-7.674886542084548291e-02
-9.603754991035585997e-02
-5.308745826370030868e-02
-7.593612307736172240e-02
-2.499968747897511959e-02
-2.333369145625784763e-02
-3.674530781303185500e-02
-4.154661741432385397e-02
-6.885252427623358984e-02
-7.582909106008726974e-02
-6.220036970985617225e-02
-1.675681867619214366e-02
-1.491833485975379951e-02
-1.896906027435321107e-01
-1.210658951135266392e-01
-1.072498124543458525e-01
-1.971326035537121768e-01
-1.268908428505413355e-01
-1.138893618810484093e-01
-1.212806062419709285e-01
-1.309453306634817404e-01
-1.173120696926795992e-01
-1.236551899409621819e-01
-1.067418331420800087e-01
-9.938725229472840372e-02
-9.457391245789315004e-02
-1.122424692445569555e-01
-1.097790962259479752e-01
-1.024633373791155183e-01
-1.311025449102510010e-01
-1.284757133203698887e-01
-1.353707427981404865e-01
-1.449687500057799117e-01
-1.383590122389927179e-01
-1.354082330745484952e-01
-4.817041513407734760e-02
-9.173101239793744754e-02
-5.717293485469420594e-02
-9.531199888467416226e-02
-8.376719172976460071e-02
-1.656013535556553617e-01
-1.714218917796026531e-01
-1.521472484441087902e-01
-1.551684235149720648e-01
-1.391987558233687139e-01
-1.086787968217493711e-01
-1.123414815762378005e-01
-7.982131445677276282e-02
-9.792641267492492585e-02
-3.836413438087429850e-02
-3.727578423417475528e-02
-8.372074530812832760e-02
-9.110843995021376818e-02
-2.062307670565250994e-01
-2.013400591993227962e-01
-2.002778663588725416e-01
-1.926069953997086304e-01
-1.202689498663614548e-01
-1.219901154306705232e-01
-1.038548510466758834e-01
-1.037485002160933173e-01
-1.769633867120855575e-01
-1.712052469064006543e-01
-7.093055374249797318e-02
-9.391054328371963023e-02
-3.452891926721314564e-02
-3.462115559910583507e-02
-1.500876082951715929e-01
-1.579130461414273157e-01
-1.466462876666323190e-01
-1.526634960049908785e-01
-1.153418852332741967e-01
-1.248680206280151361e-01
-1.099007174276576820e-01
-1.188872188383085782e-01
-1.410804902215093692e-01
-1.022212060355053020e-01
-1.388368375685598843e-01
-1.002703375382986151e-01
-1.658538328834523734e-01
-1.731352296220727283e-01
-1.602051789063274612e-01
-1.667723913646602107e-01
-1.715669412360460999e-01
-1.689165636557408423e-01
-1.111366354842110854e-01
-1.205234616429763789e-01
-1.377172997143181477e-01
-1.431097059863173926e-01
-1.398255071348752654e-01
-1.472756443347265076e-01
-1.612947038596212745e-01
-1.706136035484243918e-01
-1.674572006436089444e-01
-1.631673442666942142e-01
-1.547162273438900670e-01
-1.622757676542228578e-01
-1.501102266052540546e-01
-1.515494729962500176e-01
-1.054218255350591188e-01
-1.299419799477471715e-01
-1.420449636020680029e-01
-1.125741928152186599e-01
-1.210991011333086148e-01
-1.020623839927493892e-01
-4.239243097480593220e-02
-1.443019682468873188e-01
-1.433460362971391289e-01
-1.367354776224976864e-01
-1.375535075993398748e-01
-1.277724849433916898e-01
-1.306546636942636785e-01
-1.610796482196569235e-01
-1.637663512600507909e-01
-1.553620456359462443e-01
-1.569870158688423389e-01
-1.290465385643716767e-01
-1.499884749646910598e-01
-1.470454844089039981e-01
-1.618433609248601246e-01
1.422269128714569262e-03
2.360083044649072433e-03
-6.250713806504373804e-02
-6.197243796330342835e-02
-4.869820619638261239e-02
-5.314321367025986315e-02
-4.550410285142632988e-02
-5.295642851441383081e-02
-4.320435241923540476e-02
-2.653719117402033104e-02
-4.500894159824805202e-02
-2.006052944686262385e-02
-9.254966403700497224e-02
-1.099722907160525509e-01
-1.583365949764834468e-01
-1.833283304607103981e-01
-1.442510673153392931e-01
-1.092047948104206273e-01
-1.004996945486037740e-01
-1.504633719611472298e-01
-1.194825925399645161e-01
-1.145566116926405309e-01
-1.362330174505918534e-01
-1.400660584700431643e-01
-1.226744415751660627e-01
-1.339341394223310944e-01
-1.374713267492556068e-01
-1.394232766576085358e-01
-1.181734621211740083e-01
-1.274388843608467159e-01
-1.268063851252592411e-01
-1.362694495633935132e-01
-1.232923980921330626e-01
-1.328328362286054776e-01
-1.400207483682336385e-01
-1.463431954281748382e-01
-1.434412235098635746e-01
-1.488426572944809290e-01
-1.579437314146791560e-01
-1.618532308638526152e-01
-1.529419579092579917e-01
-1.478748594064755173e-01
-1.484293467311794956e-01
-1.447319243601871974e-01
-1.038131279727545764e-01
-1.215019336874770123e-01
-1.167191142017486444e-01
-1.318857689073035244e-01
-1.940065803661963628e-01
-1.969233221508258358e-01
-1.861271879694429976e-01
-1.961143944311984078e-01
-1.380190108058243492e-01
-1.450839898442033982e-01
-1.626072214536841143e-01
-1.670575808257321881e-01
-1.751643591115668586e-01
-1.449636796043463072e-01
-1.579473770771480101e-01
-1.659571044434122733e-01
-1.790631410087091258e-01
-1.867813708541004314e-01
-1.731096389781601186e-01
-1.807736564196924522e-01
-1.989987312907704198e-01
-2.069033313442379118e-01
-1.943086996438267156e-01
-2.015527654092248433e-01
-1.241805196337040645e-01
-1.266403829708914464e-01
-1.129345332382595130e-01
-1.138445444871686724e-01
-9.905538735425194197e-02
-1.056142122273811823e-01
-9.091680734616061632e-02
-8.483484508988324568e-02
-2.027156118722209521e-01
-1.957359539940493887e-01
-1.993505490276523406e-01
-1.912867563002135785e-01
-1.303428051208487259e-01
-1.337051902746103915e-01
-1.182661689578692471e-01
-1.215596340251964419e-01
-6.127793074763812631e-02
-5.120363695514056068e-02
-6.900924219195021803e-02
-5.407686721029090343e-02
-5.190979924907450360e-02
-4.001024788211354766e-02
-5.609719476910707964e-02
-4.401045214198621991e-02
-1.249630219503655298e-01
-1.370586982239994367e-01
-7.762147950252291928e-02
-8.066410688979716581e-02
-1.321120802010354589e-01
-7.500423756371663031e-02
-7.509062548419777328e-02
-1.502146636478235708e-01
-1.498242855730724243e-01
-1.337052039448459184e-01
-1.436886675155776283e-01
-3.720950355113653019e-02
-3.619902818368421482e-02
-4.205577017491086977e-02
-4.219185710050816357e-02
-1.695966373493263679e-01
-1.612328455088611612e-01
-1.533656483686495209e-01
-1.541881715328378422e-01
-1.561956963555070632e-01
-1.684244296483805026e-01
-1.303612779668891775e-01
-1.871063615370514577e-01
-1.213739103186243090e-01
-1.734087544411033743e-01
-6.042908702382251973e-02
-7.300843348912026964e-02
-1.550004996169746518e-01
-1.395897213477944321e-01
-5.657128640475662940e-02
-1.052913137650925701e-01
-1.158260394350531797e-01
-1.115647655899509733e-01
-8.694180138450151654e-03
-2.384055163488889295e-02
-2.540550157706004258e-02
-2.595075519361582719e-02
-3.187624064020964931e-02
-5.427853662731853962e-02
-5.499863039017946487e-02
2.398386681605322798e-02
-7.352151316890337233e-03
-2.947379643018418344e-02
-3.857390867455376404e-02
-1.218655035975192528e-02
-5.576038953531123159e-03
3.143029653270162233e-03
-6.637706142307405659e-05
4.338139625148629448e-03
-4.290936507962554713e-02
-5.826248331253947033e-02
-3.185607949220933127e-02
-5.232788048703871514e-02
-1.909080091287756326e-02
-2.908523985587061281e-02
-6.168584222878459311e-02
-9.926541729344541543e-02
-1.535505604556428039e-01
-1.365947137298890168e-01
-1.214423067664303357e-01
-1.186529122738028130e-01
-3.901203503128864575e-02
-4.746813965420266374e-02
-7.644151404819214679e-02
-9.586358787368279288e-02
-1.685488497099965066e-01
-1.813095257857916809e-01
-2.049183941783527807e-01
-1.939535242438875928e-01
-2.066150852922778447e-01
-1.954306489962755466e-01
-1.864358738283729278e-01
-2.030060151970820015e-01
-1.279057823661630122e-01
-1.237247947394932018e-01
-1.273387945722289916e-01
-1.206735199316132934e-01
-1.153154951493663150e-01
-1.195401725882664634e-01
-1.252268122704130182e-01
-1.280555485192974574e-01
-4.569142308548886783e-02
-3.975445923500257883e-02
-3.572346165958656394e-02
-5.566267300806526652e-02
1.390345749881066219e-02
-2.598974744858225522e-02
-2.977336894321231872e-02
-7.959041924774311327e-02
-2.753380872882116998e-02
-2.062276266803568861e-02
-2.063406428180940000e-01
-1.933665395340963267e-01
-1.238530051646813679e-01
-1.091723756315253480e-01
-2.600172955533475855e-02
-3.233439517992399426e-02
-2.906111371761295470e-02
-2.812001507286717925e-02
-3.933104121583888557e-02
-1.715440888386464066e-02
-2.199795962364907431e-02
-3.289716470025684514e-02
-1.071063071371713277e-02
-2.402668029248863912e-02
-3.651069745707949399e-02
-3.320316624483414525e-02
-1.431284833684611235e-01
-1.524576448713117205e-01
-1.454115301158826201e-01
-1.555176347345675059e-01
-2.004316424077995373e-01
-2.005885181057366351e-01
-2.093104666065370711e-01
-2.034319145799301509e-01
-1.983917475767034422e-01
-2.091461002221414456e-01
-1.326564306649073988e-01
-1.356491715547616383e-01
-1.364396368841734319e-01
-1.266444022749793064e-01
-1.244458472838366747e-01
-1.270257420310570429e-01
-1.707238160666600113e-01
-1.746189035942043721e-01
-1.693173158720647775e-01
-1.710116724692040679e-01
-1.837328370135815903e-01
-1.808503607407388192e-01
-1.775813970221534199e-01
-1.753886118004805428e-01
-1.233333786823988809e-01
-1.297682317567811217e-01
-1.156168840958117783e-01
-1.217696824515043519e-01
-2.398596487796457108e-02
-5.813497548823438194e-02
-5.023947061467007313e-02
-5.439158875652711639e-02
-1.461990856885768686e-01
-1.455645989066367552e-01
-1.581164982609932490e-01
-5.638401308803643597e-02
-6.068295884137061419e-02
-4.786008950384029736e-02
-1.702452589553880569e-01
-1.796925579958600916e-01
-1.538442057051480627e-01
-1.672025251373843169e-01
-1.215476762266688160e-01
-1.163849268814328014e-01
-1.246283388340038573e-01
-1.102965688504207731e-01
-1.187717272589441514e-01
-1.141778449669474532e-01
-1.312439983240474561e-01
-1.183503697725895726e-01
-1.339160823357556374e-01
-1.524217265703947111e-01
-1.533531694968041370e-01
-1.559361304380795787e-01
-1.757793165803381852e-01
-1.688246219290003847e-01
-1.560230505456770278e-01
-1.543086878829108832e-01
-1.608411664767120941e-01
-1.530078064522779058e-01
-1.521047786268893143e-01
-1.452433409716106238e-01
-1.875547784278704111e-01
-1.864040285763113036e-01
-1.857218321845639231e-01
-1.861378908141405053e-01
-1.738235813818764519e-01
-1.497281759618822872e-01
-9.404499833539625708e-02
-8.119237537551118877e-02
-7.216075493993368006e-02
-8.267135507761666502e-02
-1.637140266094796182e-01
-1.470213933240003823e-01
-1.503295176094968932e-01
-1.332956237852169212e-01
-1.423931266777306581e-01
-8.582699184307483395e-03
-1.302501637383484193e-02
-3.270623509478428909e-03
-1.595930197636229869e-02
-5.905555556707558357e-02
-2.208670707865361196e-02
-3.915053225001857706e-02
-7.399302235299808073e-02
-3.560344018699534291e-02
-5.245209466282543809e-02
-1.030203314102538653e-01
-9.803303969922251559e-02
-9.341321405592574456e-02
-7.632751260915476843e-02
-1.828109821826580036e-02
-9.786204210747535479e-03
-1.991516458267971745e-01
-2.025468190929933798e-01
-1.995251363684928669e-01
-2.080317992573380570e-01
-1.435092445814656059e-01
-1.420087822404036138e-01
-1.293825939482805554e-01
-1.260732566414202727e-01
-5.488542413165606315e-02
-4.004239103949851913e-02
-1.657290759043628381e-01
-1.691541534546883163e-01
-6.720364917588451947e-02
-6.316283010335106696e-02
-1.515673247773234034e-01
-1.863058300444066784e-01
-1.789261561124504685e-01
-1.858119927682375105e-01
-1.803934410939201094e-01
-1.749554337282719085e-01
-1.813641870901357978e-01
-3.459121860638836310e-02
-5.899260461341420542e-02
-1.520859401289714197e-01
-1.529404562944643164e-01
-9.296005702191352527e-02
-1.075719027028609748e-01
-7.506598202446503054e-02
-9.383420597522351692e-02
-1.312171546693888524e-01
-1.431478269031895567e-01
-1.689968001188545677e-01
-1.657844190306460019e-01
-1.659738491798447013e-01
-1.564878428912559183e-01
-1.543334489613995830e-01
-1.567659540487176539e-01
-1.306601106304861593e-01
-1.291689817854066447e-01
-1.607651421954607029e-01
-1.320611346455449753e-01
-1.413417062171952454e-01
-1.497903850742616783e-01
-1.398062861884405705e-01
-1.458189734830152851e-01
-1.295736292885127650e-01
-1.492614451428061761e-01
-1.324146747804324509e-01
-1.493641833386336326e-01
-6.415949717101013250e-02
-5.190538004042521969e-02
-5.170643133615131920e-02
-6.688574758420237631e-02
-1.504233580523123559e-01
-1.404248962196276707e-01
-3.436366982494380717e-02
-5.047644435178863520e-02
-1.383516992507439480e-01
-1.445837071122589024e-01
-1.476256285308462923e-01
-1.381769684045725255e-01
-1.462961649558313093e-01
-1.780201222450930876e-01
-1.211497209954559978e-01
-1.679847956568422118e-01
-1.142057805579860807e-01
-4.570687671700987727e-03
-3.187974163718051979e-02
-1.071813500392024623e-02
-1.556778200627566972e-02
-2.909897748753012894e-02
-1.143067902294499227e-02
-1.490772109161806131e-03
-7.148494577227720512e-03
-1.969767684250934431e-02
-3.684401197877413148e-03
-7.037403351221464473e-03
-2.096640692252180194e-02
-1.292129154642789046e-01
-1.006201338120980421e-01
-4.880406085704898367e-02
-7.095464966677822449e-02
-1.240753823456328120e-01
-9.081331989225721601e-02
-4.934502487179448504e-02
-7.252646476551244392e-02
-1.712835746093940570e-01
-1.611589682185888828e-01
-1.509072010199205005e-01
-1.630130918701510334e-01
-1.453237515825970272e-01
-1.055458895960367655e-01
-1.500400405301924589e-01
-1.068766567235892584e-01
-1.243166464957050910e-01
-1.193312240046882217e-01
-1.760883299051501649e-01
-1.381227418234779458e-01
-1.323608970104049598e-01
-1.749113238520012548e-01
-1.618203942042101620e-02
-5.389742626195661440e-02
-4.272836184681709504e-02
-4.991002431066342282e-02
-2.948871769719998287e-02
-4.024646059362944200e-02
-3.269626941181651147e-02
-4.524113128719713106e-02
-1.133502548851782199e-01
-1.086826403276722613e-01
-1.158385629392916921e-01
-1.064096896282126087e-01
-1.175885964273818141e-01
-9.335097063692501806e-02
-1.008034010032109323e-01
-9.583450310184704612e-02
-1.836040500859590918e-01
-1.791562787129795942e-01
-1.824405075286593680e-01
-1.763191207391623383e-01
-1.406205725204201229e-01
-1.388637187122244987e-01
-1.330980572856603483e-01
-1.323680304927584983e-01
-1.533808716875448286e-01
-1.556717207051638019e-01
-1.642421107346523079e-01
-1.660248680960991208e-01
-1.649286798712904789e-01
-1.619080067291890634e-01
-1.524367472577869420e-01
-1.522816304558463896e-01
-1.468592807046617266e-01
-1.250181804445493483e-01
-1.523312431812810230e-01
-1.575688071581450855e-01
-1.464381286105576330e-01
-1.514476356403890445e-01
-1.240247367764063385e-01
-1.821292152734250158e-01
-1.128987016531313309e-01
-1.714726209749816710e-01
-1.219031442217809041e-01
-1.360515870494602986e-01
-1.367472488927994612e-01
-1.228148981877661416e-01
-1.760134399487615076e-01
-1.742733221970482471e-01
-1.690135589335294009e-01
-1.609657518734682602e-01
-1.501313828620326751e-01
-1.483879212527950131e-01
-6.715147553314791684e-02
-8.695232923440715522e-02
-1.083547950250084990e-01
-1.157016367473933799e-01
-1.223952183555761797e-01
-1.401893977326880425e-01
-1.158155848720837933e-01
-1.363519233069545034e-01
-1.019724067772506265e-01
-8.278420612407143275e-02
-9.787496234180841082e-02
-8.099853214880736729e-02
-1.665185880473044611e-01
-1.252837169772662573e-01
-1.202795710816264574e-01
-1.399864688036855931e-01
-1.067748218251248632e-01
-1.003357265495994216e-01
-1.564398555981165451e-01
-1.344845457514021736e-01
-9.753648245588358856e-02
-1.059539675985970431e-01
-5.836688186186071020e-02
-9.578370831449470324e-02
-1.394931743635804688e-01
-1.404522136987039205e-01
-1.323140921628676858e-01
-1.209812658378001254e-01
-1.075786324548214240e-01
-1.123141833019286884e-01
-5.885767050566676623e-02
-8.089209962660545705e-02
-5.980306625861767783e-02
-7.703005657565879793e-02
-9.572653230494718168e-02
-8.194825033492758593e-02
-1.043862198286020643e-01
-1.051889362707325581e-01
-9.358988133517602559e-02
-1.135635353228837824e-01
-1.424069437149695638e-01
-1.223547814757140056e-01
-9.297806598931916688e-02
-8.852791137198692817e-02
-1.293066156300968217e-01
-1.032882984890454714e-01
-5.691955577274854933e-02
-6.414586744941687402e-02
-1.943108113145965987e-01
-1.876259562322420138e-01
-1.877182776681189103e-01
-1.856167559810954770e-01
-1.814437645996082871e-01
-1.818171191199335068e-01
-4.213768306670338804e-02
-4.003666816195861067e-02
-2.242185128666291521e-02
-1.757935220437985974e-02
3.762233434883796861e-04
-1.470233468036704488e-02
1.205208117404958819e-02
-1.673579482634379723e-02
-1.562795872623061744e-01
-1.441013584174295203e-01
-1.452799364535230786e-01
-1.337497322274399936e-01
-1.509870381170918818e-01
-1.258742617875601433e-01
-1.352395389175030660e-01
-1.176336802622767602e-01
-1.440364838550128590e-01
-1.244364423258574881e-01
-3.873790071257109113e-02
-1.572062512111923466e-02
-6.056127531592844088e-02
-5.596300306783225098e-02
-6.135587009017222371e-02
-5.686153411978407679e-02
-6.067103964892604090e-02
-6.047379397049824912e-02
-1.263309875787980707e-01
-1.233400243553131465e-01
-1.613107067289490659e-01
-1.587343417886548924e-01
-1.104273901289514609e-01
-1.067266202482690107e-01
-1.601293326553556717e-01
-1.387936643581380025e-01
-1.630315457886011010e-01
-1.416753341459571214e-01
-6.493419419700503792e-02
-9.422081610153651421e-02
-5.698142332023835299e-02
-8.166818174675778697e-02
-1.248394011802052284e-01
-1.584686092686580505e-01
-1.531380231856151186e-01
1.262926710876450523e-03
5.122980977123312019e-03
1.148818018902689371e-02
-4.199245128625264840e-03
-1.601678221564951099e-01
-1.626165572706176343e-01
-1.524453837400025769e-01
-1.555360003459062002e-01
-1.349528885661894773e-01
-1.393977227059040314e-01
-1.564590838143136708e-01
-1.573061215349836339e-01
-1.221711251710099477e-01
-6.587825808180508558e-02
-8.402311332712583680e-02
-7.341071498956633357e-02
-8.749065610325305886e-02
-1.148606836225625760e-01
-9.050635886441781019e-02
-1.176531997537536289e-01
-8.972567533974050435e-02
-1.442305961161101935e-01
-1.320197049772865172e-01
-1.508943811380804301e-01
-1.457210179207332756e-01
-1.508836272711613635e-01
-1.718030851276386162e-01
-1.776567124574900958e-01
-7.368152103801850483e-02
-6.927185210642530788e-02
-1.488894757653705381e-01
-3.946930299068301257e-02
-1.227463965891582159e-02
-4.411045412501307661e-02
-1.244454932091936146e-02
-4.680612665672983369e-02
-1.443360025527237224e-02
-2.665576260930846778e-02
-9.506910203011998198e-03
-1.712261979786143529e-01
-1.618466150683876836e-01
-1.635273907490834566e-01
-1.613043167812436285e-01
-1.465134828530285926e-01
-1.497718168019105955e-01
-1.221191222956659467e-01
-1.145722757821043547e-01
-1.169124819054483677e-01
-1.180760696052609859e-01
-1.042529137445858400e-01
-1.115405323734385140e-01
-1.317116249501505409e-01
-9.852627480753888001e-02
-7.976940204793829536e-02
-1.886338020890830913e-01
-1.861906561430445306e-01
-1.853502216285905224e-01
-1.840445646739169439e-01
-8.783977858479768974e-02
-8.206494223912390307e-02
-1.227393840090466037e-01
-1.182744467468897637e-01
-1.629937649675851086e-01
-1.608828766087434803e-01
-1.652195271796218223e-01
-1.562296725393707286e-01
-7.756709366547910600e-02
-6.729941017037095741e-02
-8.830765975707145776e-02
-8.198921914818733947e-02
-6.790567416494572295e-02
-9.314688947510402217e-02
-1.076810900415152289e-01
-1.210501103600063605e-01
-1.656078183200479226e-01
-1.507665086982087621e-01
-6.775823600864235019e-02
-8.774658812809481290e-02
-5.953654885622085280e-02
-9.171814295467350941e-02
-1.558598531140042431e-01
-1.307108262550088218e-01
-1.563320284868088828e-01
-1.216626863428493660e-01
-1.668234270904279948e-01
-1.637433769087329460e-01
-1.613989656673512629e-01
-1.566202596131091029e-01
-9.104980087365844091e-03
-4.477164630223565145e-02
-4.735678435342372677e-02
-3.262775407804071465e-02
-1.955343462771177432e-01
-1.922070558837060683e-01
-1.948073702369827742e-01
-1.907000239707435374e-01
-1.444438745223868281e-01
-1.483328550329349182e-01
-1.374419048193357140e-01
-1.401812699213684510e-01
-1.809909245801540334e-01
-1.891247980672572382e-01
-1.724826652601033627e-01
-1.841911926483232043e-01
-1.710782802899667443e-01
-1.744850051405828217e-01
-1.786439366601393908e-01
-1.735952761624376395e-01
-1.139717397958280865e-01
-1.136400341514607754e-01
-1.512118473343716518e-01
-1.585177988418918216e-01
-1.538259087857054008e-01
-1.551408845455512775e-01
-1.418589109616705812e-01
-1.415491810033266129e-01
-7.513737601242495567e-02
-7.522380731774605533e-02
5.414587541990721620e-03
-3.113958782918206311e-02
-1.784025771977447439e-01
-1.742147022138981760e-01
-9.257383532326539724e-03
-4.972300566451035714e-02
-4.033573794971650334e-02
-3.567718248146849180e-02
-3.643995862455259166e-02
-2.821444537633855179e-02
-9.453965422032915497e-03
-4.819620760341433024e-02
-1.428264801518821792e-01
-1.246543080631046657e-01
-1.096968590567142104e-01
-1.225431741074381742e-01
-1.303558922400698261e-01
-1.269786715295869450e-01
-1.313246891717029519e-01
-1.278836452818225833e-01
-8.549943800479774259e-02
-7.458439776587258430e-02
-9.605633480730113583e-02
-8.215640150277897513e-02
-1.064912241555039524e-01
-1.681949639453300394e-01
-1.569218082366694300e-01
-7.568361581538961269e-02
-8.329945099921505502e-02
-8.057257240846837920e-02
-8.728534862041628650e-02
-4.629602557928508971e-02
-5.267584525742471935e-02
-5.315046274138747473e-02
-5.993964405862577116e-02
-1.589750282568017647e-01
-1.617051799775681697e-01
-1.500350810993905937e-01
-1.543533514032835730e-01
-1.517917393438690254e-01
-1.427962725233915542e-01
-1.482351010629387178e-01
-1.514610722465938586e-01
-1.489726277484608730e-01
-1.435132652511382778e-01
-1.498840327093182712e-01
-1.512391443641619981e-01
-8.247679414753564253e-02
-4.893229119376783787e-02
-4.918038372235053468e-02
-8.498569844611503221e-02
-1.130833903373930222e-01
-6.416336355551235937e-02
-6.582611488560731472e-02
-3.694824456834557014e-02
-2.034413837620211163e-01
-1.947724725197343965e-01
-1.999878882100764310e-01
-1.920713210435055218e-01
-1.914012804572911008e-01
-1.978307640959122427e-01
-5.321567417100237646e-02
-3.161543380406547921e-02
-1.371565159406306078e-01
-1.450779448451214315e-01
-1.356358671296809260e-01
-1.506003124901990897e-01
-1.309700414743200370e-01
-7.351889314657479579e-02
-2.032700364634266454e-01
-1.959783257768632492e-01
-1.313121722671302394e-01
-1.228396660934599344e-01
-1.396656688520606926e-01
-1.368920050336451810e-01
-1.387922803147099426e-01
-1.311910432586289310e-01
-1.246144622338020286e-01
-1.069795148513753846e-01
-7.907492951169027562e-02
2.971972061328828976e-03
-2.833343637635073881e-02
7.148169190004001472e-03
-1.981897635176652073e-02
1.491914271216531959e-02
-1.943550432863110078e-01
-1.882012551656543353e-01
-1.904876716328822439e-01
-1.836450127245560227e-01
4.942821275696016384e-03
4.831421425240332336e-03
-3.144851775713644604e-02
-4.216582119156886410e-02
-2.991236624741337377e-02
-2.437776588570967490e-02
-3.263497281266988792e-02
-2.349481980834944653e-02
-2.449832928616369268e-02
-3.321182842368751442e-02
-1.503417081036994563e-01
-1.297269735997194084e-01
-1.152939257903787956e-01
-3.882773237478909234e-02
-4.772087955870472908e-02
-4.519616267604102677e-02
-4.097894438521980376e-02
-1.539027157300350557e-01
-1.440860336732848190e-01
-1.614174217684563872e-01
-1.523918583237208468e-01
-3.253309580632697540e-02
-1.392321757671243117e-02
-1.106894035090624923e-01
-1.135586602318320454e-01
-1.133702458398907209e-01
-1.005516914867475853e-01
-1.292306056771045653e-01
-1.265306356121631837e-01
-1.454800025496023885e-01
-1.349523940932192689e-01
-4.281763297913769584e-02
-5.603243574873836841e-02
-2.220783220096037708e-02
-4.288960616818761340e-02
-1.242171553495748926e-01
-9.516394301917494025e-02
-6.046498909965915269e-02
-9.354700672404696327e-02
-1.266688019509047969e-01
-1.340362889804041502e-01
-2.035023767860285812e-02
-6.205050970055321809e-03
-1.844838977240560174e-01
-1.803828393326117885e-01
-1.287398464441879414e-02
-1.700366279245692572e-02
-1.050725352853683174e-02
-3.831261912679419235e-02
-1.302122767633407674e-01
-1.169520118381400658e-01
-4.541855651973623204e-02
8.436966582075591456e-03
-3.104339744688496688e-02
8.762352078598175872e-03
-1.143259516052829300e-01
-1.245612345401757443e-01
-1.347397869225230027e-01
-1.178558210296471731e-01
-1.240882944507294972e-01
-1.968844992700226337e-01
-1.982439361059874783e-01
-1.912686206833355274e-01
-1.919540675656187523e-01
-5.473702057709779051e-02
-5.635976755978581304e-02
-1.694164729704297212e-01
-1.722260812383575035e-01
-1.315833553635906428e-01
-1.289014923722679173e-01
-1.475817491526588143e-01
-1.334399479461089444e-01
-1.473023210317433718e-01
-1.342697742249367998e-01
-9.702149489497349788e-02
-8.706852798692266138e-02
-1.057857220953648397e-01
-9.293167840228805376e-02
-5.745250615956506296e-02
-7.086647152900094060e-02
-3.552016281706518036e-02
-4.014575418594963641e-02
-4.804033114562493434e-02
-6.388132563733807390e-02
-4.213152678181636412e-02
-5.040265889555553547e-02
-4.041934225135550979e-02
-1.324756125798232272e-02
-2.928091960304812086e-02
-1.151398988192561465e-02
-1.767715261892110340e-02
-3.195795650932591655e-03
-2.288533870619532604e-02
-8.872001262931418844e-03
-1.481295430112635203e-01
-1.395879043466068392e-01
-1.736626174190902122e-02
-1.672074998349221825e-02
-3.649618243703566314e-03
-2.618640635104081682e-02
-1.377193921172719104e-01
-1.740129669629489617e-01
-1.708829912275937890e-01
-1.314118581270438124e-01
-1.354915641564617690e-01
-1.546648982267439520e-01
-1.435906121934131252e-01
-1.937275672526132531e-01
-1.972790978884365887e-01
-1.951600385361891565e-01
-1.963858902852212429e-01
-1.443626704056986676e-01
-1.479713150427134638e-01
-1.322517974600566082e-01
-1.378838278767746672e-01
-1.540508940436259577e-01
-1.484393766967406769e-01
-1.735647590916499505e-01
-1.686041120223232270e-01
-1.537169073844662226e-01
-1.511327851379030696e-01
-1.464823105255988189e-01
-1.474192473653256619e-01
-9.581253680642726200e-02
-1.076989006531912929e-01
-1.593125587370960300e-02
-2.552207693751070913e-02
-5.889647995162135274e-02
-6.383270630978246651e-02
-7.029872835847238155e-02
-3.703779203371659196e-02
-5.100809536000155270e-02
-6.460097606161907535e-02
-7.547646072393883465e-02
-4.750260293555706725e-02
-1.809636173060233666e-01
-1.753437751129064137e-01
-1.221511423148056857e-01
-1.139538294573941429e-01
-1.445739549104641149e-02
-4.495236648207696917e-02
-1.386966685231295904e-01
-1.403043743278876709e-01
-8.935998065821620928e-02
-4.022569419565859977e-02
-1.026130574728712636e-03
-2.694343008710042495e-02
-1.103363721670440681e-02
-6.462550763466838599e-02
-1.391547411125788059e-01
-5.213547544796700434e-02
-1.133971132353734160e-02
-6.990004233060638505e-02
-1.424154727067638015e-01
-3.467355493294711766e-02
-3.429032555183156306e-02
-1.623338408304575431e-02
-1.607373721890197407e-02
-3.698792590592637347e-02
-6.635868007814464675e-02
-3.218767196737187114e-02
-6.035111481013296503e-02
-3.356341607826510837e-02
-3.182566075331777489e-02
-2.919002307258448600e-02
-2.870212176748482627e-02
-1.264863872293908176e-01
-1.333710959957369602e-01
-1.336596688868198490e-01
-1.372298779700591720e-01
-1.429325642088992432e-01
-1.449768782018313884e-01
-1.417631175018544409e-01
-1.411949524232843922e-01
-4.917327282463687665e-02
-4.755391473057439533e-02
-9.628818375678541153e-02
-1.050901161102850978e-01
-1.478605118034134192e-01
-1.453018014109498657e-01
-9.914957158175523311e-02
-3.133604273982540378e-02
-4.863931605624394888e-02
-1.377924723617250380e-01
-1.223594916312961134e-01
-6.706864349755099763e-02
-8.030033501197351986e-02
-1.037583535936612705e-01
-8.219085897582681377e-02
-6.563509176937622203e-02
-8.014049095216284335e-02
-1.209823249318288246e-01
-9.358521497927678456e-02
-1.507405353537449311e-01
-1.402359222227099467e-01
-1.488083493259585166e-01
-1.365791095259224486e-01
-1.593536774420521995e-01
-1.667995802863543597e-01
-1.430554648472064927e-01
-1.516261452435918866e-01
-1.071253745403915048e-01
-1.387471317172140339e-01
-1.146566575515923780e-01
-1.604960921653672268e-01
-1.519297571617478082e-01
-1.368908029225358869e-01
-1.257803237776213001e-01
-1.317119928536199802e-01
-1.136550331313290058e-01
-1.200041674829358113e-01
-1.660673085011190320e-01
-1.489774649378567961e-01
-1.029241779313272848e-01
-1.034383386631889945e-01
-1.402434115370440326e-01
-1.020402918512794826e-01
-1.189883956135296128e-01
-1.273675981431010296e-01
-4.537027679583445494e-02
-9.632755312414779947e-02
-1.594418818211672251e-01
-1.563239815659042686e-01
-1.577398087646414426e-01
-1.525954551438463702e-01
-1.263257559113369344e-01
-1.209182807858057429e-01
-1.185577121822973812e-01
-1.152970427441126211e-01
-8.153578531717709660e-03
-6.263315192935148094e-03
-2.136420767683505639e-02
-1.895631616677924056e-02
-5.727460848412028321e-03
-1.998233092485021331e-02
-3.597665382948244187e-03
-2.412783196020437324e-02
-3.521802569485248807e-02
-3.374078583535769504e-02
2.999289022879137422e-03
-3.504474428380492147e-03
-1.192734246132145376e-01
-1.222194602475943082e-01
-1.217961565784623640e-01
-1.176254013001706983e-01
-7.999377567380559773e-02
-9.412438766196309925e-02
-8.966741407940341524e-02
-9.308334551861077721e-02
-1.606019059765673995e-01
-1.528870445214810803e-01
-1.613505895461182782e-01
-1.813429929981108246e-01
-1.546572826125385824e-01
-1.746661900489223651e-01
-1.132288436632539058e-01
-1.159707934819616260e-01
-1.068317089189166486e-01
-1.100133344542823383e-01
-1.377971036496120627e-01
-1.380356347507514236e-01
-1.082407327974370670e-01
-1.108308073220592160e-01
-9.882736078064184582e-02
-1.291908565924652641e-01
-1.147850216803406043e-01
-1.596406407340800193e-01
-9.695627484185832812e-02
-1.254896300017935840e-01
-1.231205295034146496e-01
-8.387181947317590147e-02
-1.535483375353002555e-01
-1.169518175166524010e-01
-1.503267142540039569e-01
-1.077846526126194082e-01
-9.261924711130578580e-02
-8.905598707772451050e-02
-7.224061868733883118e-02
-7.130472189149174300e-02
-1.461870238270668310e-01
-1.671566733393882453e-01
-1.483838892006448251e-01
-1.530492717468946162e-01
-1.323855663275874672e-01
-1.315669049604940855e-01
-1.359161781590832729e-01
-1.441398325398743629e-01
-1.532871124703146792e-01
-4.748105394949699021e-02
-5.183519527492068402e-02
-1.323842583679117335e-01
-1.265189634562668697e-01
-3.280029573185883757e-02
2.932925035197640339e-04
-1.623946041475833046e-01
-1.588437351623044613e-01
-1.505462577466805396e-01
-1.466133542445256788e-01
-1.529182446772711645e-01
-1.482588961348591805e-01
-1.342351180106638453e-01
-1.451915289204556148e-01
-1.158711616102603148e-01
-1.336028713518490063e-01
-1.741875326701824156e-01
-1.663858401841896151e-01
-6.208553685752554036e-02
-7.721124359291360595e-02
-6.368427171917061258e-02
-8.198105708718884943e-02
-4.896282033131837269e-02
-5.098138782162738025e-02
-5.456895321023214757e-02
-5.211643881181809296e-02
-1.600616802475774147e-01
-1.651920089703287631e-01
-1.472688513582178227e-01
-1.522658253375861193e-01
-1.989073736326900654e-01
-2.011447501508278612e-01
-1.386474410818631930e-01
-1.285906726834072644e-01
-1.417802581953507557e-01
-1.272252218053187001e-01
-6.836800632657225041e-02
1.591265613217313774e-02
-1.240265967233661198e-01
-1.067624017096371336e-01
-1.683082414813834582e-01
-1.562983912501041406e-01
-9.303661345672441241e-02
-9.055878557197910572e-02
-1.309979042946251837e-01
-1.143411431580019511e-01
-2.051442212870634996e-01
-1.946349363723950676e-01
-1.649004159676432102e-01
-1.583069464006897631e-01
-1.521775412209192269e-01
-1.459110770962765979e-01
-1.329033535022677293e-01
-1.694327310672704423e-01
-1.557373527630809829e-01
-1.578032500552128126e-01
-1.749274805564348667e-01
-1.791653479517790470e-01
-1.756617524418128684e-01
-1.795120117260737003e-01
-1.687941285857115503e-01
-1.743666766215704322e-01
-9.018375390868169084e-02
-7.519747919638762601e-02
-9.276888198792856977e-02
-7.799070970571327088e-02
-6.908717727277891019e-02
-6.212739310823992001e-02
-1.601682916228623910e-01
-1.598033744918285204e-01
-1.599448963375311727e-01
-1.610480980351287339e-01
-1.467965930531100471e-01
-1.494072128004916011e-01
-6.807398934748654096e-02
-6.176408894999801252e-02
-1.136382710462112283e-01
-9.543364238012252976e-02
-1.739214690974181521e-01
-1.769816356517330547e-01
-1.547625221601416912e-01
-1.597439534719894416e-01
-9.407241834607905917e-02
-8.526702278162927306e-02
-2.278890828315932593e-02
-1.769195567948761774e-02
-1.532288057995082574e-02
-1.437121386930539403e-02
-8.667153307886182878e-02
-9.797470476347998336e-02
-8.206503000045849150e-02
-9.711815852260630155e-02
-1.616064939764074448e-01
-1.465706126010754007e-01
-1.302316854342441266e-01
-1.287019063443672340e-01
-1.214105659718702351e-01
-1.243733337711528247e-01
-1.294594421897228842e-01
-1.236137589458430469e-01
-1.247909825657073646e-01
-1.310059493148666432e-01
-1.238199708643584057e-01
-8.128508358394295752e-02
-6.820193635107443808e-02
-1.614178128637268617e-01
-1.513395257803291372e-01
-1.241465645249726912e-01
-8.440300572405541601e-02
-9.556399662652274862e-02
-1.459895013075459269e-01
-1.190462235959577481e-01
-8.413855608971446132e-02
-9.283872530822909197e-02
-1.106578784821791867e-01
-9.009608275610311856e-02
-1.058475133595976614e-01
-9.007500103690345428e-02
-1.203272527848198714e-01
-1.298459895809999931e-01
-1.070433259806126275e-01
-1.143732747046692921e-01
-5.652093219961459164e-02
-6.382990157067172654e-02
-1.680659507419448029e-01
-1.516921021981826323e-01
-1.436618217047780366e-01
-1.486329934801558228e-01
-1.220652942275711889e-01
-1.672192845643595549e-01
-9.172831263954220327e-02
-7.022759395188722664e-02
-8.171139023476599317e-02
-7.293648916697464957e-02
-1.173720502699882040e-01
-8.573144888529118934e-02
-1.244306271986116430e-01
-1.274906947913222732e-01
-9.883992395132340514e-02
-8.751908597570372261e-02
-4.306612804162356090e-02
-4.484841445088189049e-02
-3.173808293514452511e-02
-3.161021900728946954e-02
-1.635335221037739761e-01
-1.576509474306614367e-01
-1.130932476596267638e-01
-1.060825285797450390e-01
-1.076972228764782602e-01
-1.248552223081450946e-01
-9.869015375194364892e-02
-8.111953205983009341e-02
-8.697939803194294772e-02
-7.595877461648296858e-02
-1.658508503048390093e-01
-1.544003615094052262e-01
-1.625256127316953292e-01
-1.508418701207835666e-01
-1.793349423459015407e-02
-5.162870927438780594e-02
-6.392422104746256495e-02
-4.102984665068169778e-02
-7.138339099664994802e-02
-5.464170979869341360e-02
-2.344687894257517155e-02
-5.817873126165855335e-02
-1.538775934213619800e-01
-1.429727978034935898e-01
-1.619424281310006541e-01
-1.492873332479918436e-01
-1.381938937316729565e-01
-1.380655347944889921e-01
-1.215015907308568677e-01
-1.250020426405853424e-01
-1.331069112856083647e-01
-1.359672252308784801e-01
-1.248598307666414775e-01
-1.278245170089142568e-01
-1.496082392120660631e-01
-1.439456009597611941e-01
-1.110723423549694749e-01
-1.067501690714157542e-01
-1.667920568619182253e-01
-1.610907555584245865e-01
-1.087407667948132317e-01
-1.027188390062344081e-01
-1.440988786316337866e-01
-1.244013232874702224e-01
-1.444223127121985750e-01
-1.169446150982772076e-01
-6.139692318404649241e-02
-7.864261442596927332e-02
-7.227265555745325532e-02
-6.406662684389285989e-02
-1.146313777033437786e-01
-1.087030150026982583e-01
-1.192487301767126973e-01
-1.078534173823569031e-01
-1.236478482608270452e-01
-1.200167338456712418e-01
-1.376350663353486381e-01
-1.369647340778517852e-01
-1.761912953125928938e-01
-1.828709428664339054e-01
-1.259888997767208973e-01
-1.116911195653328137e-01
-1.468408119199645923e-01
-1.655549792977205059e-01
-1.350204606300449695e-01
-1.362540303555404286e-01
-1.085324678505957818e-01
-1.158075531683610271e-01
-1.233574386569742803e-01
-1.173377252112290103e-01
-9.643383873292361852e-02
-1.081774476582662570e-01
-1.069180547774586931e-01
-9.674952737187009211e-02
-6.715027726147457243e-02
-8.662920461703436936e-02
-1.462380897956326864e-01
-1.452847460793736667e-01
