-1.727196691840326148e-01
-1.660367399232357266e-01
-1.600524669447029591e-01
-1.507208803529481722e-01
-2.008866193336873995e-01
-1.962580138471692048e-01
-1.295844563458925236e-01
-1.148211429690763480e-01
-1.447913194847980922e-01
-1.280641311730680576e-01
-1.398491730425591162e-01
-1.228699499289129665e-01
-1.480264108200101680e-01
-1.474522343372072497e-01
-1.151662654827585869e-01
-9.975415421327192556e-02
-1.231748954392210410e-01
-1.821284542001718187e-01
-1.121544495097441946e-01
-1.658005124290488630e-01
-1.535082015905917530e-01
-1.531100584270730924e-01
-1.338328153211758853e-01
-1.278610713346503280e-01
-1.610454159666702134e-01
-1.655873576498801958e-01
-1.078925800589131262e-01
-9.708927094551046688e-02
-1.432602705673370891e-01
-1.222857061783382826e-01
-1.263474496806126779e-01
-1.172650891396518347e-01
-1.386057363001436116e-01
-1.316730859096713058e-01
-1.581060778950877377e-01
-1.461635315815225100e-01
-1.777555493719217561e-01
-1.038152700190824174e-01
-1.745259535624933134e-01
-9.020587933972230854e-02
-1.455479168276715418e-01
-1.407142409802453475e-01
-1.054414051459939550e-01
-9.931801011395793854e-02
-1.587285032448267630e-01
-1.490684339888622700e-01
-9.359431698150537382e-02
-9.718506653137365392e-02
-5.514482840187508866e-02
-6.504496790322297772e-02
-1.927788138081379388e-01
-1.850428510178922792e-01
-1.351895129488922265e-01
-1.224204782070791170e-01
-1.232883351444104408e-01
-9.796362211242533313e-02
-1.341339284349573058e-01
-1.024588015267551833e-01
-1.395999097051494608e-01
-1.213346594292020880e-01
-1.038173623998740330e-01
-9.554724174151615901e-02
-1.008307112724903531e-01
-9.552933907691854576e-02
-1.046286191842372981e-01
-6.581112989992997375e-02
-1.673962917794613314e-01
-1.572912972275408716e-01
-9.011842767478471516e-02
-1.005251845141322264e-01
-6.862030433218217762e-02
-3.955608131099117714e-02
-1.395181795814066927e-01
-1.441797321303268375e-01
-1.590573692593519883e-01
-1.537667014186527847e-01
-9.218247070352660055e-02
-7.416532886980017891e-02
-1.379347781632908609e-01
-1.289570685229051994e-01
-1.633950948468769759e-01
-1.475507069768483559e-01
-1.050799700091019639e-01
-1.214491135227524360e-01
-1.152247464504577157e-01
-9.060844604553246195e-02
-1.137716363260974084e-01
-1.109406550800481062e-01
-1.432881008611053275e-01
-1.533142517576932540e-01
-1.489620025795147240e-01
-1.412604874325883719e-01
-1.417318436290701533e-01
-8.538814067942189501e-02
-1.512989799431642413e-01
-6.227604380461198436e-02
-8.127595529570637300e-02
-8.138201015137666583e-02
-1.354242006338176041e-01
-1.315120994909027285e-01
-1.815445836368824728e-01
-1.504843071257540021e-01
-1.199230361571565484e-01
-9.411680091604283926e-02
-1.204074350628623058e-01
-8.937634582908400571e-02
-1.876729919085773635e-01
-1.863971400549150892e-01
-1.401916043185701399e-01
-1.306395194520107161e-01
-9.517403484221485799e-02
-9.337532237005509439e-02
-9.259841436245554169e-02
-7.537585656275942736e-02
-7.393036360270567597e-02
-9.090473037759427832e-02
-4.865508842822091617e-02
-5.810601899123964825e-02
-8.286117028665325457e-02
-8.310591147922662125e-02
-1.877440617213899099e-01
-1.992141482698136512e-01
-1.187514147790793978e-01
-9.792882528194067626e-02
-1.908362076541035568e-01
-1.826389790120533096e-01
-1.239070835027835937e-01
-1.124524350922659344e-01
-1.392427543847788995e-01
-1.266064529469589639e-01
-1.781111004854666890e-01
-1.507641380756264415e-01
-1.423343210343219756e-01
-1.749548150788695910e-01
-3.996638199646398298e-02
-1.995366714877400832e-02
-1.497162760789452207e-01
-1.325056592443965842e-01
-9.812748821122216358e-02
-6.254349157658739555e-02
-1.569900817673225701e-01
-1.607068867626334774e-01
-1.338669954562171083e-01
-8.306816017102862382e-02
-5.226432337553016394e-02
-7.376514836603634273e-02
-9.156054700520226131e-02
-1.147173350922230384e-01
-9.339034706236847005e-02
-8.013741491825232544e-02
-1.151950599189278668e-01
-5.170847191846519864e-02
-1.552462001175937689e-01
-1.427125605210327330e-01
-9.012691728061071605e-02
-9.815695047828303099e-02
-1.527531004327481179e-01
-1.073605721867751245e-01
-9.277283173164206642e-02
-8.682228940420495811e-02
-6.866143687607687007e-02
-7.142165974068810652e-02
-1.585106385919280436e-01
-1.424099290588101696e-01
-1.675504409268900596e-01
-1.535122791049101654e-01
-1.101580054147820731e-01
-1.026752356478071587e-01
-1.489862485799578473e-01
-1.419374359008029884e-01
-3.929095461666413935e-02
-4.485638140807467200e-02
-3.114217224391263930e-02
-3.612543121585939931e-02
-1.754544078769936510e-01
-1.699294467441146705e-01
-1.655842788356181317e-01
-1.423256900702703220e-01
-1.320221575325501440e-01
-1.348882764338372453e-01
-1.398647097261143946e-01
-1.376507895580302010e-01
-6.780989273707123399e-02
-6.648116140406791497e-02
-1.605174920092091451e-01
-1.516190626847426226e-01
-1.535649342060274869e-01
-1.363678853046097761e-01
-3.153427985231563313e-02
-3.533433973800620409e-02
-1.292006842162692348e-01
-1.080141993978871312e-01
-1.622972222729816838e-01
-1.696812065892992494e-01
-8.535918078805697362e-02
-7.492463507016401680e-02
-1.588691018025019108e-01
-1.450837404904217753e-01
-1.691660485225454646e-01
-1.613227058265480351e-01
-9.324089991820423695e-02
-2.498368223410039196e-02
-1.245691640263442701e-01
-1.539967340713533916e-01
-1.139149504368651283e-01
-1.586083212045655277e-01
-7.209819958895671843e-02
-6.248445437530973645e-02
-8.822744437282788177e-02
-5.553380359013593975e-02
-1.428381016650351054e-01
-1.322257526912395953e-01
-9.528785906653203241e-02
-9.237462045843999880e-02
-6.787361423725896126e-02
-6.424003468522418436e-02
-7.378223219153613732e-02
-7.557608177288856199e-02
-1.367608048925276210e-01
-1.238859541488226829e-01
-6.209507745387721211e-02
-7.672501499468346864e-02
-5.842552020742580038e-02
-6.579767121962423748e-02
-1.034316029171399726e-01
-1.037207690818385264e-01
-6.141983156161361090e-02
-7.154636408318595930e-02
-1.081069766034401525e-01
-1.344345122661543823e-01
-1.303417285668397596e-01
-8.255805202955046607e-02
-9.004051114515275456e-02
-6.205145700625670085e-02
-6.989527261320518936e-02
-1.029675150159576891e-01
-1.136731423341612729e-01
-1.954573313737306695e-01
-1.236357074664857780e-01
-1.790057837242823024e-01
-1.046030748038271480e-01
-1.315056203929335643e-01
-1.400107363084103496e-01
-1.602141950854926999e-01
-1.559188495712520162e-01
-1.179405824461309121e-01
-1.119293572656915314e-01
-1.232958315921482417e-01
-1.109459100435021273e-01
-1.230506023586987602e-01
-1.916123551261396940e-01
-1.112654566377627580e-01
-1.820337896438319614e-01
-1.280865314625677931e-01
-1.842842332773885206e-01
-1.739581781207478195e-01
-1.308251219352767336e-01
-9.797639548981032509e-02
-1.325019939705478489e-01
-9.228967559973641488e-02
-6.253995315303696734e-02
-7.193454756174727516e-02
-6.625738020969013098e-02
-7.229359890461896365e-02
-5.270852509396287827e-02
-5.002831553188470670e-02
-4.434425145167833482e-02
-4.266475936808512143e-02
-4.988102818382040421e-02
-6.773856827202721920e-02
-2.762033143005650226e-02
-3.604208524369417049e-02
-4.866140750110788116e-02
-3.664783484891419307e-02
-1.969600637115427044e-01
-1.945634098084013108e-01
-1.311142505815065529e-01
-1.144351322549158334e-01
-7.594888921354760181e-02
-3.051194843755318520e-02
-6.787086030968773886e-02
-4.834092938179989501e-02
-1.271105771809169505e-01
-1.240944427380998999e-01
-1.163393450865075757e-01
-1.140167509786274153e-01
-1.549866761442510454e-01
-1.421405137487090353e-01
-4.487697863149385860e-03
4.173824069022901567e-03
-1.444885672048802638e-01
-1.280200810522223454e-01
-8.123556491302012794e-02
-7.924835079876169086e-02
-1.421139860397488131e-01
-9.277131146509626225e-02
-1.019281079238113924e-01
-9.798577778267303362e-02
-1.208700817084871065e-01
-1.159456181571075772e-01
-4.783255255336672090e-02
-5.717540856954828749e-02
-8.330408460165428242e-02
-1.243532381636350687e-01
-6.546206183186943639e-02
-6.127578866471281027e-02
-9.267601319324036968e-02
-8.791296770390780169e-02
-8.593771063752161932e-02
-8.185394231481549210e-02
-9.194112775492305212e-02
-1.098696732902150197e-01
-1.598168662904647097e-01
-1.480601891003415216e-01
-9.854704509912758092e-02
-1.473303470164953055e-01
-1.477832800401133184e-01
-1.151555674639837407e-01
-1.292032140209459501e-01
-8.110110679843790527e-02
-1.241017088142892383e-01
-1.135485990700113579e-01
-1.890317635193054235e-01
-1.707657794535120677e-01
-1.902957960313414187e-01
-1.867797521419445883e-01
-1.652626449216555438e-01
-1.606929006749259203e-01
-1.184197080761092008e-01
-1.580363047525220610e-01
-1.472492742326045601e-01
-1.269722508782015202e-01
-1.234800707855468332e-01
-1.422721573702369902e-01
-1.344297578677920713e-01
-1.657188933031957245e-01
-1.599719974414288703e-01
-7.471294477365415798e-02
-7.192628396036852834e-02
-3.275106037786112978e-02
-2.880240616249778521e-02
-1.909322311178581963e-02
-1.563832204113197594e-02
-1.551531722163387583e-01
-1.463627670690798299e-01
-7.345297500150120562e-02
-4.605192071037907120e-02
-7.120858852095465763e-02
-4.733544000064067447e-02
-1.798105612704644085e-01
-1.800566640714788003e-01
-1.066326675471577640e-01
-8.932780510423336817e-02
-1.482735102596430543e-01
-1.282284766953429023e-01
-9.631281338214124632e-02
-9.904387992393395845e-02
-7.752087020704290232e-02
-8.587527586555815384e-02
-1.572739504188356841e-01
-1.565458574558142857e-01
-1.464466957520688950e-01
-1.410333082292334062e-01
-1.351511183404902894e-01
-9.345565989264570383e-02
-1.895104831783458732e-01
-1.839616183928415305e-01
-1.251750480027849777e-01
-1.161165245759798875e-01
-6.111498812218237042e-02
-2.539059639937405952e-02
-1.361709336640715140e-01
-1.532513811473984189e-01
-1.731878524633514715e-01
-1.712960704083637542e-01
-1.243719869498653152e-01
-1.158415120261646891e-01
-1.244747564909020748e-01
-1.453206533533799583e-01
-1.503666090996616800e-01
-6.547166802463628976e-02
-1.604402970284207475e-01
-1.502560562137499334e-01
-1.095615430189907230e-01
-8.460837662894665767e-02
-8.334314008828476450e-02
-2.829682461807648403e-02
-2.152238533492248362e-02
-1.402183416268204252e-01
-1.562204101580377258e-01
-1.605293520097164361e-01
-1.601537793389854469e-01
-1.481897054456363383e-01
-1.460696680626839550e-01
-1.434184892791497690e-01
-1.635938229895106955e-01
-1.581154433557052097e-01
-1.470803057523865642e-01
-1.909217546791113218e-01
-1.361497974196709815e-01
-1.896146141148148390e-01
-9.578032476908088233e-02
-9.668144143678016056e-02
-1.646020066572858875e-01
-1.555818819358967264e-01
-6.348070797446569991e-02
-6.558891408360879860e-02
-6.685177769477075593e-02
-6.547041104872243500e-02
-1.251832928953766910e-01
-1.141136228727039764e-01
-1.062131881978155973e-01
-5.842474894694223153e-02
-5.187502701567192620e-02
-1.420003566109279969e-01
-1.246372487085156411e-01
-7.042068732030638822e-02
-3.366383128451275880e-02
-1.405112255260850818e-01
-1.253529245055971797e-01
-9.733167481473097016e-02
-8.701048630229628322e-02
-9.923664941265458728e-02
-1.307185480914180575e-01
-1.071377268272076799e-01
-5.874571693919612009e-02
-4.880737126532427167e-02
-5.692488828845831267e-02
-4.653725913670840597e-02
-1.122465815733892508e-01
-1.205626674631358336e-01
-1.369570606522856615e-01
-1.771379193484184655e-01
-1.761317783809071558e-01
-1.453120098288902262e-01
-1.379056869933436291e-01
-9.455941388863811636e-02
-1.653683508736769614e-01
-1.725765521576537731e-01
-1.554851498928885023e-01
-5.824521248036782645e-02
-5.781845006698096284e-02
-3.596755361113530142e-02
-5.810452125189607270e-02
-1.444874836575182897e-01
-1.366441291070733532e-01
-1.760297093207757180e-01
-1.700741861696580814e-01
-1.553283098420847053e-01
-1.016582430111064722e-01
-1.894411229166333144e-01
-1.834750707362721722e-01
-1.554626321969637404e-01
-3.421490115203120602e-02
-2.645735518576211934e-02
-2.853160975722845299e-02
-8.854871830472186081e-03
-1.774980654011777681e-01
-8.881119806997510302e-02
-1.684657738650500447e-01
-1.290000926180243090e-01
-1.665828912660357042e-01
-1.215346485750870287e-01
-1.985279291061006202e-01
-1.954943101785340531e-01
-1.307306831808568437e-01
-1.243077212270941451e-01
-6.259557279815118613e-02
-5.059978910979916200e-02
-4.430428463172266657e-02
-4.411041051137471608e-02
-1.548730574009903882e-01
-1.439613016092685660e-01
-1.330535499012898970e-01
-1.270030592469294506e-01
-5.858560146554663700e-02
-6.669674842654631230e-02
-8.308381928980029807e-02
-9.108161675110765243e-02
-7.322447912613717913e-02
-4.777755452985349427e-02
-1.294765113666161704e-01
-1.257490181177696176e-01
-9.259006825457170853e-02
-8.933170193877291998e-02
-9.874821788718779469e-02
-1.272421531223011659e-01
-1.943363645538641604e-01
-1.096691760203077348e-01
-2.051819947633495567e-01
-5.042705183019038917e-02
-2.044495460836238954e-02
-1.221512182123971613e-01
-7.650688019929054173e-02
-1.521007118604770780e-01
-1.416606927212647471e-01
-1.283639590246417883e-01
-1.102690446432128130e-01
-6.218411070906540439e-02
-7.084873327912530327e-02
-1.228445058901323633e-01
-1.228100112882828665e-01
-1.115386953884562049e-01
-1.050740183444931891e-01
-1.125111209482562713e-01
-1.176968308294669696e-01
-1.299544319759234623e-01
-1.291215928516628031e-01
-1.241040681357117870e-01
-1.042662329330388410e-01
-1.218413732436386676e-01
-1.022005098396422812e-01
-4.988799815875837734e-02
-3.219535792415323394e-02
-4.226783334678031051e-02
-3.921103753363031769e-02
-1.558195713083857514e-01
-1.429787132032183938e-01
-1.350634918825592556e-01
-1.368680117622779746e-01
-1.010786356355254101e-01
-8.644045808879463610e-02
-1.536702445845425646e-01
-1.453361199020860584e-01
-1.177734064194299740e-01
-1.036987774815841951e-01
-8.253239055748572139e-02
-8.200621117133605198e-02
-8.159462922826023201e-02
-1.543288377635039510e-01
-1.397171325144018206e-01
-1.170619618332653517e-01
-1.213347029492261170e-01
-1.000946161704475562e-01
-1.302915511188112163e-01
-1.361665778973158714e-01
-1.514282253725066085e-01
-5.801456016535107979e-02
-5.309560132736751425e-02
-4.181981454854027253e-02
-5.865053183680612320e-02
-1.879495355237324472e-01
-1.138941206113362192e-01
-1.781118302468281678e-01
-1.044933763032114549e-01
-1.206235726566317126e-02
-1.551540797835229343e-02
-8.941237663045161627e-03
-1.434882961204980538e-02
-9.255557986415111071e-02
-4.300893937669168082e-02
-1.199524352331161753e-01
-1.041257532373412453e-01
-1.171777588823117305e-01
-1.568944959515116144e-01
-1.718010823075299676e-01
-1.664780559645927804e-01
-1.142219949156210584e-01
-1.062959217133450929e-01
-1.585426508326075734e-01
-1.427658618908741461e-01
-1.486642887929179868e-01
-1.423945324692911241e-01
-2.012832493866283101e-01
-1.941071745706124119e-01
-1.146109936876750779e-01
-1.017336340780961579e-01
-5.079877689303348431e-02
-2.847642411104968699e-02
-9.849113352922612974e-02
-9.770245659425269569e-02
-1.920683517678971886e-01
-1.850286417932216487e-01
-1.265062940657144253e-01
-1.167116335475680972e-01
-1.688292100642970195e-01
-1.502378380313458828e-01
-1.163107624427923703e-01
-9.571572083278233334e-02
-1.480530786324459891e-01
-1.469123603842808490e-01
-1.225395593805705119e-01
-1.219121346578468518e-01
-1.330413561731745575e-01
-1.247138854643175393e-01
-4.424485774999715321e-02
-3.640302019617120549e-02
-4.153764014664821508e-02
-3.699543839035877857e-02
-9.907057106066409491e-02
-5.023784868301599954e-02
-9.774553144141520655e-02
-6.132236162691474118e-02
-1.285731050057261349e-01
-1.567196358083987606e-01
-1.443532946850421828e-01
-3.621979861672889461e-02
-5.272445635913958206e-02
-6.118712997712398571e-02
-3.749131141515919113e-02
-1.084769277532107445e-01
-9.104378395531514956e-02
-1.043096086489816166e-01
-8.818613540717894217e-02
-1.821864421575317139e-01
-1.766163976151000070e-01
-1.149040996166205975e-01
-1.294392275477242449e-01
-1.446678872596311172e-01
-1.316344238582720094e-01
-1.580127321669809182e-01
-1.447391740711033992e-01
-1.343999656557313682e-01
-1.463695424516961718e-01
-7.437177759784473208e-02
-4.746749151614087364e-02
-1.964937084023389291e-01
-1.407191508051267026e-01
-1.990809246412371392e-01
-1.255729408641866607e-01
-5.005775497287470732e-02
-4.969824630614777528e-02
-1.250103433763358474e-01
-1.289598836872018761e-01
-4.272728311350462715e-02
-6.019028948796652234e-02
-9.321113797439092852e-02
-1.034539009728887848e-01
-1.508430376194796474e-01
-4.120526918381144099e-02
-1.605289316177735404e-02
-1.374861361723467464e-02
-1.463702444035218896e-02
-2.484749363980710488e-02
-1.341797450270430514e-01
-1.053275369384505805e-01
-1.329547984294866536e-01
-7.563204359052048964e-02
-1.682634851725196001e-01
-1.161554656342564940e-01
-1.603296382546204324e-01
-1.455218670199237563e-01
-1.535211397854196469e-01
-1.844069690718648513e-01
-1.135173636033353500e-01
-1.287686935373193731e-01
-1.547849192980750577e-01
-1.523484286004979926e-01
-1.115169283780124004e-01
-6.144593777589252986e-02
-4.259871232440051725e-02
-3.053627681161838123e-02
-4.188990545019918854e-02
-1.684027841634807773e-02
-5.519474994178431154e-02
-8.034374186003642726e-02
-1.267690950559816898e-01
-7.524531065003682573e-02
-1.537501489009387157e-01
-1.481559947598244942e-01
-2.016379597440385862e-01
-1.942439426018907900e-01
-1.283661142734993932e-01
-1.171031949113947868e-01
-9.809768970314160230e-02
-9.688644517916189525e-02
-1.467695604574535406e-01
-1.457673690886107376e-01
-5.696190617892030877e-02
-6.244001318364540004e-02
-3.159378436608017982e-02
-3.686280819602059944e-02
-6.114827032796997519e-02
-4.571723738965544764e-02
-3.935114799001189489e-02
-4.207864949740276056e-02
-1.275147821590424946e-02
-1.469933473027884401e-02
-1.123619655640546861e-01
-1.006662441498578087e-01
-1.185070475117840638e-01
-1.129726734584957371e-01
-1.001322055273867750e-01
-9.889517148302298666e-02
-1.512222225929692743e-01
-1.383596534032765779e-01
-1.517417604482562965e-01
-1.297227799970711304e-01
-1.163991755571013309e-01
-1.676083894935747054e-01
-1.259285806052155565e-01
-1.327872961648192962e-01
-1.120203202526858094e-01
-8.636652638181890884e-02
-8.505384338691787671e-02
-1.216521561951531827e-01
-1.578465394917767106e-01
-1.162269862255987246e-01
-1.558333600433116639e-01
-8.697514091289847149e-02
-2.485697185778511925e-02
-1.603469913655285184e-01
-1.450698970063285520e-01
-8.145654771202948119e-02
-6.755862135961020198e-02
-1.756960738814735135e-01
-1.312529599967736105e-01
-6.596896361078902205e-02
-7.063509021066413651e-02
-4.643068397679103732e-02
-4.983005121144023358e-02
-6.920633190603588114e-02
-7.471573299223806253e-02
-1.425959490862839796e-01
-1.432180116886737076e-01
-1.098829570398881933e-01
-1.571796539832603090e-01
-1.440768461837290959e-01
-1.317570381698959514e-01
-1.311890728568639031e-01
-1.301696730533240531e-01
-1.334591882612984060e-01
-5.140343313205473358e-02
-5.376892944265237312e-02
-1.204468268577720824e-01
-4.085898902931661691e-02
-2.370484146287740040e-02
-5.674970089817236996e-02
-3.635823366027195885e-02
-1.507628896190095769e-01
-1.402920733729855762e-01
-1.658609875559250157e-01
-1.520863938626130507e-01
-1.433768334723787563e-01
-1.344412159112301497e-01
-1.604451580716912684e-01
-1.536702538561395548e-01
-3.282574042995859559e-02
-3.292337829310160169e-02
-1.881644836393135678e-01
-1.827861112671358701e-01
-4.770187472610557672e-02
-3.948341875543429080e-02
-2.225163139982512528e-02
-2.721278715310501001e-02
-6.131472406898201555e-02
-6.248952109905803187e-02
-1.671287986535790748e-01
-1.600290510486052920e-01
-1.066119541673749282e-01
-9.994935555157337392e-02
-1.661793834462182706e-01
-1.483750248126934346e-01
-1.664042048212545644e-01
-1.693330583534115030e-01
-9.417496229369767824e-02
-1.122008215478719900e-01
-1.140001980890509858e-01
-8.963676149115677727e-02
-7.379455242309788943e-02
-7.542563493487645931e-02
-7.273574980482838681e-02
-1.143665060867569000e-01
-9.184103450643549271e-02
-7.826649300681207122e-02
-1.046307882673521705e-01
-7.807013191683428999e-02
-5.335389824782487550e-02
-5.547623045445849999e-02
-1.570619388304589081e-01
-1.489494826513965142e-01
-1.807769395964491099e-01
-1.756740542884666079e-01
-1.611349853398791887e-01
-1.479444336733965193e-01
-1.468195353995198349e-01
-1.420435500650942540e-01
-1.360862618358274767e-01
-1.400385730349094082e-01
-1.694947535805789718e-01
-1.605198741678108554e-01
-6.558586268485727677e-02
-6.560287688118847382e-02
-1.883929427322079270e-02
-1.024348897504650906e-02
-7.595668224914081668e-02
-1.021368595208391461e-01
-1.497423953906273919e-01
-1.511082828449419324e-01
-1.477137580809183559e-01
-8.539177830852107132e-02
-1.001085274687087273e-01
-7.528428724022560858e-02
-1.060100796581531640e-01
-1.709546737796410476e-01
-1.674137169584244411e-01
-4.169669490220524743e-02
-4.042650304061178035e-02
-3.520325248777290972e-02
-4.310861343324033645e-02
-1.474315501290713593e-01
-1.463755785094727202e-01
-1.209463428421965331e-01
-1.127548445196476512e-01
-1.271814063033423203e-01
-1.617724381103113063e-01
-1.332909572363898676e-01
-1.150740143861813947e-01
-1.271134063889824972e-01
-1.243739854950867973e-01
-1.266275448642218970e-01
-1.309312961337481818e-01
-1.201594376029775646e-01
-1.654877246640359956e-01
-1.537775964770733972e-01
-1.461341897117348632e-01
-6.732512635870618878e-02
-8.570413224116991968e-02
-1.291301485180622322e-01
-1.636333131245638617e-01
-1.465683499165313930e-01
-1.437546345292348704e-01
-1.204794305377266256e-01
-7.604068918359378759e-02
-8.804963272505160476e-02
-3.755340257236745860e-02
-8.839116549757823627e-02
-1.195399559530558459e-01
-4.750574214285277486e-02
-9.199915216404432050e-02
-9.763519736994204223e-02
-1.423381980921182011e-01
-1.256208769825941651e-01
-1.201202395560613395e-01
-6.844376667251295121e-02
-9.538460668605173998e-02
-1.086286036947836792e-01
-1.502127560308060550e-01
-1.273523227140021807e-01
-1.202365419404961416e-01
8.161918305793816261e-03
-2.801723669336818670e-02
-2.374367768980052348e-02
-1.305232631928417153e-02
-3.091506076593609348e-02
-3.332007793545770091e-02
-9.906186873102107437e-02
-7.427101487771946287e-02
-7.702291487913168200e-02
-1.054679087337705989e-01
-8.383011634372167231e-02
-8.564718133975313119e-02
-1.140366415047299187e-01
-8.203362521960462506e-02
-8.503597314675943875e-02
-1.116734712123387957e-01
-1.084574419424570446e-01
-8.095925634977735319e-02
-8.466174174552691667e-02
-1.106245354685916615e-01
-1.503064074634437031e-01
-1.623728372949619359e-01
-1.463836677610459158e-01
-1.663315698631314399e-01
-1.402465465528762167e-01
-1.560922046801765661e-01
-1.159316552018069407e-01
-1.077278694509890555e-01
-1.093912185480841320e-01
-1.078911649018391428e-01
-9.700758111033211395e-02
-1.031535236246583220e-01
-1.449590122489891886e-01
-1.448766543460537071e-01
-1.009721010021215754e-01
-1.154150053862638553e-01
-1.150379652450941315e-01
-8.161760723035270393e-02
-1.139954536003270763e-01
-9.106650993762178958e-02
-1.211852771662112471e-01
-1.480237790608851800e-01
-1.274025807429340074e-01
-1.488774203963548759e-01
-8.924939323359820653e-02
-1.041920627796290855e-01
-8.513675179539582916e-02
-1.038006826349978651e-01
-1.032803616970173061e-01
-7.323153267690123147e-02
-8.562573847216183032e-02
-1.037689770752959068e-01
-7.795225520963115773e-02
-8.879779781521141002e-02
-8.022476902055507286e-02
-1.138613008094442880e-01
-9.185082565821507672e-02
-7.916980608184930046e-02
-1.045807761879926356e-01
-8.756851110712812747e-02
-1.330282299450645800e-01
-1.189356515294045374e-01
-1.042852393628050239e-01
-9.896594669025003677e-02
3.159697771231805702e-02
-4.424425260263704224e-02
-4.444479384227296992e-02
-5.235074635483717709e-02
-5.505112156624127756e-02
-3.163411525052206574e-02
-1.453500318241192635e-01
-1.382446306340507358e-01
-1.499102245094598995e-01
-1.372137865799590017e-01
-1.320797492816548901e-01
-1.423651418220660270e-01
-1.688915154580740152e-01
-1.622696409199692602e-01
-1.664435826218428616e-01
-1.661492825052214017e-01
-1.611984705952379804e-01
-1.674668341437509367e-01
-1.227882840990911217e-01
-1.137875269838511116e-01
-1.250488430327792722e-01
-1.440896989804131001e-01
-1.515928621361754547e-01
-1.493944193670405929e-01
-1.754831792432691162e-01
-1.732872076203464395e-01
-1.687919579720184304e-01
-1.671207405509115285e-01
-1.659150559822333004e-01
-1.616880158553926639e-01
-4.315390001487078020e-02
-5.253392823294289471e-02
-1.662430888698245707e-02
-4.649200171410120680e-02
-5.621609462948073260e-02
-1.061342486513117273e-01
-1.232070245688952626e-01
-4.830326461587240716e-02
-1.029244038557352858e-01
-9.969842157633494739e-02
-1.453742415997607285e-01
-1.511467797803282831e-01
-1.498918296269658168e-01
-5.907575878357192861e-02
-6.052735357327608534e-02
-6.753742675080898206e-02
-6.496407406823316577e-02
-7.057195307696467745e-02
-7.479054444496309462e-02
-6.727822178579351275e-02
-7.132178157129909213e-02
-1.572729433785037545e-01
-1.634560822992543183e-01
-1.560202094772470960e-01
-1.484629620937028827e-01
-1.516418201209619454e-01
-1.483310458818096478e-01
1.206522259361577851e-02
-2.974639872453968895e-02
-5.071371091671740550e-02
-2.648327203316331799e-02
-5.227295152501931774e-02
-7.951761975132894122e-02
-5.847582391526284784e-02
-7.401391824546618703e-02
-8.311518618892112242e-02
-6.883543494892381542e-02
-8.688212714223639277e-02
-7.603484951181391227e-02
-1.215978144841584063e-01
-1.430820995881844082e-01
-1.389899844850778499e-01
-1.362403574294391573e-01
-1.335591795516821445e-01
-1.294638813173805691e-01
-1.609095481412257944e-01
-1.650088482710640181e-01
-1.602393757036166544e-01
-1.624512698422763413e-01
-1.000822324000342767e-01
-5.426428797317012914e-02
-7.414532466401080324e-02
-4.314675520706813538e-02
-8.418330834772910776e-02
-8.974238749927816727e-02
-1.088722131193878145e-01
-9.096037898161403457e-02
-9.500160072160052094e-02
-1.113099716765250796e-01
-1.827655317498553741e-02
-4.916322290023478897e-02
-3.276421750386038223e-02
-3.491276282225881742e-03
-2.265785891202866387e-02
-1.306534123865663033e-02
-1.572292161154523887e-02
-4.504248585696649793e-02
-2.911603064322773257e-02
5.286747540522500517e-03
-2.628598102171995216e-02
-3.122809522796599069e-02
-3.670493395747009141e-02
-6.073671306682552895e-02
-5.815608434264522147e-02
-2.342972360053131517e-02
-4.185463175320757595e-02
-4.166695941098771949e-02
-4.999440885840207571e-02
-7.615035678417594878e-02
-5.781477914230016835e-02
-7.850161776429348537e-02
-1.228155680508060399e-01
-1.173214212807278806e-01
-1.174740220721539885e-01
-1.098670528608315933e-01
-3.647074435126827514e-03
-4.766909817179093567e-02
1.200665173014276148e-03
-3.747963030585677036e-02
-1.537322201447666459e-01
-1.474979727138075181e-01
1.359355253268427523e-02
-3.971658344152758507e-02
-4.610387384454902454e-02
9.990369509859039349e-03
-5.456013466332110956e-02
-7.103208596823129550e-02
-1.087226693601850563e-01
-1.126743266404985899e-01
-1.107996099784905319e-01
-8.998783728511264290e-02
-9.939554384067081361e-02
-9.103945330817203585e-02
-1.999528781056909843e-01
-1.911690505827182973e-01
-1.814921008191059115e-01
-1.962977243888631984e-01
-1.866096662565662756e-01
-1.864505541584438875e-01
-1.323869380651103989e-01
-1.267630027642036306e-01
-1.344805505491338260e-01
-8.029506339892951428e-02
-9.178510298306345738e-02
-9.089670894169976645e-02
-1.036960032378233254e-01
-1.417555914016950247e-01
-1.380660831240633768e-01
-1.415365623770774295e-01
7.208402869312870859e-03
-2.129874908621447183e-02
5.828084120475956337e-03
-4.337306272455827838e-03
-7.885552335226805182e-03
-1.414899450405597212e-02
7.472138756581159398e-03
-2.053607000247590492e-02
5.480590053547120324e-03
-1.233212745288134703e-02
-2.102252783133047587e-02
-2.337551087228588453e-02
-1.547500263275118360e-01
-1.600018856678367685e-01
-1.460625696985612954e-01
-1.510613276502924263e-01
-1.639955327407473795e-01
-1.673374151920107578e-01
-1.583385711695383391e-01
-1.609595311728614364e-01
-1.262287805403850272e-01
-1.135209553099059965e-01
-1.350285156871983139e-01
-1.935972648123331363e-01
-1.916287994902688419e-01
-1.870942864637701597e-01
-1.078519151236706636e-01
-9.804183858661123796e-02
-1.204096221272868417e-01
-1.853335131868181496e-01
-1.860384714629777780e-01
-1.804384698586414537e-01
-4.620955696634822252e-02
-6.551184033014000041e-02
-6.301851193642060700e-02
-9.910313335052974015e-02
-8.250536772487779280e-02
-1.099488762472979608e-01
-5.614578926059487357e-02
-7.902627112023641320e-02
-7.474115310480715368e-02
-1.014956462657454483e-01
-8.243304813470181402e-02
-1.104289776182382915e-01
-4.213877033883122597e-02
-6.189097094001975996e-02
-5.937072237617969928e-02
-3.275043642045018244e-02
-5.201632561921965686e-02
-3.623655936133521327e-02
-5.125431023966972588e-02
-7.065824573053025581e-02
-7.933011289018370230e-03
3.096521528456108382e-04
-3.675183652045669463e-02
8.432376297927883860e-03
-1.371216425112994353e-01
-1.442436254455586597e-01
-1.463838418714464851e-01
-1.330963846938155726e-01
-1.347806932767733612e-01
-1.376135122730940130e-01
-1.720702419806541539e-01
-1.849052743216423045e-01
-1.626637245655636888e-01
-1.753112249006279488e-01
-1.199569630814968091e-01
-1.188779773359842779e-01
-1.122193959555220916e-01
-1.069444956027641030e-01
-5.763655961739464623e-02
-6.974684843970051229e-02
-6.453362584512380151e-02
-7.798739089237705091e-02
-9.958091857472319008e-02
-7.727547999289766101e-02
-7.936249376194710881e-02
-7.107156516220947129e-02
-6.712997323934848104e-02
-5.210488368341834736e-02
-4.857431336634604468e-02
-6.345274013257841406e-02
-4.212239564046360574e-02
-6.552850912241962866e-02
-9.010679406576722894e-02
-7.421815038931879605e-02
-1.440297462168323162e-01
-1.231377713654958073e-01
-1.148402543771160911e-01
-1.296155489363976232e-01
-1.050155553591201607e-01
-8.984822416051992111e-02
-1.446587316470535622e-01
-1.346930233289982959e-01
-1.262726465793053143e-01
-1.478437526185510942e-01
-1.565037250631181320e-01
-1.102351864080293037e-01
-1.339750358514291417e-01
-1.399309249258327559e-01
-1.460653240113025386e-01
-1.416023720890666471e-01
-1.275812317959585662e-01
-1.240798128770150416e-01
-3.973577438107855214e-02
-3.419561008705384458e-02
-3.542269005230239826e-02
-2.879123250227477379e-02
-1.138759656933533704e-01
-1.111432962400572405e-01
-1.157166269368994083e-01
-1.680284496381444781e-01
-1.647527595448302351e-01
-1.676864455510021223e-01
-2.095840876534178776e-02
-2.563049020773216710e-02
-1.498211903884045237e-01
-1.518764198274374366e-01
-1.503402519659472747e-01
-1.403629375685376546e-01
-1.385699855842238981e-01
-1.376195978017488164e-01
-1.019006924207423170e-01
-8.050496398470594062e-02
-9.930866399532151112e-02
-8.756067033134284916e-02
-7.100164194548333474e-02
-8.625686555812672740e-02
-1.490826944201062154e-01
-1.507608880752204228e-01
-1.491015342680791778e-01
-1.429844952186052620e-01
-1.400106270444219370e-01
-1.424550841307108129e-01
-1.058583792131560647e-01
-8.765102907034934276e-02
-8.785054643559846166e-02
-9.912522444791990739e-02
-5.362825894968816648e-02
-3.213537997727109602e-02
2.620449983767502919e-02
-3.029207836782563806e-02
-1.089456147872435027e-01
-1.199584063043502846e-01
-1.527036711116633028e-01
-1.642366516599450543e-01
-1.423602189061206336e-01
-1.459785046856083290e-01
-1.501505342721377312e-01
-1.464631372694814859e-01
-1.803532349160982540e-01
-1.789268398023846074e-01
-1.733952419290985536e-01
-1.729963289279239369e-01
-7.950616168887758572e-02
-7.335405723288761226e-02
-8.321869695024172731e-02
-7.702559862011384983e-02
-9.267151295146862366e-02
-1.151044688021358731e-01
-9.157089174979238244e-02
-1.056983153043012519e-01
-1.410070965482653482e-01
-1.545496847522755957e-01
-1.487400784668657383e-01
-1.225300875916513904e-01
-1.263065110699671811e-01
-1.313612325401342928e-01
-7.249599198195262606e-02
-5.654238356075489552e-02
-8.647624157604601181e-02
-7.667840173141658722e-02
-6.096971882162987438e-02
-9.300281345637352592e-02
-6.815423017044838772e-02
-2.835242987977810644e-02
-2.608739565245574502e-02
-7.874695811288565106e-02
-3.155900459724156337e-02
-3.026545198196585809e-02
-5.717799590428115225e-02
-7.894761717531204037e-02
-1.054683512570468995e-01
-1.096126160800162813e-01
-1.141400801763217815e-01
-1.134452283638038295e-01
-7.719983484555340003e-02
-9.853188111007543659e-02
-1.245164887955945293e-01
-6.855579564121803970e-02
-6.338277143183713991e-02
-1.063243766177570798e-01
-3.148069002323863191e-02
-5.387172995959818578e-02
-4.625720625012660209e-02
-6.027893397247820195e-02
-2.623735498847618725e-02
-5.476204073432958813e-02
-3.320770841122773487e-02
-6.218132178598567011e-02
-9.104582812735627362e-02
-7.874427224786142987e-02
-1.994706742968997415e-01
-1.872583340719019829e-01
-1.852685017024872094e-01
-1.761756441772080461e-01
-1.853059442602998652e-01
-1.874607571532722616e-01
-1.429756346902272546e-01
-1.376550674637910809e-01
-1.427480358503855351e-01
-1.293843977531473344e-01
-1.218861262325040412e-01
-1.266058996590738728e-01
-1.066423164996364303e-01
-1.089052772913110118e-01
-1.075614073584520852e-01
-1.069874136953284233e-01
-9.521106047854742405e-02
-9.194351129258604427e-02
-1.775538382461856468e-01
-1.816584058063263896e-01
-1.840623806617290859e-01
-1.683248261953148306e-01
-1.681833635793315018e-01
-1.778939302107538367e-01
-1.060956723356560882e-01
-1.335136288380113778e-01
-1.236238053356001898e-01
-9.470407856266759017e-02
-5.569347919458187551e-02
-7.901046081699041046e-02
3.010994546487798067e-03
2.414957919223486779e-02
7.870510578806180768e-03
2.778529468233343833e-02
-8.018220522654898041e-02
-9.019176024847583295e-02
-7.862663194553271007e-02
-9.367444267513765077e-02
-1.140142521146339377e-01
-1.276154384427676536e-01
-1.176927981259254241e-01
-1.135269381828555441e-01
-9.073057187359613585e-02
-9.730343609304993591e-02
1.872234317755090000e-02
-5.229780772389799534e-03
1.677425601067102090e-02
-6.204293454984561576e-04
-1.235644768328341137e-01
-1.194227910461889280e-01
-5.762276805281449366e-02
-6.733943773948880551e-02
-1.608883453114189621e-01
-1.572169924854469603e-01
-1.489139170629389941e-01
-1.440509008417629744e-01
-7.223080118657155928e-03
-3.324358692125609777e-02
-2.015803435452115031e-02
2.426666556462831609e-03
-3.101366908880722612e-02
-1.397409251840449687e-02
-2.532225952343971839e-02
-9.772984152746801503e-03
-2.821281246967508385e-02
-2.045703818185007003e-02
-6.358195526689328081e-03
-7.058972829869808452e-03
-4.365399173905839397e-02
-8.756186133610913136e-03
-3.257536764339664243e-02
-1.922446445427896874e-02
-4.463570191656197200e-02
-1.305982441787256060e-02
-3.122240827734333243e-02
-1.607571247613396800e-02
-1.259711094966312062e-01
-1.027170922600964958e-01
-1.020718980549828736e-01
-1.268246127521528710e-01
-1.023716956400832767e-01
-1.054007061242727972e-01
-7.381089820689863690e-02
-5.705344170030961920e-02
-6.934934240842904885e-02
-7.739404122492563043e-02
-8.024546589808692620e-02
-8.537444835425547773e-02
-8.032706085089177939e-02
-1.091314412736337641e-01
-9.278820129015392937e-02
-8.373482493901232560e-02
-1.115242122130170183e-01
-9.600074871211783378e-02
-4.730467599691833697e-02
-5.215936018229606203e-02
-7.154892804914894655e-02
-5.562445742898641105e-02
-6.138762337710669537e-02
-8.047982458421036600e-02
-1.385952755004697667e-01
-1.473199530703435955e-01
-1.104149095588671387e-01
-1.190340154038535131e-01
-1.248227275287737414e-02
-4.752180399019949840e-03
-1.937008083121416133e-02
1.502967491217862932e-02
8.712837250920183255e-03
1.414112462084709566e-02
6.705106784807283136e-03
1.070844540579426150e-02
-1.191710965115578419e-01
-1.229700256621324012e-01
-1.650708170209002623e-01
-1.668082209908070546e-01
-1.609595860046767468e-01
-1.643883224219800376e-01
-8.562482762300478722e-02
-8.222926911611479206e-02
-7.343348226984808269e-02
-6.787451205142824850e-02
-1.323026476977337551e-01
-1.276512443960658438e-01
-1.307120897627878087e-01
-1.343172621892384233e-01
-1.283011460604081277e-01
-1.326765648597205416e-01
-7.323474508867643118e-02
-8.129518820264818035e-02
-5.946794985463024069e-02
-6.852479623924077889e-02
1.247554346016234786e-02
1.583072097752567797e-02
-1.320719110281301234e-01
-1.137643856285689981e-01
-1.259345248676330686e-01
-1.007443746827526160e-01
-1.170172580534668549e-01
-1.242618248904414080e-01
-1.211227057333221224e-01
-1.254898393230751419e-01
-1.134682750165213333e-01
-1.169099488043651713e-01
-1.794195910357378188e-01
-1.735941503807826580e-01
-1.647109767816310466e-01
-1.547781889947694167e-01
-1.502130062885446427e-01
-1.511846367217235532e-01
-1.402734591878065651e-01
-1.431975111537357181e-01
-1.162540526048163186e-01
-1.217090314034888626e-01
-2.562315619806967287e-02
-3.884104466351558094e-02
-4.679893168309708085e-02
-3.330783919171678015e-02
-2.724811573904553641e-02
-4.833592422130209010e-02
-5.833979331909055349e-02
-4.267733301278733155e-02
-1.362571826976134437e-01
-1.219626103403578937e-01
-1.306227682850051586e-01
-1.225759525194175525e-01
-9.684078430623495326e-02
-1.099066847250565887e-01
-1.551832509008799210e-01
-1.545285387622190865e-01
-1.213528123105547529e-01
-1.184353890158529321e-01
-1.582144299004331900e-01
-1.640600755865261051e-01
-1.213236075300311856e-01
-1.248877354112461618e-01
-9.473240000192885424e-02
-1.192554937596378567e-01
-1.204403785291339457e-01
-1.352974891855842077e-01
-1.433667711768107367e-01
-1.380785131701618706e-01
-1.538198684924198256e-01
-1.567870641001865017e-01
-1.548361782518013208e-01
-8.457286953948302266e-02
-9.329530163683011357e-02
-1.120812290745133166e-01
-3.764433632970700522e-02
4.911336773400436229e-03
-3.097972414143104411e-02
5.126391932011351016e-03
-1.765442913441770123e-01
-2.020389441356560123e-01
-1.981432526924487014e-01
-1.848085334913836808e-01
-1.237637525812477629e-01
-1.309224543445011713e-01
-1.083403718908414609e-01
-1.169802724292302726e-01
-9.334249971818409097e-02
-1.016422875836972689e-01
-2.015749408494258432e-01
-2.028248444838693099e-01
-1.954590378906436998e-01
-2.004368716579444654e-01
-2.625685009277640633e-02
-3.983941121044828892e-02
-1.530555721727829555e-01
-1.528860288158207514e-01
-1.668246099516890180e-01
-1.467538397325701405e-01
-1.396826084199985496e-01
-1.462686956096205249e-01
-1.414296490756945246e-01
-1.355007749902256697e-01
-1.307780510507841332e-01
-1.252976715006043629e-01
-2.875606497297372027e-02
-1.641224998982704223e-03
-2.911085052769540188e-02
-1.625047440478080349e-03
-7.415576300936356502e-02
-2.623063554462339367e-02
-7.707167557724831086e-02
-3.112693883103331838e-02
-1.319035299823412971e-02
-1.170847350534264669e-02
-4.244985661099640734e-02
-4.550575007533936428e-02
-2.639385907811831952e-02
-3.278112574291654202e-02
-1.337177166294719333e-01
-1.306883097630464896e-01
-1.059659552419610767e-01
-1.133182303557492970e-01
-1.708512413020351339e-01
-1.685661227767014658e-01
-1.473327416509114807e-01
-1.560883049598570105e-01
-1.531399572148593180e-01
-1.271834193708313854e-01
-1.109000422366427929e-01
-1.050872163490618322e-01
-8.984114090211350878e-02
-1.509825398238228700e-01
-1.422672838106601723e-01
-1.521670502894904575e-01
-1.463558442524341419e-01
-1.744744166435656108e-01
-1.541327714679987804e-01
-1.521823735241881748e-01
-1.161921264623933941e-01
-1.266808125442096811e-01
-1.124954864779684899e-01
-9.633089553249740700e-02
-8.086640887154400437e-02
-1.046650472274942567e-01
-1.093608719637004095e-01
-1.641397005507326257e-01
-1.883669284125467913e-01
-1.526976598133564511e-01
-1.798702606968072548e-01
-1.202983702913917874e-01
-1.194447509129304558e-01
-1.053300410123113595e-01
-1.054773605231732747e-01
-1.419055666559432827e-01
-1.269236868208604152e-01
-1.254776678720703198e-01
-1.178724790639352343e-01
-5.719505764009607390e-02
-2.655930297077801344e-02
-4.686972810836160380e-02
-3.955635224118195237e-02
-6.936497827027282570e-02
-1.134585074648659098e-01
-1.146663426706318462e-01
-9.506387611556879613e-02
-1.028689881881592744e-01
-8.175079647895790169e-02
-1.697736137022126668e-01
-1.646653360959143275e-01
-6.659248340143311684e-02
-8.245788461081665632e-02
-6.413560041177876481e-02
-9.230549066370030697e-02
-6.036504653162268891e-02
-4.972164140793586956e-02
-1.585842832927231161e-01
-1.319118745407248661e-01
-1.405914753208923895e-01
-1.153264945496797617e-01
-1.326344005899579570e-01
-1.095008828069586188e-01
-1.000456474898789999e-01
-7.216302513751696179e-02
-1.025049393817000776e-01
-9.406361470234013422e-02
-7.325857553613897288e-02
-1.083671041097144239e-01
-9.055222094853677961e-02
-7.569881924098174897e-02
-1.089047315488568674e-01
-8.952502272948222040e-02
-7.006332058310586752e-02
-6.348638268172636379e-02
-7.052137627637478090e-02
-7.745045190609696484e-02
-7.257477715514175365e-02
-7.687754569959279194e-02
-1.503116758272551035e-01
-1.406997639417538193e-01
-1.322102811316253623e-01
-1.332691413133844649e-01
-4.276971701467013193e-02
-6.692883740761033928e-02
-2.844021913891012221e-02
-5.274874559802021634e-02
-1.444792192768831196e-01
-1.393523395594716274e-01
-1.626455454258961819e-01
-1.255520985767989151e-01
-1.231596640194789483e-01
-1.455164789562613803e-01
-1.706894806244272089e-01
-1.512475377463406989e-01
-1.433538268379706826e-01
-1.525033759374685161e-01
-1.565119741457761948e-01
-1.682758205532805529e-01
-4.424106097610469752e-03
-4.575586721457127609e-02
7.350583008694499924e-03
-3.847461331553732322e-02
-5.020651324771849278e-02
-7.240989938592880260e-02
-5.721179476284943277e-02
-7.284376169026209047e-02
-1.050202049854571523e-01
-9.981949019387424682e-02
-9.203018990643697939e-02
-1.036383697648811664e-01
-7.669778568686870523e-02
-9.135818608048852651e-02
-1.611799192311221540e-01
-1.652986037895367577e-01
-1.398943962363539129e-01
-1.505112900599755443e-01
-9.610905619909804187e-02
-8.982957126715598872e-02
-7.345529211412557546e-02
-8.647544912659393956e-02
-8.687578952492577833e-02
-7.067668738364578374e-02
-1.658672500670518302e-01
-1.562346285789363298e-01
-1.204236137669920659e-01
-1.295190931964065040e-01
-1.296452785104689198e-01
-1.417847988011160798e-01
-1.357293699044200344e-02
-2.423673360253500442e-02
-1.735252310799626982e-02
-2.346292930719079059e-02
-3.590866808619911504e-02
-3.192305996633275356e-02
-9.536026024525420808e-02
-1.968866315608462994e-02
-9.633652250299089281e-02
-4.431253563042473337e-02
-1.031557171872193451e-01
-1.202428792340323183e-01
-8.681964468055497486e-02
-1.035147638882016469e-01
-1.544022176460110585e-01
-1.723613161542056349e-01
-1.537157199486072767e-01
-1.688356187407183684e-01
-7.252443913282211052e-02
-5.969183190067538225e-02
-6.463653283304632291e-02
-9.240494720490757818e-02
-1.659205875050111523e-01
-1.452319168136478877e-01
-1.509381964093020889e-01
-1.323956671266762197e-01
-1.125025483159588224e-01
-1.098597627285654299e-01
-1.126146356070770599e-01
-1.063980184412283703e-01
-9.422656035558095444e-02
-1.109709777410692738e-01
-1.164299387843016481e-01
-1.207957648660284572e-01
-1.266292153611902338e-01
-1.833638469316851705e-01
-1.667784780902685227e-01
-1.686709141520965904e-01
-3.392292567429949779e-02
-5.480090976669491076e-02
-4.807918207418311607e-02
-6.259062140996284052e-02
-1.145129280846554909e-01
-8.296226374114733237e-02
-1.123603839941772209e-01
-7.856621950649582409e-02
-1.153668392654227104e-01
-1.106860989690102576e-01
-1.635694636891963094e-01
-1.595892901053299895e-01
-1.377421040860457579e-01
-1.387228853178849863e-01
-1.393308541547118862e-01
-1.237203695361499267e-01
-1.387188397979163268e-01
-1.390303503193038859e-01
-9.358250214019793456e-02
-9.683616241670088554e-02
-1.016120062471529834e-01
-9.268647808127580823e-02
-9.357111508925380905e-02
-9.061560177040139941e-02
-1.349406720475077037e-01
-1.146299301886294919e-01
-1.064020484014912560e-01
-1.326000906403311808e-01
-1.129805984734367774e-01
-1.093765003465819174e-01
-1.204327638298048897e-01
-1.782231888847539136e-01
-6.676418034808440094e-02
-1.014683143335617654e-01
-6.097957750997920479e-02
-9.913685024386165168e-02
-4.233965003421236856e-02
-4.493344426103132450e-02
-5.624144488814990933e-02
-5.572689139788764706e-02
-1.533379818116905324e-01
-1.578830639729059682e-01
-1.579679862673558366e-01
-1.414341239171415798e-01
-1.474749915292244418e-01
-1.472853264640925364e-01
-1.508944625209106272e-01
-1.350716042762346303e-01
-1.431074272627579913e-01
-1.240348455906297997e-01
-1.571118765748477919e-01
-1.536207579449005156e-01
-1.617904684165811235e-01
-1.478856557882975431e-01
-1.438404854680040701e-01
-1.521592116604069955e-01
-1.549689846150618944e-01
-1.580505256391613045e-01
-1.491579496635955238e-01
-1.547763128292378165e-01
-4.227403964996945263e-02
-7.277934755885620555e-02
-4.495408551359262456e-02
-7.664432407360440014e-02
-1.013165471227358977e-01
-5.468538199774060360e-02
-1.014642896817352924e-01
-5.631606343059512160e-02
-1.550970840257492045e-01
-1.484626967909406514e-01
-1.458675588239798648e-01
-1.388680046531240164e-01
-2.966098208498554531e-02
-3.040707100315251377e-02
-3.369246797440580976e-02
-2.727233986338335747e-02
-1.990322022654050088e-02
5.487735917464310782e-03
-2.547552428702937882e-02
-6.676958464649262841e-03
-1.326322418925612034e-01
-9.376598590150081458e-02
-1.020709967719781591e-01
-8.762840890299079810e-02
-1.306755275655276660e-01
-9.165943445887071717e-02
-9.436407820785600031e-02
-7.994629287066079559e-02
-1.406202598272540405e-01
-1.553761547994424452e-01
-1.529348646221726227e-01
-1.347054099135521210e-01
-1.127668001595678454e-01
-1.261855041488602613e-01
-1.277350192604431167e-01
-1.073732409407185950e-01
-1.195488691102944701e-01
-1.404676552905038400e-01
-1.532317388839090078e-01
-1.525523017695177563e-01
-6.834009699068144261e-02
-6.500352866708819510e-02
-7.677003923683313469e-02
-6.012979341684746709e-02
-3.212209943643724863e-02
9.893669879863455432e-03
-2.927364120410580473e-02
9.165486229677357460e-03
-1.686753201508011391e-01
-1.656751221385568684e-01
-3.480129523857308088e-02
-5.660588630757196899e-02
-6.379008514542199026e-02
-1.060768671132421154e-01
-1.491454994501117959e-01
-1.502666808882871519e-01
-1.531028284724177679e-01
-1.438456300740136584e-01
-8.860091301083197757e-02
-8.341005980913393514e-02
-8.030684695613429791e-02
-1.793978370752745133e-01
-1.918031159695490762e-01
-1.850803299339707220e-01
-1.771270508553615119e-01
-1.855911861107127359e-01
-1.843173055456368004e-01
-1.400434850819496646e-01
-1.288953755519509359e-01
-1.324295401319742771e-01
-1.298352231773304277e-01
-1.206246905266579600e-01
-1.242581926170110151e-01
-9.830937740257793267e-02
-1.017471804858914031e-01
-8.542123542959417781e-02
-8.538069943769201198e-02
-5.498151075062747417e-02
-4.551957468088556336e-02
-5.559605515136069320e-02
-3.972850128436376110e-02
-1.018639256696154266e-01
-9.730778756420020714e-02
-2.173637348171423428e-02
-2.913309275865503742e-02
-2.232636364821396699e-02
-7.522351075204050490e-03
-9.447030778308805610e-02
-7.887024153935551229e-02
-1.416853328293233294e-01
-1.108458505299693975e-01
-1.155916722643394873e-01
-1.667034029994247379e-01
-1.291655364636082326e-01
-1.441690949442589742e-01
-1.454439152620141673e-01
-1.453266469026508745e-01
-1.366556618218062458e-01
-1.348411199076118561e-01
-1.357538170714986114e-01
-8.787893120969518523e-02
-7.182124163503349201e-02
-3.014385248727772387e-02
-3.947883367586032394e-02
-5.688265825419445282e-02
-3.474018535764893806e-02
-4.632273317294393483e-02
-5.103179804951894077e-02
-5.438556901240590435e-02
-3.534805743827713898e-02
-6.746055669980610681e-02
-9.592251288199959980e-02
-4.432873032001274222e-02
-1.003078303913721298e-01
-5.725547834599388486e-02
-1.392198584606028633e-01
-1.496818875529592197e-01
-1.339506621349201565e-01
-1.410469730894956530e-01
-4.820628604494001795e-02
-4.263724907900611621e-02
-1.202263571657511548e-01
-1.091307312284181263e-01
-4.359870480747326388e-02
-3.502754998026622740e-02
-1.072246455560214723e-01
-9.286025080976925694e-02
-9.647020350655605148e-02
-9.663510132617357529e-02
-1.712710158054993603e-01
-1.484816374622490720e-01
-9.868280939526408169e-02
-1.014462158495253868e-01
-1.201014202506368589e-01
-1.302558479257045765e-01
-1.399244033834585177e-01
-1.502007715324689685e-01
-6.431939064998976052e-02
-6.010227532992364757e-02
-1.603107144574850429e-01
-1.602896655172763585e-01
-1.624559767240214003e-01
-1.535365911481690326e-01
-1.514065232519865856e-01
-1.548038104253374181e-01
-1.788627069877779530e-01
-1.927472977654858810e-01
-1.734243699949664930e-01
-1.829052394003747861e-01
-1.231800306488451263e-01
-1.204015343019409906e-01
-1.127382278847858244e-01
-1.115568837429058435e-01
-5.927924198957996299e-02
-8.294599136908611947e-02
-9.133432401671687240e-02
-5.803264195281188781e-02
-1.294188005136154285e-01
-1.232320204113966644e-01
-1.119210754188916107e-01
-1.249794662293297609e-01
-1.266169768511794802e-01
-1.126375358993237513e-01
-1.067110692189283394e-01
-8.684658164644089295e-02
-1.070826247007415077e-01
-1.114009970279960238e-01
-9.356303747222248501e-02
-1.121480814655752417e-01
-1.496561998958034767e-01
-1.566789061832364327e-01
-1.454515962579792654e-01
-1.505754152557473302e-01
-1.142920479184523080e-01
-1.179014459512705559e-01
-1.110637285064803720e-01
-9.475186296620248527e-02
-8.803294787328111437e-02
-8.315334635973609112e-02
-8.744169229700030077e-02
-4.835219060637705596e-02
-4.408951005746238744e-02
-3.474857768556716131e-02
-2.961339808631256038e-02
-1.195450261784137408e-01
-1.599800913300983563e-01
-1.712504846472027997e-01
-1.671931831927308265e-01
-6.066648123421201216e-02
-3.771601898620870891e-02
-2.733209186194366161e-02
-3.519443474060620497e-02
-1.239214131059669655e-02
-1.178800620300883215e-02
-2.738145882120198923e-02
-3.946587643573329710e-03
-2.248051439471975346e-02
-1.060574155925470413e-01
-1.182598453969143926e-01
-2.113423161344467338e-02
-3.374890433984287230e-02
-2.405035381959720608e-02
-4.386488710535842162e-02
-1.919209408706877562e-02
-1.847229465794817879e-02
-2.619354452531376040e-02
-1.894414826163660567e-02
-6.502547413391294995e-02
-7.760123647545565106e-02
-1.042897529801154466e-01
-1.284960740276667734e-01
-1.392141258653202263e-01
-1.489688069627873035e-01
-1.210398793155602892e-01
-1.336020679953943413e-01
-1.430724994975554054e-01
-1.597835772501036145e-01
-1.394547025055695166e-01
-1.363631387611980994e-01
-1.304495852644463605e-01
-1.486561428168001742e-01
-1.459577531086164726e-01
-1.325930537868102721e-01
-1.446629166718694237e-01
-7.291423705744282113e-02
-1.038246029142450982e-01
-1.147142358862702632e-01
-7.130696516218984482e-02
-5.593824769490009230e-02
-6.684477386140684485e-02
-1.045610278520079928e-01
-9.294011788549645658e-02
-8.189213974012637953e-02
-9.578427454347628045e-02
-1.063395421905736909e-01
-8.505392109073446616e-02
-6.939416992626576408e-02
-1.666794400509174490e-01
-1.625834369102169552e-01
-1.626436916542949584e-01
-1.522229752255135626e-01
-1.583284535865448761e-01
-1.597739033314635182e-01
-1.463763272396952919e-01
-1.522271224053462768e-01
-1.322055392184064426e-01
-1.495862307027456539e-01
-1.396574473524241078e-01
-1.026408192677065873e-01
-1.051077820701775828e-01
-1.129505059198309402e-01
-1.300629444558988879e-01
-1.466773425646470674e-01
-1.367376534472097283e-01
-9.785211021872074200e-02
-9.541043715905729583e-02
-1.052859258044381574e-01
-1.196118446774789429e-01
-1.313899236528751902e-01
-1.512313524837290979e-01
-1.509289111178689358e-01
-1.470779070794379639e-01
-1.408051696074858194e-01
-1.454715055736566509e-01
-1.490560288422873303e-01
-1.342993749987158314e-01
-1.373616249185600768e-01
-1.186259863096578576e-01
-1.879142110894869711e-01
-1.841472985824121888e-01
-1.805138210696217993e-01
-1.764534841016367483e-01
-4.004802669971387757e-02
-4.118619536331061259e-02
-1.477650060704446648e-02
-1.513993160874352664e-02
-1.530652302875410709e-01
-3.327707190433951828e-02
-1.031576578054514866e-02
-1.142128024030180655e-01
-1.170936524093255937e-01
-7.493251498811789868e-02
-8.297419510574899348e-02
-1.032241354864015387e-01
-1.072947115687676728e-01
-8.169662002496765052e-02
-8.782112125266816616e-02
-1.645462957048347274e-01
-1.665199732861998294e-01
-1.673793986035254922e-01
-1.868359398223867485e-01
-1.643678452479149787e-01
-1.763411240072813857e-01
-1.806917065258984989e-01
-1.587809052977436075e-01
-1.704958711917043401e-01
-1.110756073770608754e-01
-1.052651808118934551e-01
-1.139335068403363183e-01
-1.030100205837100186e-01
-9.577182100816160337e-02
-1.073671578854751701e-01
-1.065537315236476101e-01
-1.197002033210521621e-01
-1.272448430475739412e-01
-1.553280490826157156e-01
-1.456077923908397631e-01
-1.666982297720692452e-01
-1.537738164031730026e-01
-1.450981378336378969e-01
-1.428466112913404640e-01
-1.479642733117852715e-01
-1.518736671135479388e-01
-1.472668412334545152e-01
-1.514351518202748659e-01
-8.295484964149407725e-02
-8.671323925821237955e-02
-9.062542975268052248e-02
-1.063974171412780251e-01
-1.755401486940214861e-01
-1.238787341537166409e-01
-1.672149891598972704e-01
-1.143956290398580322e-01
-5.594520559215923616e-02
-7.491670298358638069e-02
-5.247672539617184717e-02
-6.024473705158621406e-02
-7.566574509108202340e-02
-6.157493047960675009e-02
-1.197100268186194055e-01
-6.801233086601057853e-02
-1.010583327136072573e-01
-7.382528112203758097e-02
-9.371785860985212824e-02
-5.122692761370804121e-02
-7.398281145270689529e-02
-2.293662533559412062e-02
-2.152668412941427523e-02
-3.429598493364814649e-02
-3.967992160814916291e-02
-6.761087827731170063e-02
-7.336878614682663946e-02
-5.964831400705798009e-02
-1.463478783388588028e-02
-1.320014633505322416e-02
-1.847665144021749528e-01
-1.142126727307841288e-01
-9.887379661417848575e-02
-1.922091116140534905e-01
-1.217313032327555222e-01
-1.093317671505135424e-01
-1.159565945968139417e-01
-1.259506625805308366e-01
-1.128348234347939238e-01
-1.185049413112157224e-01
-1.020292698918314755e-01
-9.486433164567439902e-02
-8.948402595688628725e-02
-1.078881088100210606e-01
-1.061764253196705310e-01
-9.836415534518642978e-02
-1.286803763777406018e-01
-1.258778379980690365e-01
-1.327570004704620998e-01
-1.427355353257643011e-01
-1.358846476415251359e-01
-1.331853210180204139e-01
-4.530262546548709940e-02
-8.984521992527487455e-02
-5.447314319524702159e-02
-9.339933984514856014e-02
-7.437238081990342475e-02
-1.586403460835353330e-01
-1.649344788331318923e-01
-1.444467208128100699e-01
-1.476052740297316701e-01
-1.300991058151765023e-01
-1.041816843771708329e-01
-1.079625822514189842e-01
-7.619225193732019619e-02
-9.485214020661161816e-02
-3.401418967562157974e-02
-3.292383806024804654e-02
-8.282638476617187884e-02
-9.089195252684077742e-02
-2.004186391521779464e-01
-1.957616327709839343e-01
-1.939573831254232383e-01
-1.863410310256445046e-01
-1.128224936399033901e-01
-1.146675624057036935e-01
-9.447526247256766985e-02
-9.479675721349657691e-02
-1.705118863851581845e-01
-1.656699026400610675e-01
-6.132683546927417129e-02
-8.523198138864983286e-02
-3.433070219277675750e-02
-3.464709284315879712e-02
-1.448921807318299948e-01
-1.517130102029629612e-01
-1.412132957561066104e-01
-1.463297261598286436e-01
-1.098144369933680975e-01
-1.197801001332384346e-01
-1.032803493480075885e-01
-1.125583279648222496e-01
-1.372868786652160777e-01
-9.787858742182914407e-02
-1.348652121024004891e-01
-9.542332596018300583e-02
-1.570985494538181815e-01
-1.647125206013516918e-01
-1.508992611118835647e-01
-1.580487629129208316e-01
-1.653420233945397111e-01
-1.633263206671659307e-01
-1.049262187342451247e-01
-1.128111802629461341e-01
-1.349951645805258227e-01
-1.403661074091039074e-01
-1.373966578935320038e-01
-1.448403522129181886e-01
-1.512860319271889797e-01
-1.614063674004038162e-01
-1.581882404185048774e-01
-1.538564980306510455e-01
-1.443954634496639189e-01
-1.527076222975909947e-01
-1.428456634654463320e-01
-1.440821833900333970e-01
-9.601888932380482633e-02
-1.221198347531376599e-01
-1.344858049989987037e-01
-1.041396787849905303e-01
-1.124156862317555183e-01
-9.654055450675015637e-02
-3.591837869150505541e-02
-1.369466395456568064e-01
-1.364682222413758084e-01
-1.285004459699959078e-01
-1.299474872011022741e-01
-1.204154997630779017e-01
-1.227251466184224593e-01
-1.519453090511498072e-01
-1.543715391256676728e-01
-1.457526234643050922e-01
-1.471809045485074074e-01
-1.251018582602111406e-01
-1.454481724195544057e-01
-1.439086596594713885e-01
-1.581538865443530562e-01
5.079058155901861743e-03
6.195302881633836002e-03
-6.242104290878625061e-02
-6.226183069980891632e-02
-4.549820130491715603e-02
-5.029682651664330734e-02
-4.287568959600964597e-02
-5.023330220457841722e-02
-4.081710943034486117e-02
-2.442915552740109256e-02
-4.335224969572638865e-02
-1.774351655096250910e-02
-8.654938130400671725e-02
-1.039212579207439979e-01
-1.534909920973172581e-01
-1.789365749413091289e-01
-1.390010106418491376e-01
-1.043920244588153051e-01
-9.500316713375654698e-02
-1.456626525847879439e-01
-1.152456021565011202e-01
-1.099343292531808763e-01
-1.297399148279630154e-01
-1.336207802370666387e-01
-1.173498472928837522e-01
-1.285281770089233278e-01
-1.309731094118524730e-01
-1.330784974133429055e-01
-1.118190626637050045e-01
-1.210272937598348281e-01
-1.204079488872857318e-01
-1.292171430667714283e-01
-1.162204793611378434e-01
-1.252999240533141934e-01
-1.332322673297381688e-01
-1.398787103791722386e-01
-1.365840512969528631e-01
-1.422387656823053681e-01
-1.500878561091595897e-01
-1.537360651528915101e-01
-1.450753029265899052e-01
-1.390205560826545117e-01
-1.390026172915526381e-01
-1.358781630838577503e-01
-1.002650108372233062e-01
-1.179099005401683803e-01
-1.137861448851370944e-01
-1.289305637737198362e-01
-1.867457019753140379e-01
-1.895789850629802653e-01
-1.780310838793017214e-01
-1.885376618390309789e-01
-1.298119145651658313e-01
-1.367350248856414874e-01
-1.541542517512554944e-01
-1.578267225904667059e-01
-1.665197106104493729e-01
-1.365224043495777417e-01
-1.486887916130312515e-01
-1.569821831584516103e-01
-1.711652350529231648e-01
-1.787819286364680238e-01
-1.646279668254131412e-01
-1.721237553267554177e-01
-1.926079095623482729e-01
-2.013314283455692189e-01
-1.880142549797353679e-01
-1.957754170254774884e-01
-1.174172826456144209e-01
-1.195676370292886453e-01
-1.046934153439254833e-01
-1.052742653160937680e-01
-9.454306001209396293e-02
-1.008592326901746050e-01
-8.529599363857078009e-02
-7.869017405698852663e-02
-1.965057718245595830e-01
-1.893215332977399024e-01
-1.930356094106430997e-01
-1.848452602882786344e-01
-1.230652901962690920e-01
-1.266279012425958472e-01
-1.093491039036188078e-01
-1.127945805452963829e-01
-5.741473309100331157e-02
-4.641325000941556173e-02
-6.571819778977346094e-02
-4.961121036320215172e-02
-4.891170801604123597e-02
-3.789247489082171044e-02
-5.384870797912434670e-02
-4.278656562979338274e-02
-1.168140520027286383e-01
-1.304967613001292159e-01
-7.221628568468997644e-02
-7.410806538263549348e-02
-1.249849343118559497e-01
-6.896853694031820914e-02
-6.785088377811604454e-02
-1.418956854592634265e-01
-1.410123462243025871e-01
-1.245016383355339595e-01
-1.349520568344746985e-01
-3.859876459826005329e-02
-3.699941981253650897e-02
-4.140555776749034467e-02
-4.124723623666053107e-02
-1.633908739825511713e-01
-1.541612204795461960e-01
-1.465721676654753447e-01
-1.466718505875165834e-01
-1.481444174435089245e-01
-1.615287859455449282e-01
-1.255406274147756185e-01
-1.838181960340267707e-01
-1.156751685582942529e-01
-1.695133700505218888e-01
-5.278236418563236193e-02
-6.572847254654089200e-02
-1.466609616791462734e-01
-1.305370855906181071e-01
-5.538728552512106607e-02
-1.034414751881643085e-01
-1.136323276379473390e-01
-1.102545351596669748e-01
-8.486313826516950903e-03
-2.257283626203212407e-02
-2.451941349292165520e-02
-2.427410002156569005e-02
-3.163348547282995860e-02
-5.167311180318325675e-02
-4.968959042359468586e-02
2.975428875800160619e-02
6.502018948669826973e-04
-2.819739001800449993e-02
-3.735536501245167312e-02
-1.068547689251749498e-02
-2.287866058318908241e-03
7.286239326745141270e-03
4.299097243004838462e-03
9.412164683855495442e-03
-4.240723112644056297e-02
-5.899410719729415720e-02
-3.393589991593617960e-02
-5.271873523101904685e-02
-1.392630057890453278e-02
-2.473983860515681713e-02
-5.898696662614548447e-02
-9.775623259609976523e-02
-1.449210839302369214e-01
-1.276850317804797685e-01
-1.159690239104534254e-01
-1.136446855291577407e-01
-3.770107010389851104e-02
-4.626843220183885635e-02
-6.870026128915140973e-02
-8.854289881471250068e-02
-1.633695946968835022e-01
-1.769763659596500505e-01
-1.990696627458171108e-01
-1.880472372471065634e-01
-2.008483340401139572e-01
-1.886936760634492782e-01
-1.799055793827465388e-01
-1.968302631408405667e-01
-1.209409057945453475e-01
-1.167105625700722432e-01
-1.203318716951585210e-01
-1.122966407958342488e-01
-1.069766888321905252e-01
-1.113766893626079446e-01
-1.225731556272122297e-01
-1.250984147763362642e-01
-3.908319387360825736e-02
-3.388452599920784708e-02
-3.480322305759600554e-02
-5.139799469541676824e-02
1.548862612714012148e-02
-2.262358847141700963e-02
-2.863321496968374361e-02
-7.913068619045141028e-02
-2.742657979021281486e-02
-1.595783153143802771e-02
-2.003697660597671126e-01
-1.866076757933763375e-01
-1.162420501191680083e-01
-9.995017835716289711e-02
-2.601207688010436989e-02
-3.068886626857380076e-02
-2.802762048489877700e-02
-2.519443228972509038e-02
-3.676845107645187322e-02
-1.428759556138558227e-02
-1.883004797438535619e-02
-2.997983938944990059e-02
-7.271751979526187501e-03
-2.407913399574149182e-02
-3.470119720504436650e-02
-3.233825555594866535e-02
-1.367706571717325903e-01
-1.464200103425734867e-01
-1.394827825803658106e-01
-1.499798932888836422e-01
-1.943763049411174615e-01
-1.936111739076420701e-01
-2.033947583642644608e-01
-1.963818536537762227e-01
-1.915116426173228137e-01
-2.026266639540005299e-01
-1.252001572760116921e-01
-1.281652988605747612e-01
-1.288915365595443008e-01
-1.182311641506183786e-01
-1.156556490685309996e-01
-1.181844606482552601e-01
-1.637442750553887438e-01
-1.673714760837646254e-01
-1.618138892232208470e-01
-1.630939973034621904e-01
-1.777451093070319676e-01
-1.745210569271055945e-01
-1.712619494245634089e-01
-1.687345240175373573e-01
-1.164376820238268301e-01
-1.229004896483983228e-01
-1.074840678680371447e-01
-1.135358160780220449e-01
-2.264475324239400775e-02
-5.715772180664614038e-02
-4.969715036812699660e-02
-5.433913016874879209e-02
-1.430370908809581731e-01
-1.418683726043574178e-01
-1.541306780017354383e-01
-4.989220194281861198e-02
-5.189932458008889027e-02
-3.923725903936419596e-02
-1.651594007048486079e-01
-1.732694777715593215e-01
-1.479147607741310988e-01
-1.601500450076760451e-01
-1.159066945001989840e-01
-1.112165971847211554e-01
-1.195390786999902810e-01
-1.047219934366310362e-01
-1.130088365612523932e-01
-1.088872323772809014e-01
-1.272408084738864964e-01
-1.136808570300321258e-01
-1.275771534965449705e-01
-1.454707472713527294e-01
-1.461174626909314267e-01
-1.485741919075357353e-01
-1.697887664431138310e-01
-1.627665520703382440e-01
-1.488462453353625037e-01
-1.473978071758091368e-01
-1.531169032075466452e-01
-1.453685260757608122e-01
-1.435260590635634159e-01
-1.367509031233415939e-01
-1.801077672346285685e-01
-1.789564399999732658e-01
-1.779133861192603028e-01
-1.784544521327983413e-01
-1.681478881131645564e-01
-1.419995497054120925e-01
-9.087203914463798382e-02
-7.749816296103720359e-02
-6.832490485616826703e-02
-7.938332592201061133e-02
-1.579393921261003086e-01
-1.401439714685989435e-01
-1.419108333204584793e-01
-1.254201749203909255e-01
-1.339938755932462977e-01
-5.341714190399165195e-03
-1.190093227665317034e-02
-3.897762953865781970e-04
-1.536979075400721553e-02
-5.471858463682734153e-02
-1.798386990376105513e-02
-3.606233074126984073e-02
-7.130922608124795614e-02
-3.346682190832848264e-02
-5.133432143830832933e-02
-9.914554295684532836e-02
-9.523263608336687835e-02
-8.871044610369566152e-02
-7.181177674434388591e-02
-2.122940841531507569e-02
-9.680777688003419645e-03
-1.919970348751759148e-01
-1.956380636429300157e-01
-1.922171833501321592e-01
-2.011501952230186907e-01
-1.357247580485410610e-01
-1.338074587437911855e-01
-1.202097187920575100e-01
-1.169892414225265076e-01
-5.069394978453310718e-02
-3.377670971318012111e-02
-1.582927445229050656e-01
-1.613168960205174085e-01
-6.425133139042066288e-02
-6.042985760211041363e-02
-1.429837514716284508e-01
-1.786327970276891941e-01
-1.709477533687869810e-01
-1.781410596266921886e-01
-1.721566645557481567e-01
-1.664889920844835614e-01
-1.732011593480171363e-01
-2.915696740122540598e-02
-6.056265832734866045e-02
-1.466325336065532337e-01
-1.477470989375864741e-01
-8.675580314349901068e-02
-1.013865538281881890e-01
-6.745211265726992755e-02
-8.581103068986280225e-02
-1.248018936437850362e-01
-1.369255854505137537e-01
-1.597266149041774996e-01
-1.573976399669638482e-01
-1.569032285181095332e-01
-1.466634577560505248e-01
-1.453801559987040748e-01
-1.471127296391732120e-01
-1.279983998633893172e-01
-1.260724012131989868e-01
-1.596615646875022276e-01
-1.302589308844509797e-01
-1.345840054000742025e-01
-1.448406708951802957e-01
-1.325917666542918705e-01
-1.403965051493169802e-01
-1.233323825554157038e-01
-1.426118249111582859e-01
-1.260932735724253073e-01
-1.424761631331667722e-01
-6.297482075043185634e-02
-5.055795148920124576e-02
-5.074432544685815449e-02
-6.583740142249804028e-02
-1.417900096440563029e-01
-1.309516406138626909e-01
-3.091665676046603112e-02
-4.984142116413107365e-02
-1.302646819016402280e-01
-1.369362411096178567e-01
-1.404602218543270775e-01
-1.292548581497525439e-01
-1.381712714937155528e-01
-1.743829607606447452e-01
-1.156526462637077757e-01
-1.639598644055575150e-01
-1.083882162785826664e-01
-3.508439919230881433e-03
-3.125816680399583908e-02
-6.952168829219488103e-03
-1.456226835728679884e-02
-2.790393290986120309e-02
-8.274452932163563201e-03
1.058284946048742187e-04
-5.601499177345915098e-03
-1.906304775368511742e-02
-4.334648039276274914e-03
-6.788481449995512930e-03
-2.213767691358658335e-02
-1.240677662325153502e-01
-9.540369713041658983e-02
-4.527869415977218287e-02
-6.575965405275269182e-02
-1.190074196056892797e-01
-8.595920764586875706e-02
-4.582545545678132909e-02
-6.620026766523237627e-02
-1.623561193997943852e-01
-1.519010958680434842e-01
-1.441995022394562953e-01
-1.559129634278812460e-01
-1.414986773714439483e-01
-1.015652704818697100e-01
-1.460525621669581664e-01
-1.019067398800357765e-01
-1.174123102043362760e-01
-1.111994159022008932e-01
-1.691185813526529524e-01
-1.308582617355416311e-01
-1.241652794735108589e-01
-1.677938845856896122e-01
-1.504556847090203486e-02
-5.316945661865451339e-02
-4.230249639319420135e-02
-5.010921026533812772e-02
-2.819815350382644248e-02
-3.875693055558068756e-02
-3.114251966424515586e-02
-4.376856239259015180e-02
-1.075101495440687338e-01
-1.027033012791686156e-01
-1.096888678546004137e-01
-9.991614267376419667e-02
-1.120951870680274715e-01
-8.727472208720994662e-02
-9.512553451218107303e-02
-9.105869826497760278e-02
-1.767026997117665810e-01
-1.723759901358279667e-01
-1.753060419288331173e-01
-1.693313905573855527e-01
-1.339055081666541414e-01
-1.318066822285530737e-01
-1.251574554537556727e-01
-1.242440344092192450e-01
-1.435915298870702739e-01
-1.460921572975115712e-01
-1.549286120138232692e-01
-1.568891132497187701e-01
-1.573022654222364924e-01
-1.538872796834252765e-01
-1.440894584150169411e-01
-1.439314114865574978e-01
-1.419754985471726183e-01
-1.190265887708352316e-01
-1.441437040194186725e-01
-1.495106605000964539e-01
-1.374223254920883541e-01
-1.426016100282507804e-01
-1.196665534057650276e-01
-1.789588088564622870e-01
-1.078364589610167484e-01
-1.678655785005267465e-01
-1.190153221360090163e-01
-1.335072504754679645e-01
-1.348279397520285305e-01
-1.210069576681883086e-01
-1.680562419041849720e-01
-1.665279698206391101e-01
-1.620412919542626173e-01
-1.534799974438894321e-01
-1.416132340071792062e-01
-1.397389757895091955e-01
-6.122677183761324887e-02
-8.174713025105306841e-02
-1.038483730809585670e-01
-1.099955764833515093e-01
-1.157308444763035238e-01
-1.338245029209575165e-01
-1.090939761617054221e-01
-1.298541073832495951e-01
-9.651219510685488112e-02
-7.735930918106503906e-02
-9.144699614282340849e-02
-7.476315003501497747e-02
-1.611830637737320659e-01
-1.196397339851960617e-01
-1.135732561355905224e-01
-1.334981756498669625e-01
-9.996594825556873176e-02
-9.226688098010248085e-02
-1.510347420785800587e-01
-1.278753140592736870e-01
-9.604608890025657930e-02
-1.041450278472884072e-01
-5.465018776193346361e-02
-9.201736778865045319e-02
-1.310859049440614432e-01
-1.324404430120071641e-01
-1.275341474707665512e-01
-1.171249844593056089e-01
-1.013991304562596452e-01
-1.069284553420061790e-01
-5.420010704525643486e-02
-7.558409231897555980e-02
-5.472582141804197692e-02
-7.113949479514730667e-02
-9.217085941335247112e-02
-7.833137193351696892e-02
-1.014982800025611837e-01
-1.024537061431703561e-01
-9.120639788699345940e-02
-1.114405666766064007e-01
-1.379126074462097840e-01
-1.166501257298387245e-01
-8.882075461007626904e-02
-8.278099388389341395e-02
-1.259763030423400043e-01
-1.000919744802988565e-01
-5.412548115315936326e-02
-6.180271136995837966e-02
-1.865353749743582368e-01
-1.798688830400977379e-01
-1.798332232493082827e-01
-1.772654641127749675e-01
-1.732033671718689050e-01
-1.734484590385646785e-01
-3.899719986790430026e-02
-3.734892859906624452e-02
-2.076242604588996940e-02
-1.663726399403962081e-02
3.232236216300133930e-03
-1.361803398879058574e-02
1.564547399470228237e-02
-1.594629337900200020e-02
-1.481295268013313460e-01
-1.361343870615887575e-01
-1.361238131425942244e-01
-1.246279881538165102e-01
-1.435948076140033391e-01
-1.177770537762536651e-01
-1.265030531192347651e-01
-1.086763978065761471e-01
-1.375342359600802145e-01
-1.164632919395152677e-01
-3.771350702972553481e-02
-1.422913751837616946e-02
-5.917536811418518811e-02
-5.554749719958194942e-02
-5.983692245641823726e-02
-5.619286331945858026e-02
-5.933768837156155190e-02
-5.943585692372409940e-02
-1.223839331173730283e-01
-1.199208482991299674e-01
-1.601517203676648682e-01
-1.572594862350418510e-01
-1.028203613240412789e-01
-9.902559726581544597e-02
-1.590354164606516962e-01
-1.375064861516115955e-01
-1.620651276107294425e-01
-1.405916708050710950e-01
-6.027359403957403827e-02
-8.937874407180855518e-02
-5.139262175711519637e-02
-7.595355169912809679e-02
-1.172364895343694646e-01
-1.506059911227363157e-01
-1.453383346478858973e-01
9.608573081356266803e-04
5.743885973567503314e-03
1.308455237095781064e-02
-5.208140360805458419e-03
-1.515782841559644156e-01
-1.543716758262618505e-01
-1.432667801136051355e-01
-1.466361214686816850e-01
-1.309651321289017345e-01
-1.358296981016575977e-01
-1.545036855768706086e-01
-1.551742220692974572e-01
-1.147772007723216608e-01
-6.376344402609408768e-02
-8.114119218529204647e-02
-7.167664236766976837e-02
-8.480204302712510134e-02
-1.117234353374527284e-01
-8.735007788534861206e-02
-1.143496798338213549e-01
-8.651986508664218090e-02
-1.438983076255065940e-01
-1.308805748569436544e-01
-1.502051190200963948e-01
-1.445061037318874642e-01
-1.442758526354654680e-01
-1.643126263040000923e-01
-1.700493492469730694e-01
-6.879246333501377875e-02
-6.354581877459862527e-02
-1.412651185020689093e-01
-3.642168692273767272e-02
-8.904045195821592637e-03
-4.307490484895517419e-02
-1.049144235395070221e-02
-4.463132286208366939e-02
-1.090824112983126634e-02
-2.500031402970693747e-02
-7.811197784860079464e-03
-1.632341453503026452e-01
-1.534026135964862703e-01
-1.551229624331536827e-01
-1.528663822463104671e-01
-1.371141409743752426e-01
-1.405717426235959799e-01
-1.136695440872946966e-01
-1.062430305326011043e-01
-1.086384047939533692e-01
-1.127659369683949170e-01
-9.805787352662266587e-02
-1.050758311457188204e-01
-1.248548556488485589e-01
-9.445478592562817077e-02
-7.419554458969103428e-02
-1.809318833434047369e-01
-1.783321817068553028e-01
-1.773682245828729354e-01
-1.757952433248590740e-01
-8.451749496475965961e-02
-7.842471634966360905e-02
-1.220700850074260824e-01
-1.171082096065518829e-01
-1.556351400727347956e-01
-1.531173565858056640e-01
-1.574614195635628544e-01
-1.483237375013669312e-01
-7.268976919307217066e-02
-6.291959303229038847e-02
-8.408715561910590219e-02
-7.791572132935860318e-02
-6.382142354800529604e-02
-8.991617954147188008e-02
-1.027631985073587939e-01
-1.167713486466284839e-01
-1.581743093968424052e-01
-1.424482036941416840e-01
-6.298704048456200966e-02
-8.285035952946773197e-02
-5.451574290506087245e-02
-8.744815892898795406e-02
-1.541785451611091262e-01
-1.295973705873086634e-01
-1.546336158017670714e-01
-1.200248556187298032e-01
-1.577655811866183755e-01
-1.544263234302891419e-01
-1.520137992724045484e-01
-1.466734841935302958e-01
-7.808317696753662961e-03
-4.360428850474537543e-02
-4.550360842190785682e-02
-3.129483117878553711e-02
-1.884024405090517496e-01
-1.851858513337633905e-01
-1.875062720319890242e-01
-1.834578396770362996e-01
-1.370156879213108303e-01
-1.404167995311134953e-01
-1.290988202770307902e-01
-1.312779638874839450e-01
-1.744013971919213812e-01
-1.822774472138701529e-01
-1.658342463115507481e-01
-1.772120390628861286e-01
-1.639497998781892230e-01
-1.665539136243532337e-01
-1.716765447059877270e-01
-1.663500582822054208e-01
-1.093612516944745122e-01
-1.098334603939269266e-01
-1.493287764079583857e-01
-1.568202386749904809e-01
-1.452796838410052305e-01
-1.467170758379578444e-01
-1.328646485910043862e-01
-1.326359464664005339e-01
-7.160493451772717566e-02
-7.442212632532314853e-02
7.898234265712740509e-03
-2.927767647883396454e-02
-1.710517923615400282e-01
-1.661966896373435199e-01
-5.305199485142363808e-03
-4.601913149001730235e-02
-3.863061632854395550e-02
-3.435395851050013910e-02
-3.521682023802554656e-02
-2.728713014850189453e-02
-5.613140430346419928e-03
-4.407912431916800183e-02
-1.406026821615214972e-01
-1.222046841806969097e-01
-1.070589252485269760e-01
-1.201475617434777932e-01
-1.266992164467263537e-01
-1.224868812563149750e-01
-1.277958200878679396e-01
-1.234464916587910133e-01
-8.091979994134401721e-02
-7.031613714257038683e-02
-9.191045405408951319e-02
-7.836223969900824038e-02
-9.894848063778753644e-02
-1.591669689423693690e-01
-1.474663409471244913e-01
-7.154813418609708153e-02
-7.984275341116317537e-02
-7.683186117298895779e-02
-8.413549821155655306e-02
-4.393562216714794882e-02
-4.979710158003186615e-02
-5.183621005621268096e-02
-5.771252566350994206e-02
-1.505598475118270496e-01
-1.531933810373931060e-01
-1.409817066560202781e-01
-1.451813375600445599e-01
-1.442580595914431107e-01
-1.348905300357982617e-01
-1.416884754286740211e-01
-1.447080428454801670e-01
-1.408764874251994259e-01
-1.354226018524361252e-01
-1.426664046640536976e-01
-1.438659671350370206e-01
-7.780632966609586643e-02
-4.653790180947974670e-02
-4.759355731422814512e-02
-8.055462492842459243e-02
-1.091259810813636350e-01
-5.973827225325602924e-02
-6.071804065792630462e-02
-3.242168528637802416e-02
-1.962510701531001156e-01
-1.871640565596416894e-01
-1.927025742009475240e-01
-1.842241447913647023e-01
-1.835115378229661420e-01
-1.902452163590294676e-01
-5.332199241686257779e-02
-2.809892056904015473e-02
-1.297040705463151922e-01
-1.385444092483514855e-01
-1.278510774067943279e-01
-1.437320083412872984e-01
-1.260240726313349713e-01
-6.526359802512353425e-02
-1.979747355799276465e-01
-1.901452454043279228e-01
-1.245155221613730434e-01
-1.146376969511434668e-01
-1.312275276409608782e-01
-1.286430365577050372e-01
-1.314034844469094965e-01
-1.230852501268447780e-01
-1.225375104537387710e-01
-1.047597238134390235e-01
-7.642239060445372989e-02
9.891532177557628078e-03
-2.557777607770708728e-02
8.818680215202755537e-03
-2.018619164498765620e-02
1.512861239933455289e-02
-1.868734867146271128e-01
-1.801055830117353207e-01
-1.828218153660663425e-01
-1.752519254646445201e-01
8.910646782585530598e-03
9.075187518550643581e-03
-3.014679029551965705e-02
-4.154168635567437318e-02
-3.012818503486760363e-02
-1.953892706815339025e-02
-3.208846959331771581e-02
-2.203731160957327767e-02
-1.959230135363042302e-02
-3.232308161643361599e-02
-1.425696062386354324e-01
-1.257554966188330348e-01
-1.106389311174881679e-01
-3.479627825294680232e-02
-4.419457905130409758e-02
-4.234203307868664862e-02
-3.760583508764771266e-02
-1.459001763565122844e-01
-1.352235555443174475e-01
-1.535111499656725831e-01
-1.436345765607950631e-01
-3.066109442622095074e-02
-7.810841805665083917e-03
-1.087232369124486869e-01
-1.113427398484009984e-01
-1.115529059018865315e-01
-9.880126936687765038e-02
-1.215184270278672624e-01
-1.187978192437177116e-01
-1.427693011676289814e-01
-1.323585582261815052e-01
-4.053001764774716298e-02
-5.690357658460269696e-02
-1.833435299350120312e-02
-4.288214834567747463e-02
-1.226782356352328351e-01
-9.386239003479376897e-02
-5.788804261208235075e-02
-9.108703743746307535e-02
-1.179439927956000139e-01
-1.263221885140443645e-01
-1.934563173746726289e-02
-3.323261718925784453e-03
-1.765242477707837376e-01
-1.720744854395915846e-01
-1.245441943575891462e-02
-1.473706262541743528e-02
-9.240127315410798930e-03
-3.619983161008511613e-02
-1.277675008308347682e-01
-1.141306532236179005e-01
-4.411421113918635034e-02
1.085027006313095572e-02
-2.991798390419801723e-02
1.199747094048996161e-02
-1.083037298901677187e-01
-1.183931981677823903e-01
-1.282764353484668884e-01
-1.105296491674640780e-01
-1.162985861670630949e-01
-1.921029530852797484e-01
-1.931631571226470057e-01
-1.860439112631246672e-01
-1.864360658345864674e-01
-5.280988512819132646e-02
-5.455756550623502149e-02
-1.622031137952333613e-01
-1.654135578929799844e-01
-1.225056442621097752e-01
-1.197071190884450714e-01
-1.430692867745339825e-01
-1.280697075111248973e-01
-1.426442948477830708e-01
-1.288255711001430603e-01
-9.168888447771389449e-02
-8.184473596046323851e-02
-1.006978656682452206e-01
-8.786987892730212246e-02
-5.449685287938016431e-02
-6.753480295271499512e-02
-3.267658969663788521e-02
-3.826125275777314538e-02
-4.508498581995944859e-02
-6.050704116770710961e-02
-3.942958343952122913e-02
-4.856140695127257600e-02
-3.837445210279749608e-02
-9.739463660566622522e-03
-2.696444304571043310e-02
-9.062508546150467234e-03
-1.513778585445464328e-02
-1.117335184254372076e-03
-1.906277979422382751e-02
-6.907400224821727379e-03
-1.396814772748887212e-01
-1.303544081696918766e-01
-1.444264628719547569e-02
-1.491426931023354455e-02
-1.550268023566059902e-04
-2.512808446211144131e-02
-1.285384892119771916e-01
-1.666996205197455450e-01
-1.630281924140264960e-01
-1.266368706456728332e-01
-1.311249238687340890e-01
-1.462481233340245934e-01
-1.346312625330515766e-01
-1.865513268010890457e-01
-1.900820823288833228e-01
-1.879388886776026113e-01
-1.889498303730927919e-01
-1.361320022876458813e-01
-1.400491245773525517e-01
-1.229806894532024658e-01
-1.288806260787372093e-01
-1.460428554174700577e-01
-1.396440717115692842e-01
-1.667319834139528167e-01
-1.617503090987821024e-01
-1.452653123075585972e-01
-1.430776512321404736e-01
-1.415761132209451822e-01
-1.425706314590125257e-01
-9.002667367839446710e-02
-1.022237500206752692e-01
-1.574244552799895780e-02
-2.514092586965298651e-02
-5.554227614773861454e-02
-6.061860232663348474e-02
-6.788116638536328962e-02
-3.480664871488430012e-02
-4.792044898267901198e-02
-6.043150396139428115e-02
-7.256621075967961687e-02
-4.533082163111337021e-02
-1.754470984460426430e-01
-1.694543824928838593e-01
-1.159526358825359038e-01
-1.065725815738675919e-01
-6.193952515716003721e-03
-3.673316468950657554e-02
-1.343543447736782470e-01
-1.357222313576780803e-01
-8.214016377648218625e-02
-3.801447927195853588e-02
1.398159178115702906e-03
-2.388849430513697789e-02
-9.561908852773451720e-03
-5.670015676852633441e-02
-1.353859998261728592e-01
-4.914660125161069565e-02
-5.697568229034831976e-03
-6.339296742081765301e-02
-1.344724116637371625e-01
-3.374674700934628124e-02
-3.282121663134175693e-02
-1.502060245924632248e-02
-1.571247056679506843e-02
-3.941652635506804475e-02
-6.629223237972381444e-02
-3.358222430043611428e-02
-5.930193676235857858e-02
-2.903640655969080484e-02
-3.067898183363680642e-02
-2.409809660337394396e-02
-2.669352244964563400e-02
-1.202715995559741624e-01
-1.273203169020619974e-01
-1.274285114520176954e-01
-1.310434450744074053e-01
-1.374372067376147810e-01
-1.385775435264639255e-01
-1.356785823732299112e-01
-1.342700018202810652e-01
-4.470623095569866562e-02
-4.320508481281342544e-02
-9.041895749272281513e-02
-9.905939770979531322e-02
-1.416305631453476377e-01
-1.387512450426334476e-01
-9.343018594596354254e-02
-3.009706114532481255e-02
-4.748967387665535556e-02
-1.354939993619094785e-01
-1.199106394152735650e-01
-6.415243137308593302e-02
-7.670177279898376943e-02
-9.968976456595286806e-02
-7.860087220864199475e-02
-6.260500148173316071e-02
-7.618567597831497895e-02
-1.179636542055461784e-01
-9.058962192510303102e-02
-1.424838796059864632e-01
-1.309774781220982287e-01
-1.409454772495984387e-01
-1.278615927113684048e-01
-1.511665197134177963e-01
-1.590397513520379613e-01
-1.338402637453149913e-01
-1.430548052326606756e-01
-1.046624832902894042e-01
-1.367570478367210463e-01
-1.101940892871336591e-01
-1.589237738647273634e-01
-1.447025250841105781e-01
-1.286956858407518611e-01
-1.241407316935393551e-01
-1.299314619742517052e-01
-1.115153664415363954e-01
-1.182713736944570188e-01
-1.595381029487092095e-01
-1.415828134355859025e-01
-9.722845077361758070e-02
-9.703443760339508506e-02
-1.321377315191034629e-01
-9.493540045108624092e-02
-1.133590537857025182e-01
-1.192351106710616560e-01
-4.211386961890601494e-02
-9.295179862102587176e-02
-1.525482580744297323e-01
-1.496113057743759522e-01
-1.506883918523084231e-01
-1.456045372264885840e-01
-1.197210000097661958e-01
-1.141156051716228220e-01
-1.106501372818007312e-01
-1.074444984509659445e-01
-5.649912651308388288e-03
-3.762145135684270836e-03
-1.984030854134408509e-02
-1.550055826269493980e-02
-5.681673204188874074e-03
-1.795651968444326313e-02
-2.532640030198471393e-03
-2.189882796001131615e-02
-3.332957708623086879e-02
-3.193467530366261159e-02
6.512805288062821843e-03
3.896995638191893315e-04
-1.133857132321730299e-01
-1.165037538040232246e-01
-1.157154255416825706e-01
-1.117449291359337293e-01
-7.297408225128181047e-02
-8.760958851586597707e-02
-8.403838907434227345e-02
-8.698551002390587927e-02
-1.521509981908872322e-01
-1.439302510486455966e-01
-1.550466134103661853e-01
-1.756031395510420090e-01
-1.480242840741662069e-01
-1.685657989465075279e-01
-1.071533185243922076e-01
-1.100455374717291546e-01
-9.957007953778850007e-02
-1.029536725903508199e-01
-1.338807431444382079e-01
-1.341676085596518464e-01
-1.055017255620913225e-01
-1.094668457439887249e-01
-9.679235111744576014e-02
-1.276493097785810771e-01
-1.115269454101535523e-01
-1.581116251872612677e-01
-9.211510889309824923e-02
-1.241824947592527345e-01
-1.219188275444797326e-01
-7.834131948859175687e-02
-1.474024766663302177e-01
-1.105146145794458634e-01
-1.438357214120411232e-01
-9.990492073087531288e-02
-8.824188860695085512e-02
-8.453743779819335169e-02
-6.913064362780239891e-02
-6.765121491090983485e-02
-1.367970169296213734e-01
-1.590730912518111551e-01
-1.399980803973458754e-01
-1.443137990497200540e-01
-1.229067448926003253e-01
-1.226731226050726126e-01
-1.271099519274314082e-01
-1.355396006702027922e-01
-1.444797184580846605e-01
-4.355880974830850932e-02
-4.779768702934156926e-02
-1.238007835591657391e-01
-1.179820442900941097e-01
-3.195566796627476169e-02
2.452490597178164002e-03
-1.529099605810420315e-01
-1.498323106281204964e-01
-1.404945318858804304e-01
-1.369101495697386262e-01
-1.440734663883220801e-01
-1.397159171691444435e-01
-1.273140552143368909e-01
-1.383791496670210841e-01
-1.077583524933404119e-01
-1.261033830188534044e-01
-1.653333012572350824e-01
-1.573070238076399729e-01
-5.964745288031062659e-02
-7.419194797531593333e-02
-6.162345220156355274e-02
-7.934704686067578505e-02
-4.692001140431496103e-02
-4.962237754715202037e-02
-5.381946859767262198e-02
-5.136612311603617337e-02
-1.504918298695805678e-01
-1.566450939003141141e-01
-1.371232984658889431e-01
-1.430925968439899498e-01
-1.918973067307994940e-01
-1.941027767757967371e-01
-1.306718954467897820e-01
-1.195514911036680977e-01
-1.352980212663587312e-01
-1.197749698355128761e-01
-6.556615056061540492e-02
2.104515106760106169e-02
-1.158231978510811527e-01
-9.754616378202245197e-02
-1.604251405513363316e-01
-1.479682321134687673e-01
-9.043444188009663876e-02
-8.736011712053222411e-02
-1.245479955619690632e-01
-1.067636675565951238e-01
-2.002394128399036799e-01
-1.893304661023071100e-01
-1.565594276168340571e-01
-1.497788043601036845e-01
-1.432129189251892254e-01
-1.367102983137946370e-01
-1.252959133226452804e-01
-1.610053432213278124e-01
-1.467168650523011375e-01
-1.509024586615058949e-01
-1.675628530105307545e-01
-1.722981609034491546e-01
-1.670001517291187509e-01
-1.710352358027497355e-01
-1.598321441583543112e-01
-1.656143638682762154e-01
-8.900459054348924814e-02
-7.387884626973335866e-02
-9.123253348596914447e-02
-7.650465749759073619e-02
-6.678678339373200767e-02
-5.958918163132931323e-02
-1.559894693092568341e-01
-1.555078796810748787e-01
-1.511359915632896622e-01
-1.520504344447703160e-01
-1.375361994034300372e-01
-1.399721551260696972e-01
-6.343490130765752633e-02
-5.599782687308096224e-02
-1.117046428670766672e-01
-9.333078908806519136e-02
-1.680058536115220658e-01
-1.712148547902806739e-01
-1.480431467873993823e-01
-1.530365666189645313e-01
-9.279765984437471360e-02
-8.365714668388762876e-02
-2.133499776001107281e-02
-1.689871266261813026e-02
-1.401530570059487946e-02
-1.183692734749315981e-02
-8.124043941006287017e-02
-9.485214841972548772e-02
-7.631022184873173519e-02
-9.322083329398479778e-02
-1.529756973913842522e-01
-1.371450707059019558e-01
-1.223348506706911365e-01
-1.224644577674221524e-01
-1.152853526825063785e-01
-1.193942819027625502e-01
-1.248067117626959904e-01
-1.183162787342439543e-01
-1.190851255686051768e-01
-1.248270579633404681e-01
-1.178836631414314912e-01
-7.618527287418738747e-02
-6.150780414867150492e-02
-1.545416047595054299e-01
-1.458744392181540173e-01
-1.188393701112818307e-01
-7.966690765172075583e-02
-9.070955393207377759e-02
-1.403928890750081870e-01
-1.135905651202682998e-01
-7.887912330081106593e-02
-8.702414971489080830e-02
-1.047915167532926795e-01
-8.583776184048876046e-02
-9.993588479268904201e-02
-8.493567100669921488e-02
-1.133196246790795503e-01
-1.236737710705025917e-01
-9.930486503218773076e-02
-1.070119004602093638e-01
-5.433854867994065280e-02
-6.191952793089091495e-02
-1.616840724204320345e-01
-1.445864517682754202e-01
-1.346790204445361683e-01
-1.394575391793384245e-01
-1.175121057171608502e-01
-1.642675086063152545e-01
-8.591107442750592349e-02
-6.344477986295821159e-02
-7.687505885498206737e-02
-6.749326683603333599e-02
-1.131592758183030539e-01
-8.180768971351072560e-02
-1.200724665067549185e-01
-1.235311838308182919e-01
-9.728285694587590626e-02
-8.485145551129372188e-02
-3.994487751252953633e-02
-4.221538842760667182e-02
-3.064821257474236588e-02
-3.113870330782477283e-02
-1.569182759156756424e-01
-1.507134385752637584e-01
-1.071746073428270912e-01
-9.891679694310939741e-02
-1.052287971478483158e-01
-1.224297872431202444e-01
-9.696973544784591448e-02
-7.962170258174791626e-02
-8.445932767577135625e-02
-7.389167416972740321e-02
-1.577515256593592097e-01
-1.458535825561395327e-01
-1.542649819857694338e-01
-1.421581286018061274e-01
-1.231351612145958722e-02
-4.855020588914479851e-02
-6.098654142843702719e-02
-3.950322893456171408e-02
-6.831827870012707749e-02
-5.296286206923639384e-02
-2.018581777209734265e-02
-5.476420485629907714e-02
-1.452612294066596976e-01
-1.338780320501613830e-01
-1.536999597631514558e-01
-1.403668550842798457e-01
-1.342531074434265004e-01
-1.336182239423191753e-01
-1.156163640319117503e-01
-1.188570673559615071e-01
-1.283697043244221014e-01
-1.308087688758216294e-01
-1.189670763424247879e-01
-1.217115812823304083e-01
-1.427766400502575028e-01
-1.369810588279512242e-01
-1.055206222138025535e-01
-1.000967051214899650e-01
-1.613626549321324766e-01
-1.554276572412429114e-01
-1.030580985373696357e-01
-9.574569955187293979e-02
-1.374327292329861894e-01
-1.181551831892050652e-01
-1.377441316724391240e-01
-1.095236501398668544e-01
-5.846737889377468661e-02
-7.559281550659317783e-02
-6.848328675231979412e-02
-6.094535691779514458e-02
-1.081411949488877561e-01
-1.014334217821050016e-01
-1.141873128989938369e-01
-1.017177429504536046e-01
-1.181060405289852122e-01
-1.144324618397142834e-01
-1.335505962148989811e-01
-1.332765278256062003e-01
-1.693511618937973695e-01
-1.761319762163042479e-01
-1.195883129307131754e-01
-1.040139956296192991e-01
-1.391494627323700828e-01
-1.592034835610679211e-01
-1.287547379166484041e-01
-1.300673003926900717e-01
-1.015572001722257478e-01
-1.099580631314521911e-01
-1.174918215068596616e-01
-1.112580118069748797e-01
-8.940159469070341203e-02
-1.025191572963817244e-01
-1.015436387689009207e-01
-9.053090363324560463e-02
-5.992565459653638460e-02
-8.135250897602075426e-02
-1.425660119486324151e-01
-1.413968790009857701e-01
