0.000000000000000000e+00
0.000000000000000000e+00
0.000000000000000000e+00
0.000000000000000000e+00
0.000000000000000000e+00
0.000000000000000000e+00
0.000000000000000000e+00
0.000000000000000000e+00
0.000000000000000000e+00
0.000000000000000000e+00
0.000000000000000000e+00
0.000000000000000000e+00
0.000000000000000000e+00
0.000000000000000000e+00
0.000000000000000000e+00
0.000000000000000000e+00
0.000000000000000000e+00
0.000000000000000000e+00
0.000000000000000000e+00
0.000000000000000000e+00
0.000000000000000000e+00
0.000000000000000000e+00
0.000000000000000000e+00
0.000000000000000000e+00
0.000000000000000000e+00
0.000000000000000000e+00
0.000000000000000000e+00
0.000000000000000000e+00
0.000000000000000000e+00
0.000000000000000000e+00
0.000000000000000000e+00
0.000000000000000000e+00
0.000000000000000000e+00
0.000000000000000000e+00
0.000000000000000000e+00
0.000000000000000000e+00
0.000000000000000000e+00
0.000000000000000000e+00
0.000000000000000000e+00
0.000000000000000000e+00
0.000000000000000000e+00
0.000000000000000000e+00
0.000000000000000000e+00
0.000000000000000000e+00
0.000000000000000000e+00
0.000000000000000000e+00
0.000000000000000000e+00
0.000000000000000000e+00
0.000000000000000000e+00
0.000000000000000000e+00
0.000000000000000000e+00
0.000000000000000000e+00
0.000000000000000000e+00
0.000000000000000000e+00
0.000000000000000000e+00
0.000000000000000000e+00
0.000000000000000000e+00
0.000000000000000000e+00
0.000000000000000000e+00
0.000000000000000000e+00
0.000000000000000000e+00
0.000000000000000000e+00
0.000000000000000000e+00
0.000000000000000000e+00
0.000000000000000000e+00
0.000000000000000000e+00
0.000000000000000000e+00
0.000000000000000000e+00
0.000000000000000000e+00
0.000000000000000000e+00
0.000000000000000000e+00
0.000000000000000000e+00
0.000000000000000000e+00
0.000000000000000000e+00
0.000000000000000000e+00
0.000000000000000000e+00
0.000000000000000000e+00
0.000000000000000000e+00
0.000000000000000000e+00
0.000000000000000000e+00
0.000000000000000000e+00
0.000000000000000000e+00
0.000000000000000000e+00
0.000000000000000000e+00
0.000000000000000000e+00
0.000000000000000000e+00
0.000000000000000000e+00
0.000000000000000000e+00
0.000000000000000000e+00
0.000000000000000000e+00
0.000000000000000000e+00
0.000000000000000000e+00
0.000000000000000000e+00
0.000000000000000000e+00
0.000000000000000000e+00
0.000000000000000000e+00
0.000000000000000000e+00
0.000000000000000000e+00
0.000000000000000000e+00
0.000000000000000000e+00
0.000000000000000000e+00
0.000000000000000000e+00
0.000000000000000000e+00
0.000000000000000000e+00
0.000000000000000000e+00
0.000000000000000000e+00
0.000000000000000000e+00
0.000000000000000000e+00
0.000000000000000000e+00
0.000000000000000000e+00
0.000000000000000000e+00
0.000000000000000000e+00
0.000000000000000000e+00
0.000000000000000000e+00
0.000000000000000000e+00
0.000000000000000000e+00
0.000000000000000000e+00
0.000000000000000000e+00
0.000000000000000000e+00
0.000000000000000000e+00
0.000000000000000000e+00
0.000000000000000000e+00
0.000000000000000000e+00
0.000000000000000000e+00
0.000000000000000000e+00
0.000000000000000000e+00
0.000000000000000000e+00
0.000000000000000000e+00
0.000000000000000000e+00
0.000000000000000000e+00
0.000000000000000000e+00
0.000000000000000000e+00
0.000000000000000000e+00
0.000000000000000000e+00
0.000000000000000000e+00
0.000000000000000000e+00
0.000000000000000000e+00
0.000000000000000000e+00
0.000000000000000000e+00
0.000000000000000000e+00
0.000000000000000000e+00
0.000000000000000000e+00
0.000000000000000000e+00
0.000000000000000000e+00
0.000000000000000000e+00
0.000000000000000000e+00
0.000000000000000000e+00
0.000000000000000000e+00
0.000000000000000000e+00
0.000000000000000000e+00
0.000000000000000000e+00
0.000000000000000000e+00
0.000000000000000000e+00
0.000000000000000000e+00
0.000000000000000000e+00
0.000000000000000000e+00
0.000000000000000000e+00
0.000000000000000000e+00
0.000000000000000000e+00
0.000000000000000000e+00
0.000000000000000000e+00
0.000000000000000000e+00
0.000000000000000000e+00
0.000000000000000000e+00
0.000000000000000000e+00
0.000000000000000000e+00
0.000000000000000000e+00
0.000000000000000000e+00
0.000000000000000000e+00
0.000000000000000000e+00
0.000000000000000000e+00
0.000000000000000000e+00
0.000000000000000000e+00
0.000000000000000000e+00
0.000000000000000000e+00
0.000000000000000000e+00
0.000000000000000000e+00
0.000000000000000000e+00
0.000000000000000000e+00
0.000000000000000000e+00
0.000000000000000000e+00
0.000000000000000000e+00
0.000000000000000000e+00
0.000000000000000000e+00
0.000000000000000000e+00
0.000000000000000000e+00
0.000000000000000000e+00
0.000000000000000000e+00
0.000000000000000000e+00
0.000000000000000000e+00
0.000000000000000000e+00
0.000000000000000000e+00
0.000000000000000000e+00
0.000000000000000000e+00
0.000000000000000000e+00
0.000000000000000000e+00
0.000000000000000000e+00
0.000000000000000000e+00
0.000000000000000000e+00
0.000000000000000000e+00
0.000000000000000000e+00
0.000000000000000000e+00
0.000000000000000000e+00
0.000000000000000000e+00
0.000000000000000000e+00
0.000000000000000000e+00
0.000000000000000000e+00
0.000000000000000000e+00
0.000000000000000000e+00
0.000000000000000000e+00
0.000000000000000000e+00
0.000000000000000000e+00
0.000000000000000000e+00
0.000000000000000000e+00
0.000000000000000000e+00
0.000000000000000000e+00
0.000000000000000000e+00
0.000000000000000000e+00
0.000000000000000000e+00
0.000000000000000000e+00
0.000000000000000000e+00
0.000000000000000000e+00
9.779717848125396573e-01
7.489293654258615263e-01
7.580131773663971728e-01
8.696161946600799997e-01
8.207619516397351989e-01
7.593543156935811389e-01
7.961828157558588082e-01
5.771811222874478897e-01
4.628217312565924835e-01
4.467431412232084620e-01
4.132261243078845236e-01
7.459700041441856833e-01
7.223433629640421128e-01
7.042442367620822541e-01
6.291976164321865239e-01
2.109646265223601436e-01
9.297978990782486131e-01
8.664605423815835428e-01
6.699191399971223815e-01
6.122109873763772470e-01
6.331674080231696200e-01
4.134581956420766979e-01
4.198405735449304843e-01
4.323632913626728747e-01
8.438333165039038075e-01
8.612855958064349338e-01
4.946874960788321118e-01
4.693370027426264079e-01
5.733725130906351941e-01
4.960371544347402795e-01
9.769644235713234037e-01
9.481879622409471464e-01
6.284383612145526543e-01
6.753852350203307653e-01
3.105939348244701192e-01
2.084067075310066797e-01
2.733653993325184661e-01
2.617876110115656685e-01
5.597708777604332164e-01
5.329829064786069104e-01
4.790993268620992729e-01
3.772449626216611285e-01
9.452885955073635493e-01
8.958660008024134092e-01
5.356179648965544438e-01
7.319031915245682862e-01
5.067033040774691077e-01
6.382788778761107062e-01
6.195037675738976901e-01
8.470479989303892898e-01
6.352726801189132466e-01
6.194608580340064119e-01
7.865526357478331843e-01
7.885561747628158091e-01
2.629658406073093202e-01
3.756843335578635701e-01
9.402640557175383496e-01
3.194102962452467498e-01
2.711609071162492390e-01
3.722298445192476768e-01
2.875596277772727860e-01
3.518395495776248660e-01
3.224767947300416493e-01
4.333947768840593073e-01
9.148888350694946159e-02
1.192667026065155345e-01
4.438593175961322301e-01
2.413869605704086485e-01
3.780069561795311173e-01
8.481230717247408846e-01
3.556015976265430312e-01
4.276327162875948051e-01
6.558028701477222056e-01
5.983986775941942948e-01
7.884559523014154081e-01
7.931807898239261467e-01
8.361042672679325216e-01
7.864367270223426853e-01
8.192338145040258812e-01
8.489969694450348880e-01
9.285246731646383811e-01
2.958014220989628740e-01
3.326492775985500638e-01
4.429923198427061504e-01
6.125721223138964611e-01
5.964425920782169266e-01
9.376559955559504722e-01
8.516062939223828510e-01
7.727366091357898981e-01
3.819385659907778008e-01
3.902222380543616809e-01
1.768103455870410901e-01
2.639710982013442342e-01
6.757727856753398266e-01
2.869452383615149205e-01
1.873528720848986751e-01
9.780217002040729746e-01
4.240846113966555975e-01
7.383459827401306352e-01
6.079200945189042748e-01
6.166909757042499107e-01
2.031359887724938085e-01
2.260793144950714872e-01
1.044860891977477113e-01
7.417020929740170132e-01
7.255587780360860384e-01
4.119550578964994436e-01
3.322433452648674845e-01
2.212401741707087366e-01
1.695978368429156002e-01
5.778365775291915973e-01
4.688585868884360131e-01
8.644837668226567073e-01
2.422492485597768641e-01
1.998866203858355450e-01
6.354436990368900195e-01
9.115016192388798455e-01
9.620227286078354423e-01
7.110417212907360618e-01
6.728652073589295179e-01
5.762959257827043880e-02
8.108047186557232333e-02
9.579121956882126199e-01
7.109668460409659385e-01
9.013747900562868454e-01
8.648344035478038316e-01
9.736143023761448245e-02
7.621034971860587981e-02
9.098544713538351258e-01
8.755568953984842473e-01
1.282218512987334802e-01
2.904177589975574514e-01
3.728237420745308950e-01
2.982379754009968909e-01
6.153852792504979075e-01
4.905507059638094525e-01
6.986246220410018415e-01
6.752508318214404115e-01
9.529361856406103337e-01
8.933785509699707639e-01
7.976487428135793367e-01
8.065733944681766632e-01
6.758233714399680681e-01
8.176184751592147082e-01
2.297802490503690065e-01
5.260507174281555676e-01
5.004794853980201186e-01
6.642034532320726381e-01
6.841425767192379492e-01
2.952520185679617937e-01
2.674158894612834181e-01
6.391029800037437703e-01
3.120902730119407553e-01
2.940240349937299214e-01
1.768001408794014073e-01
1.752931454042188364e-01
3.346143523597474578e-01
2.930188622751823679e-01
1.879879167732522449e-01
3.200073119704291424e-01
6.612915117434911005e-01
3.769249051680095830e-01
3.448790656052342918e-01
7.077150618161884843e-01
7.311438612217729949e-01
1.506941321080591534e-01
3.024690376271403913e-01
9.878802229945791158e-01
6.748483561503861861e-01
4.686209277749125990e-01
3.510717448929968620e-01
8.534444068935120864e-01
2.866104992229364101e-01
2.310500134405523431e-01
7.435337028037675156e-01
7.106438984117185997e-01
4.680997620117539615e-01
4.583607935861118143e-01
9.548193537495162087e-01
5.551925760788785080e-01
4.635320763860997229e-01
6.250371484847796477e-01
3.265708473859676997e-01
1.773685321555896477e-01
3.790222033776229904e-01
2.637708493422690759e-01
3.678734178504607377e-01
1.074639407830823429e-01
6.605648094932770054e-02
3.104269108785996378e-01
2.916949196318853188e-01
7.251855682625942823e-01
7.054435663884724983e-01
5.603775352374764651e-01
4.985580732829424377e-01
5.390396632532206134e-01
6.823182496194025726e-01
6.654477289283208252e-01
9.735169795036937579e-01
9.422865042338239572e-03
5.627477171013593737e-02
2.299396890591139664e-01
1.374289716399632599e-01
2.480459405635233316e-01
4.252944831886628085e-01
6.080491988475651421e-01
5.492443457236008131e-01
7.160162416692411602e-01
6.087720099776116056e-01
5.885873007564192960e-01
3.756658770975696560e-01
8.109887411997741546e-01
8.226443545431394444e-01
1.877282198558821724e-01
1.436286394107430253e-01
7.496153363427873195e-01
4.305995652983897748e-01
3.869393340895447841e-01
2.197044025267516354e-01
1.665284014246181110e-01
1.519999031856532901e-01
5.063462655990751127e-02
6.250672501030078987e-01
5.488244051115723776e-01
2.510322039539774064e-01
6.194346484297673650e-01
6.152937728810009554e-01
8.296463678371739370e-01
8.369072015321878943e-01
8.984917171795249180e-01
1.413626123689258329e-01
5.361268630538267022e-02
4.867112952770460965e-01
5.839713875938743470e-01
9.965416544178960778e-02
8.644797382195362756e-01
2.045356135514065921e-01
1.795474344978273407e-01
1.355531185479096623e-01
2.418913010030038502e-01
7.342886839159378232e-01
6.964887529773822195e-01
9.349940333755335509e-01
4.976663462791097725e-02
3.205749759829297496e-02
5.074052704969362892e-01
7.506208581755438036e-01
5.784966966001154898e-01
5.561497429641385493e-01
5.005483160911415874e-01
1.666706779832645979e-01
1.004006903091509695e-01
2.004906551016539806e-01
1.582295497871822054e-01
9.409217695339147092e-01
4.028536737048398209e-01
4.122871179393831076e-01
7.640684895187738190e-01
7.967214979688459486e-01
8.530175761291425296e-01
8.310549787751769779e-01
4.454666228097600156e-01
3.839810377371678518e-01
3.911516229416254209e-01
3.714575672073984203e-01
9.562173391272432710e-01
6.383765670479933652e-02
5.389311613131178014e-01
5.762253958440687329e-01
8.835308310849566693e-01
8.444451996341182376e-01
8.498033369115023383e-01
9.759950351576326399e-01
1.359759255478911744e-01
1.490758943653954782e-01
7.091011616983808885e-01
7.174296677682990842e-01
4.059748093067602759e-01
3.575260879505127165e-01
1.975026638265694745e-01
6.890915733421703049e-01
6.312529893097893474e-01
3.631800608703836808e-01
2.656036093990635782e-01
9.435592204104672476e-01
8.834908766122343549e-01
4.400157755707002072e-01
1.450764146155931744e-01
1.128670027613990073e-01
7.779110637856755106e-02
9.098094869763032611e-01
8.523531351377420240e-01
8.642788806274624980e-01
5.122507013585770874e-01
7.902924506224392465e-01
8.445917204659926236e-01
8.174594236104492095e-01
5.752222205711795544e-01
5.643369389291330585e-01
4.413463316267635106e-01
4.047645514419377366e-01
4.737420794243190625e-01
2.947160850038941793e-01
2.437231184862555800e-01
7.858930509097240558e-01
7.859453110663495723e-01
4.857757984554897934e-01
1.228911614927549606e-01
5.481753960480750115e-02
5.815173189620235217e-01
5.732066187577281591e-01
9.065426791727611011e-01
7.527822041806909725e-01
8.954310764759773056e-01
7.748208966612459836e-01
6.802413359189715125e-01
8.909185239010851687e-01
9.755348626342063012e-01
5.286848140223374681e-01
2.089241628182331167e-01
7.869719469025160397e-01
7.158061944535691890e-01
3.279247412896382219e-01
3.113682949968124558e-01
5.704799844223249483e-01
6.294697183163597831e-01
7.421280656614246407e-01
2.085709068529935373e-01
7.752681196697908117e-01
7.777012728938746955e-01
6.640221176138488834e-01
6.785225806576844487e-01
2.766286945509745521e-01
2.217620565749965911e-01
1.499387486835430661e-01
7.535306372817309750e-01
7.409923165296228298e-01
2.619768720677139173e-01
2.410329118665786585e-01
8.597518266624253336e-01
9.655779606843760687e-01
9.129303932328063365e-01
3.617950501502763538e-01
2.667764442380098355e-01
2.407516392778785153e-01
1.107283313906759631e-01
9.568940207681704557e-02
1.649941610619039545e-01
1.519775016054414063e-01
4.594700773905109892e-01
4.163685960400135277e-01
1.703325038506448286e-01
9.611173655332085897e-01
2.286805955968551074e-01
6.925309042108118707e-01
6.310358553346566701e-01
9.063349714659739709e-01
9.682715114941554679e-01
6.122838979437010831e-01
4.743873027242521134e-01
9.342631017273769212e-01
8.564917657284192298e-01
9.542086255587206578e-01
8.314854024351454598e-01
8.232707669052393706e-01
1.147536072369164523e-01
1.733374609601485150e-01
1.365902831349949387e-01
4.145612919183025435e-01
2.777755909406774970e-01
1.749285951817694806e-01
9.869438951977608232e-01
1.522864004933517645e-01
1.802023936631335643e-01
6.372834231618855760e-01
1.697210427019446854e-01
1.650713661529824849e-01
1.160619230573047278e-01
1.835424766470750424e-01
5.440081045922292580e-01
5.664832861449298207e-01
4.584179036699777554e-01
4.963068793496376307e-01
9.414152736127199272e-01
9.006142090197573058e-01
1.592827882229400360e-01
1.282075919736914427e-01
5.982808030729404036e-01
7.009599572545025525e-01
6.498889208262493833e-01
6.992070307776457883e-01
2.191118321917593370e-01
1.017518189109776205e-01
6.539663103855120063e-01
8.915511688498780618e-01
1.688891026038100152e-01
6.739491554714283073e-01
6.747485433947825184e-01
6.486299393617304121e-01
5.660351132901060289e-01
8.992285654022040831e-01
9.297872421385150465e-01
8.554670011515633776e-01
7.869593137389756521e-01
4.178879283627813801e-01
2.915728428684071227e-01
7.986558288796453686e-01
4.354422130554052028e-01
3.235939310100042765e-01
1.834589360812113323e-01
4.072185121688511739e-02
6.109650505312940599e-02
3.955937202575600664e-01
1.768134274660152216e-01
1.500885894567639822e-01
6.782006176375974249e-01
4.440090058485628433e-01
9.213352257062199513e-01
4.221447026651687917e-01
2.794623863809491127e-01
3.079802135264778085e-01
6.027093196728239288e-02
4.517280553502745627e-02
3.439530061126839233e-01
2.451788954308875279e-01
4.102373453332464059e-01
2.724529578806775265e-01
4.758718569796165365e-01
5.510173898179735463e-01
7.302531329750755473e-01
7.053969087829390361e-01
5.199713190693394139e-03
3.428660534465848703e-02
3.893197843114472589e-01
2.539819306861112458e-01
6.745736574971538113e-01
7.268354066456190754e-01
4.385631360637692877e-01
4.190416979034140565e-01
9.403294903303612839e-01
7.029602978543845193e-01
5.128807425070562864e-01
9.117187057910283721e-02
3.647329460475431384e-01
2.886418317422734248e-01
6.792639608096731063e-01
3.597538629390634735e-01
7.410759158013707770e-01
6.933023134823268485e-01
1.524803198442176710e-01
1.221275469489677828e-01
8.008344830077112064e-01
5.862995176920424711e-01
8.135406104034308139e-02
1.100527562404490373e-01
4.596232980960233694e-01
1.429282079155988205e-01
4.799565176290761237e-02
1.953716871401985355e-01
1.023023460967079079e-01
1.124342832549219129e-01
7.145742285628216006e-01
6.857771966541429398e-01
8.880087348120573321e-01
5.459978459932061934e-02
5.318616662800763617e-01
5.871623768275947841e-02
6.358806030583223634e-02
9.886928776433709931e-01
8.754910263482112986e-01
8.158622915653093166e-01
9.002194172400500571e-01
6.872990463026068531e-01
3.824422287032411827e-01
3.375272373390458824e-01
3.314321055277469341e-01
3.082312401737554164e-01
1.353616106191991575e-01
9.172710583561688447e-01
8.977561138599003954e-01
8.176423115762396776e-01
3.116421163121849136e-01
1.947171576350957278e-01
1.810212326213691270e-01
5.718281636218125463e-01
8.180551970561455999e-02
7.580807172699743912e-01
6.052073056292269770e-01
7.321615840055617497e-01
7.637805575067668773e-01
5.323507373224014572e-01
4.724479801135998414e-01
5.034391160165176959e-01
2.966657755560130338e-01
5.360054181834567055e-01
5.196550273071068871e-01
4.918019146147152854e-01
2.444705852414837122e-01
1.839250168504116267e-01
8.704358960609441531e-02
7.830596260140464115e-02
9.264219675354982142e-01
5.275663969195119041e-01
5.289187561167345564e-01
6.859332070584336360e-01
7.347479174965043658e-01
5.822682913180516895e-01
5.308960322715273739e-01
1.744228824504031605e-01
1.812095131228144973e-01
9.748456707583783576e-01
1.120600879662214944e-01
6.369966396036741418e-02
5.011279570501126629e-02
3.424079359375742371e-01
3.801743437200368891e-01
9.195239734612212779e-01
7.793075784714604826e-01
1.194873436507134512e-01
4.176322524215575482e-01
3.742675159277124020e-01
6.591170272358777282e-01
5.793474346196090252e-01
7.221824339495049039e-02
1.103903429995491958e-01
1.701722105356931192e-01
1.183729453119209546e-01
6.921068411626293271e-01
6.401114869745455627e-01
7.331141081707542861e-01
1.714178545755207228e-01
2.661359795388339999e-01
7.507045368019309162e-02
4.859186907497720087e-02
9.818515895895706391e-01
3.220201553572256126e-01
3.287808532711424814e-01
3.297158994486502070e-01
3.064601199353138572e-01
2.051895814121072747e-01
7.226423979226660466e-01
5.207541396225611185e-01
4.566454763317335797e-01
7.386812535290437909e-01
7.565069305423148815e-01
4.758075691231703486e-01
4.315218077857435608e-01
9.689055127177084170e-01
9.164916725928683450e-01
8.743934902879560989e-01
6.467560130513035910e-01
6.186875065581690647e-01
8.660933678130211533e-01
7.939171889569006657e-01
6.820746034008285941e-01
6.913477800127595385e-01
7.168036199859554314e-01
7.313843595625999505e-01
2.368614831418726641e-01
2.538339326596366075e-01
3.389125068563721421e-01
7.052358998598866613e-01
7.339414508957925465e-01
4.192771023687585918e-02
4.178723643391401427e-02
5.364841481512926391e-01
5.072933273446649238e-01
9.287468588612335374e-01
7.111775949125545004e-01
7.115274935235819109e-01
5.325218291774194146e-01
5.752283208816011406e-01
5.577766448626693130e-01
5.365886648841927675e-01
6.607520972558595940e-01
6.150234009908824850e-01
1.045357364866502242e-01
8.140120827046476437e-01
5.708296809110053882e-01
6.348859975731283578e-01
6.924486921592589717e-01
7.029200763752643244e-01
2.636996817085115463e-01
9.872383318294347676e-01
7.676622259336800536e-01
7.547052371373279556e-01
9.529079715209639589e-01
3.408459431468459366e-02
2.780118492287440499e-02
7.862310247506578698e-01
6.113383787673286607e-01
5.993396575870574283e-01
5.780893706405674237e-01
9.913989970887467917e-01
9.621803635783805486e-01
3.101548457777451584e-01
2.081686719694779419e-01
1.836562118191936710e-01
1.097547442023127373e-01
1.739104840556878750e-01
2.172693076946043411e-01
3.317204059678265371e-01
1.214825313852306021e-01
2.057924421598360532e-01
5.830361800395799099e-01
3.889543254879995193e-01
4.477917395165577630e-01
2.829360406970244934e-01
1.476848207102197663e-01
8.971079524605683753e-02
3.696852463837183023e-02
3.619694330558381190e-01
6.514870064875887268e-01
5.674216149996041958e-01
1.659433537380135826e-01
1.432580252660772824e-01
6.477107408769169350e-01
9.316930132857864644e-02
8.822185889449907226e-02
8.113755115533107798e-01
5.674388184457359596e-01
5.077397385986229805e-01
2.075865323492514514e-01
7.913794024360910617e-01
8.377604622991485783e-01
2.924571734945047852e-01
2.449218891630727257e-01
3.935076223949753316e-01
3.173331675245734673e-01
1.458002961601692904e-01
3.709631173542025095e-01
8.853342187623007842e-01
9.950540719711243876e-01
2.787500639709540873e-01
2.092184164976076399e-01
2.650553268317997757e-01
4.258693764390702463e-01
3.505626313664642613e-01
7.172765926518792634e-01
1.486912205539669962e-01
2.247622742540797691e-01
1.735504292957482653e-01
3.910356248885428210e-01
8.328621288390353206e-01
8.707533772294433483e-01
8.606446638696332307e-01
2.824128206754610848e-01
8.101519323642607517e-01
8.165295177108041758e-01
9.784772481582997283e-01
3.961089166825384478e-01
4.251017720445299242e-01
3.270069138097213002e-01
2.535327479256031524e-01
9.216840427782626577e-01
9.719835868006357904e-01
1.265773203505981825e-01
7.057964754649953543e-02
8.803579295499375235e-02
1.931044966061406243e-01
1.599492405417238527e-01
4.434832460667492704e-01
4.283596864780453983e-01
5.361303126814523923e-01
5.251054377443533649e-01
4.353438431752488791e-01
4.777854950927789002e-01
6.809922984712336591e-01
5.799443472107134179e-01
6.388498996812687070e-01
5.349203342548451978e-01
4.892732848394918954e-01
5.196320652803025908e-01
1.850599562297280433e-03
9.111765242359363970e-02
1.195341734516140730e-01
8.878626472190034313e-01
8.334663526230753350e-01
8.734782795332624028e-01
1.118359300809932677e-01
2.246707169279979766e-01
9.173597569358156456e-02
4.184600147565279427e-01
4.139039243799892409e-01
3.113897969041513059e-01
3.861932171739838604e-01
8.621537694553534914e-01
7.687825902700579084e-01
8.192095065015743138e-01
7.272074766258083967e-02
8.064151028620070161e-02
1.032364639093347053e-01
4.488028386302274630e-01
5.389565348364305786e-01
5.004662288385930413e-01
4.273189814251313612e-01
4.472784591049744907e-01
4.366282066256664818e-01
6.187594809443711652e-01
6.863428182822131074e-01
6.446367114442702606e-01
7.478142002641690045e-01
7.135537430405639592e-01
7.800199256871361841e-01
7.983071842072366753e-01
8.236087255506528704e-02
-6.823205852468360033e-02
1.128497124056177317e-02
2.622879588308911492e-02
2.772837155334515954e-02
-3.468073431276012114e-02
9.670714028150293254e-03
-5.065133653222770455e-02
6.933238672897299448e-01
6.341413795719177404e-01
5.655656376312649947e-01
5.848373035955468646e-01
4.446995978627848456e-01
5.379389347058768367e-01
5.249157557585085732e-01
7.269848116021855322e-01
8.089998490576634227e-01
7.676405503322469848e-01
9.284901979550873596e-01
9.487270427877487755e-01
9.481911908039295511e-01
8.893449150098178824e-02
5.221242738519422666e-01
5.129100158331685311e-01
1.242192713902523782e-01
7.970685995472580332e-02
3.598790748934709294e-01
2.929670782841617416e-01
2.991874794345148469e-01
4.095333030607717362e-01
2.478931661389838781e-01
2.846373883057097820e-01
-2.760689627600843368e-02
1.517391386480034243e-01
7.025967156432876282e-01
7.797308967478612240e-01
7.573779765895314320e-01
8.606073611473770146e-01
8.117023769072392314e-01
8.565030194641742867e-02
1.357051039037869278e-01
6.672247846867336574e-02
5.566744639905989514e-03
1.174895231297003600e-01
1.698270328993891909e-01
1.634831406618868777e-01
1.439020611612227551e-01
1.382193354937325536e-01
2.289436038260604656e-01
1.825505824914397113e-01
2.088615094013763218e-01
7.704735925847645550e-01
7.432279944404220906e-01
4.764840275869784980e-01
3.596271111553464017e-01
3.647543968586329233e-01
3.279613136328660694e-01
9.284940069344134184e-01
9.163232121835437338e-01
9.453551365167377485e-01
1.120025281189097749e-01
1.614931288799549280e-01
1.037048367358948397e-01
1.662254226311374317e-02
1.305181461086904471e-01
9.563833287674804173e-02
7.276514566226643943e-01
7.454018947984138999e-01
7.766688607230561869e-01
6.799445100439207579e-01
7.353841757803629697e-01
7.565405440701032935e-01
7.698202313152602283e-01
7.273995305356909524e-01
8.050612462746538078e-01
7.333440310441600163e-01
3.982132177473025197e-03
-1.612108825244626745e-02
7.146748438703011130e-01
6.891509203462407029e-01
2.152148615755699324e-01
2.582373319193559946e-01
1.874170767042758479e-01
2.202155405243622632e-01
8.889556252217665211e-01
8.789211782064745293e-01
8.737474689506291581e-01
8.788317801810036078e-01
9.300613596583968690e-01
9.194003566715946985e-01
8.914547760249896813e-01
8.596302288679144032e-01
9.391421784127091943e-01
9.179636585160081408e-01
2.299118073031453935e-01
1.053684453566027801e-01
2.464113984370204791e-01
1.151669922277144820e-01
2.076853944939604374e-02
2.281268792063927131e-01
6.295260486066059369e-02
6.817538488222276705e-01
5.415821209260039959e-01
5.082863445636172095e-01
5.401985133153425211e-01
7.269826805746114617e-01
7.259292787382978229e-01
7.296128291444254899e-01
-4.193531187510858571e-02
2.718198381135967720e-02
4.891502534780425848e-02
5.720820891772382399e-02
3.915603227031146799e-02
7.082186359303319079e-02
7.254928918245819036e-02
3.328668717770238428e-01
3.657936215201198493e-01
2.758225919270151927e-01
3.644632398345249436e-01
2.466137725749158183e-01
2.865373428548550483e-01
3.316539559385711655e-01
4.592576197686673023e-01
4.422902206370840084e-01
3.779708557332029373e-01
4.266435157542053380e-01
3.877049772051040510e-01
2.596270413494013996e-01
2.646616872861763392e-01
3.217263094064781725e-01
1.504405936432339497e-01
2.380345149913440372e-01
2.189554317322367494e-01
1.970521888913583930e-01
1.916361219409095373e-01
6.161194424034456274e-01
6.339287077010986593e-01
6.541773704334649109e-01
5.348298342049175869e-01
3.340610199378757361e-01
2.393197882580708480e-01
3.480746669410110239e-01
3.177666930633248343e-01
9.023134069711911953e-02
3.744914932289122173e-02
3.791254308354370661e-02
7.560252733143196791e-01
8.239747627096738469e-01
8.439937012672634742e-01
7.813034405471461774e-01
7.621892811809550805e-01
7.985145313558085212e-01
3.086672306814945421e-01
4.497480569699132680e-01
3.764112501588605109e-01
-4.338378365939508929e-02
1.140081007928495371e-01
1.365337856812585682e-01
5.942292036191352406e-02
1.039270427303142091e-01
3.763738306025969649e-02
1.229858937618155679e-01
2.020757370592467794e-01
1.614047755881996005e-01
1.408494428514565355e-01
1.072741118989614661e-01
1.287837458645235411e-01
3.432689931774572933e-01
2.662600221338414230e-01
5.978775550617394519e-01
5.418539954196528452e-01
5.916291284689284558e-01
5.246864851813178854e-01
3.107388911592290914e-01
3.602918730297041128e-01
2.189866188208524078e-01
2.786137115307427692e-01
2.353066133152305062e-01
1.138888201617795914e-01
1.338317488869364691e-01
7.308454339658014831e-01
7.492739750839476631e-01
7.580941637668557886e-01
7.551362419954803507e-01
7.171391872944259394e-01
7.814800474951403286e-01
3.957356248872360704e-01
4.424163747626170262e-01
2.505456002894839163e-01
3.187051603995993410e-01
9.659177256580868676e-01
9.677273836274936647e-01
9.706696797997949044e-01
-1.165456573837390757e-02
1.048652143133875086e-01
2.999226069902262166e-03
4.243723250149614157e-02
4.257299772445377606e-02
4.113204466285002442e-02
6.576755856639475706e-01
5.376057145504539170e-01
5.832784344774529783e-01
4.841553070003270509e-01
3.221209819295436927e-01
3.849864384825212316e-01
3.692065165145689831e-01
4.979059748176554723e-01
4.031994659765351652e-01
7.193362270641472100e-02
7.956031367081011982e-03
4.620450161195956834e-02
2.065131351727623465e-01
8.372893792624250264e-02
8.556823572362399766e-01
8.405558753544121187e-01
7.550710191598406507e-01
7.984419779849643017e-01
7.207023702535895193e-01
7.113253734648167237e-01
7.200526135042163434e-01
7.939374050919556502e-01
7.327228796980131964e-01
7.294554673880764284e-01
8.616328000853352986e-02
7.005228455396447611e-03
8.067548000228741412e-02
6.241939522297849235e-02
4.529445248453681794e-01
2.902503576397388874e-01
3.750325177723942138e-01
1.156125906216118673e-02
2.036717001973177010e-01
9.738663425826786790e-01
9.692388838582706168e-01
6.547250150387117218e-01
3.473171127079401344e-01
3.315315244722624177e-01
1.152855026575155956e-01
2.041074039384815075e-01
1.571599131840103192e-01
1.768821383408056280e-01
1.458378658481219725e-01
1.773903533130654075e-01
1.066438889032659959e-01
1.003837413862343367e-04
3.542687372243238930e-02
-2.367199171246416392e-02
9.403311241781013852e-01
9.429648321188079940e-01
7.061289799361969433e-02
4.122277003508711263e-02
4.374156817412839238e-01
4.148870784295348169e-01
4.450019393147242042e-01
3.219079762129951061e-01
4.069990274051632495e-01
4.229718356095631404e-01
7.870565903801937102e-01
7.455551511252258567e-01
8.251986160472759568e-01
7.791069835388785281e-01
7.009320538603239781e-01
7.315907980057008153e-01
7.123648574359136010e-01
7.392267866432213896e-01
1.261818528546603535e-01
1.004086161501185626e-01
4.710904163885416551e-01
4.578274452451596699e-01
2.860127813102661398e-01
4.432163827898464303e-01
2.416751800399907502e-01
2.989700308035712628e-01
5.294669029499863289e-01
4.882838233444996012e-01
1.028082730646293907e-01
7.532264574264863066e-02
1.176153331286657749e-01
1.021206081165955820e-01
9.901956612402038060e-02
1.348464735016364491e-01
3.558334259159842694e-01
3.060349194358188973e-01
4.109950494650733144e-01
3.104020588275843151e-01
6.978891962161452023e-01
3.152697149209674476e-01
3.726626915404642193e-01
3.047187566543583803e-01
3.791466103999393544e-01
3.966714155293332156e-01
2.493273713280576009e-01
3.233939311023568131e-01
1.511170173590430377e-01
1.763828918561378412e-01
1.910157514246907939e-01
2.281938189433297959e-01
2.613854286243948999e-01
8.286583553239812439e-02
1.584630948478489010e-01
1.981542495406004092e-02
4.238789195147184552e-01
4.912871280555360376e-01
3.962483188174777959e-01
4.269606329514351040e-01
6.104113203716347025e-01
6.228093469087534473e-01
5.704800492662596145e-01
3.930625554486567585e-01
5.025480723889412804e-01
6.976012678491169128e-01
7.644801155598027753e-01
9.117427863122273823e-01
8.254429361386793618e-01
2.308867367373519941e-01
4.749990739221624514e-01
3.264890948276852889e-01
3.421520172875049393e-01
8.723617447371054823e-01
8.107452165775956843e-01
8.150359825224674504e-01
8.028099727035123978e-01
7.793402227332184573e-01
8.276546289396384815e-01
7.950557662345423271e-01
8.350571414706327023e-01
8.378979078937272007e-01
6.440327275543012986e-01
7.447940168499072033e-01
7.465869022443203384e-01
3.650131320712889371e-01
4.668587543728016653e-01
3.241052022224613083e-01
3.544211284192269051e-01
3.459864020266605333e-01
4.119060982614887179e-01
3.469343357499506397e-01
3.873240182338285043e-01
4.034490601020098155e-01
2.096357480314290644e-01
2.766865681566886281e-01
2.722914865363071368e-01
7.784634082528644194e-01
8.025198406037731269e-01
3.786347065569923842e-01
3.489504480825363353e-01
3.290274393765057481e-01
3.130503704853327407e-01
9.204292762369526981e-01
8.790088439020836697e-01
3.402411456004042619e-04
-5.616994620327286220e-02
1.232112901225835763e-02
-9.640919581245896430e-03
7.334130972335229925e-01
2.907157796881721379e-01
6.335559538338841890e-01
7.014867692925839116e-01
7.074386396070568850e-01
5.416487819433762896e-01
4.896337666302942870e-01
5.034580320143610122e-01
4.793914262270171367e-01
9.092905567227478336e-01
8.600326873769149616e-01
1.885839718185423064e-01
2.820684295095174376e-01
4.795169761839650491e-01
5.559513274004086458e-01
2.811528329280863978e-02
5.123419229674837372e-02
2.976337318141796251e-01
3.766086107155541263e-01
3.606941115262389808e-01
4.080809007553722334e-01
1.451955535909653650e-01
1.015114756919494321e-01
-3.322115568126014079e-02
1.851738130521105030e-01
6.615499370832364501e-02
-2.448757652662969433e-03
4.004578961469423132e-03
2.273857516086215651e-04
2.790282677995664096e-01
4.128039850807614375e-01
3.422805991578309892e-01
3.754915167577016488e-01
3.013190469837303542e-01
4.002023238868339106e-01
2.967441470746740029e-01
3.345206762601052874e-01
2.978777228989902270e-01
3.886934491330011343e-01
4.808460131200159582e-01
3.590321563188532128e-01
4.623824407205408549e-01
4.257225783608707403e-01
6.053932355869350301e-01
5.582585581589720736e-01
6.024771305741948302e-01
5.556244084977157716e-01
4.371164872806488355e-01
4.398738518987859170e-01
9.575035908623446002e-01
9.630247282672109721e-01
6.184447042169548547e-01
5.598692250257409908e-01
6.172140756495420044e-01
4.991832283820928917e-01
6.035130970502062819e-01
6.028187329374066206e-01
5.657480610024900880e-01
4.240766714006071192e-01
5.329161862688037710e-01
1.652344669747981068e-02
5.930555022425629264e-02
1.327905764562265223e-01
7.388235578884898291e-02
4.109204055319086724e-01
4.440592837205533661e-01
4.363491720834103416e-01
9.021457034606356062e-01
9.098237016748842443e-01
8.815587916280880343e-01
-2.604045296371549495e-02
9.356322593843739710e-02
5.265767415400553209e-02
1.298018024321437487e-02
7.349305112622878111e-02
7.247869971516980592e-02
2.881555895363293041e-01
2.724687874345493865e-01
4.462722908676644562e-01
4.818974918752508274e-01
4.822448206821445815e-01
3.396254156767470889e-01
8.986055682068054828e-01
9.370655700673581334e-01
7.903512240812921030e-01
7.708533970990276707e-01
3.385570207881005451e-03
2.105801160794187887e-02
9.552655237891657380e-01
9.744840703647978941e-01
8.861332233390953883e-01
8.413455164941761044e-01
8.523638049782599202e-01
2.352955787384589381e-01
3.162056134324297552e-01
3.184727412136010294e-01
2.819564466852713114e-01
9.022208451504423188e-01
9.040740615113769252e-01
3.129855364333896106e-01
2.962348236533717261e-01
4.724649262550302264e-01
3.994531090872698864e-01
3.945507336242540797e-01
9.558002256553631559e-01
9.588963220579870272e-01
9.592118472983073019e-02
1.302297145378496501e-01
2.546882886905216803e-01
6.049482413699125427e-02
3.995373783723079053e-01
4.219051075823229136e-01
4.169523674210078856e-01
5.457956856167756055e-01
5.254041855514730575e-01
4.166301197658184852e-01
7.423570205831695468e-01
8.122776735827592631e-01
4.827245284564277150e-01
5.269448368363397472e-01
6.137830589104080747e-01
6.252214111862883783e-01
6.094274206345281497e-01
6.865729353855500872e-01
6.136602451616481879e-01
6.407017528845684318e-01
7.586662306214657647e-01
8.054568111502224959e-01
8.961766597180772509e-01
8.921340739123305719e-01
8.943523313451483547e-01
9.185275920491648982e-01
9.539793294548558622e-01
9.547641665712431891e-01
-9.008232963507314950e-02
8.985379340351675737e-01
8.959020239668640251e-01
9.006313603957598612e-01
3.055252320652925291e-01
3.806452989473059767e-01
3.860182959871225061e-01
3.728965349814258312e-01
3.690887396117353281e-01
3.675254098661865365e-01
3.548757086605631161e-01
3.338798977454955907e-01
6.398418499350212452e-01
6.762511711493928157e-01
6.810092905387294948e-01
5.795236073303074997e-01
6.325978160755689750e-01
6.083649180444842264e-01
4.342104292262077836e-01
5.193584253723795285e-01
2.715592672591251588e-01
3.091733334611039274e-01
2.099533250211062518e-01
2.590932660354613448e-01
9.685925180009107016e-02
7.206457796132020865e-01
7.559592591860586630e-01
7.594159072191126736e-01
5.513289758098289389e-02
4.839375438488316417e-02
1.032646018179700018e-02
5.780864962725027617e-02
5.163673635481164093e-02
9.064688732142756056e-01
8.776074081503369984e-01
9.737670234796461655e-01
9.510329266129790016e-01
8.063743158997639382e-01
8.005741871055837011e-01
6.306595801726240236e-01
5.721882599582752693e-01
3.105464737251191140e-02
6.564985120301881916e-02
-6.610509764467448202e-02
5.922854401399737512e-01
5.568280971662110668e-01
5.195391639822773966e-01
5.112357080319627212e-01
6.841931110277434946e-01
6.924683777825852982e-01
6.491595303311055165e-01
6.127919155991339295e-01
2.835516488666279256e-01
3.819059920991856316e-01
2.917497684540826808e-01
3.198247535636560279e-01
7.416347100654572255e-01
7.828497812154299185e-01
8.004823764516807438e-01
8.342238351396267237e-01
8.244815309118466162e-01
8.335899380586254681e-01
8.497574141798766023e-01
8.972980159744029516e-01
8.349253558597818925e-01
7.855729971654551447e-01
7.948118448734265984e-01
7.964962644156039495e-01
7.140843835488382974e-01
7.151747702894442060e-01
7.247518761721596370e-01
7.051032147287097374e-01
2.819358368265412751e-01
3.636028003332836267e-01
3.651415274181459836e-01
6.518791321632718683e-01
5.829530213978537656e-01
6.534806030553814704e-01
4.192610353011130830e-01
3.555467480053593476e-01
9.033223536464933812e-01
9.248858913509858670e-01
9.237206827506052598e-01
3.242806011249001474e-01
6.622261240478559685e-01
6.251242560540406501e-01
6.761559642067535014e-01
5.292817774421428867e-01
7.712539554066243364e-01
8.132276988005419094e-01
8.079479671821666598e-01
8.087539221969153314e-01
7.381684015976416324e-01
6.430092558422709770e-01
6.962335259869494308e-01
7.302972407455927684e-01
7.013259627490470161e-01
6.954632440724254350e-01
1.857084174959281950e-02
-2.653200771911031625e-02
1.409112812169000493e-02
-2.470554486851328502e-02
6.239394073888765435e-01
6.135272422967839034e-01
6.018727355417702318e-01
6.785380617385048385e-01
6.066924443107560849e-01
6.650536951507750594e-01
2.890266593613677326e-01
2.635375319786856796e-01
3.339326831606641011e-01
4.225263965638488273e-01
-2.199697933399604594e-02
1.342699534332564004e-01
1.571251502597914018e-01
1.668313767600331787e-01
1.627371160028538155e-01
9.155118465379887827e-01
8.343881602388517615e-01
8.962686041103542500e-01
7.484051735173046227e-01
7.042900628662301932e-01
7.100392338849028651e-01
7.202450319018882663e-01
7.201746640802493271e-01
7.508661089555618284e-01
7.284225742612453480e-01
7.480976134564895075e-01
6.820466741211954620e-01
6.331475155598701443e-01
1.345528267894058883e-01
1.661129484363116915e-01
1.182239038787581825e-01
7.314959102027546178e-02
3.834412120738092677e-02
1.389127861999977231e-01
-1.802791588339833218e-02
4.381558064324642121e-02
-3.101876902118108994e-04
3.183746979900081153e-01
2.541733953294308401e-01
3.249906283750417790e-01
2.797615150124904138e-01
2.440945758776296992e-01
2.070729448582221410e-01
2.072790821324489441e-01
1.519709519427114852e-01
1.537882851688180397e-01
1.388518343227889418e-01
8.946717168687896848e-02
2.346098117988817677e-01
2.822016541289465996e-01
1.168746142186630615e-01
1.185054140661718491e-01
3.036736219005649051e-01
2.959346703063887030e-01
2.711126262642262752e-01
2.135299768688896094e-01
2.315750532361799119e-01
2.581345655977290154e-01
-2.502240282294751830e-02
1.876654996249380314e-01
9.083499572739084371e-02
1.220082291769478688e-01
1.785909499092196429e-01
1.037781436963182008e-01
1.893917627251395508e-01
1.080557430935129987e-01
5.680780254054387801e-02
2.082581567366676711e-01
1.583534219921303998e-01
2.651587119593198372e-01
2.152154416079840593e-01
1.375133542049807034e-01
3.773207441559918718e-01
2.468519940826014170e-01
3.642413586304230066e-01
3.814106347459194635e-01
2.495182545742180846e-01
2.319975432868486009e-01
1.220288860654729218e-01
9.341225452745785529e-02
1.323059703662812781e-01
3.171359442251295291e-01
1.593440814971204822e-01
2.565457551464618291e-01
9.357641832670768878e-01
9.353138251822780136e-01
9.392019119797689886e-02
1.649511647807948567e-01
8.400939546943120284e-02
1.136068262107591403e-01
8.986985875056292539e-01
9.102129366907747432e-01
8.616399796811073930e-01
8.384683309254646888e-01
8.035156983020282917e-01
7.259762053658789238e-01
6.429682732969366210e-01
6.487490533435394946e-01
5.456447556645090957e-01
6.456468311158475304e-01
9.105158449618920846e-01
8.128386517926073918e-01
5.222432049666280163e-01
4.444020478973709221e-01
4.161944226379552525e-01
3.986222221703893398e-01
3.263715270704059535e-01
3.886522633037587937e-01
5.289446098273253849e-02
3.796288146645056261e-02
1.407568531876798035e-01
1.280434274016424290e-01
6.986157757707932570e-01
7.563436088486344966e-01
6.577089878456049421e-01
6.516672676910567619e-01
8.198799801400614706e-01
7.350703747941197408e-01
7.567931306310563544e-01
7.860256672268512990e-01
8.363392080549190144e-01
8.284887417568368440e-01
7.102406685006464881e-01
7.086705661637238141e-01
7.165737149808452111e-01
6.912419425292706254e-01
7.592604743628293962e-01
7.081133443108484915e-01
5.391439439807729217e-01
6.400317589953854469e-01
5.884478033466049585e-01
5.156319987180838504e-01
5.243156826926455016e-01
5.251082993726670090e-01
6.622372268947801510e-01
6.259539646775393873e-01
6.254750759652470959e-01
6.997335292836210918e-01
2.222996953620886007e-01
1.263925150295104327e-01
1.535905139998403335e-01
1.660493507556036752e-01
2.250248287524591814e-02
1.042582986093202185e-01
5.847244019978011659e-02
9.201853209595146910e-02
8.402048404793330816e-01
8.263094183579275942e-01
4.364458742372333000e-01
5.495015593850752778e-01
5.327543530941536432e-01
5.043258662561250771e-01
8.804098813288654402e-01
8.433177993558121921e-01
8.956052880783227366e-01
8.761038922687451880e-01
6.113381993516310287e-01
6.348400236840916477e-01
6.115791563574967116e-01
5.918071167637022345e-01
8.095775072669978423e-01
7.014988518110029103e-01
7.650638766673937274e-01
1.824497798418342476e-01
1.217136871747507149e-01
4.977490842420965317e-02
6.784540633169072743e-02
4.712474787322155217e-02
9.147456765234139586e-02
8.956603035786450118e-01
9.252888812833864884e-01
9.355659837534974210e-01
8.782707742911667337e-01
9.196692629125977625e-01
8.856837558030111746e-01
7.715987233143182245e-01
3.264455644704922221e-02
3.126375817770683449e-03
3.479313302268839669e-02
-2.517625188645587417e-02
9.184384228024297103e-01
9.144563378101105977e-01
9.336735838432087542e-01
6.246277329718027405e-01
3.233869530204935283e-01
3.083899249943454213e-01
1.959375843354421720e-01
1.833054523142291781e-01
7.111344452031557184e-01
6.168505425255920160e-01
6.783097781409460625e-01
5.497815199159232780e-01
6.069029275675922319e-01
5.824453150896167219e-01
6.590141798328704725e-01
6.711768212510574871e-01
3.041181249246915907e-02
4.405228907546560047e-02
2.574651146351290554e-01
3.027244969650810247e-01
9.034852204618567528e-01
9.136021630556651063e-01
9.337674810026083128e-01
6.655454896188545133e-01
8.170445739199195812e-01
8.463558095353237443e-01
7.110758234448181225e-01
7.027848474632675257e-01
2.862618897049128974e-01
4.935354923164816388e-01
7.436084639229439963e-01
7.165853044304337782e-01
6.656238119874107184e-01
6.346201330613556735e-01
6.805589493356165587e-01
7.240053588714013832e-01
7.032905121680448068e-02
7.246924957704589110e-01
8.014010598578134026e-01
5.044921142564772198e-01
4.766630530934471977e-01
3.743345172765932261e-01
3.901759217508062316e-01
5.237099033450667157e-02
-2.543468569158810130e-02
5.679439120945898312e-01
6.197469688151708844e-01
6.445783918942606938e-01
8.216454238024324397e-01
7.313271971252732762e-01
6.956356584199724358e-01
7.330798416362233061e-01
3.718678119118298264e-01
3.697194145244454000e-01
3.562877936002228352e-01
3.660706767365007330e-01
6.079755131210899943e-01
5.904095211810657107e-01
7.561581895901227091e-01
6.486908720643619342e-01
6.420615656966872642e-01
6.098375952013548318e-01
5.593146376232938088e-01
5.456494936697419140e-01
9.446941582156894723e-01
5.709532491375622909e-01
6.654563440122297502e-01
5.584501926838487673e-01
5.160166847750544683e-01
4.945366805455216896e-01
7.902433498650023314e-01
4.720826895110025179e-01
7.253539707610465737e-01
5.994711916946259267e-01
6.915400048814501766e-01
6.875674421114489343e-01
6.955029163907875400e-01
7.209230279336447111e-01
8.425526870840952531e-01
8.845456004540717121e-01
9.756183571863600301e-01
9.551571297077853240e-01
5.513762790941049152e-01
5.779828372895620126e-01
5.714427608435790340e-01
6.022582441013670795e-01
6.541140965487146630e-01
6.178593843502652172e-01
5.601279225434130371e-01
5.293314044394663576e-01
5.007467730612722434e-01
4.955711830204214130e-01
4.804285444812809724e-01
5.320689406747726169e-01
4.627167212470028046e-01
4.932594906937889934e-01
4.843368176579958551e-01
4.772784751317747931e-01
4.626560967630494736e-01
5.172982058098199998e-01
3.900287100358404424e-01
9.485754394017510416e-01
9.176924863017157374e-01
8.495688227356026356e-01
9.132597755122070504e-01
1.140347282254861212e-02
1.598134363138657421e-01
1.552693429491955324e-01
2.155675685939731079e-01
1.622703898790686106e-01
2.599422887343622590e-01
2.858898213896147178e-01
1.927575337870714167e-01
1.821593379724292527e-01
2.998961988963545489e-01
1.173584290622333159e-01
8.979320098812563211e-01
9.383462710631649273e-01
9.515513382920177676e-01
3.184233804178623339e-01
2.973443992936044555e-01
2.310178078475820240e-01
2.193713465083556025e-01
5.736950108447604890e-01
5.923959631956179361e-01
5.245647738212539934e-01
5.156835826786496657e-01
6.113156396732479791e-01
5.988774659551741042e-01
7.205596100522824177e-01
6.523127210699625200e-01
7.356287551592092244e-01
6.840765457800955796e-01
4.962664479179358934e-01
5.782011045861504828e-01
4.938125464236363671e-01
4.823342984433679481e-01
7.253143052779256195e-01
6.280030705647161593e-01
6.932962176287009726e-01
3.459508742014961169e-01
4.773884278143967763e-01
7.536521203645628608e-01
8.250291930100633886e-01
8.336906466361914125e-01
8.186275448393651732e-01
4.379044399753082017e-01
5.281551628666570908e-01
4.853609402890410873e-01
6.085238720903385357e-01
5.664115426661019415e-01
5.535513974405337212e-01
8.831025557360853151e-01
8.647445831280430317e-01
8.776893992208494311e-01
4.955075721629976782e-01
4.730405143282215841e-01
4.745213951217959747e-01
4.432982590136950729e-01
9.887772944054727675e-02
1.206132903930879907e-01
3.483841354377459343e-02
4.539704215672051707e-02
1.533828621427071326e-01
7.585585413759923790e-02
5.735865184561108471e-02
1.776552118916000511e-01
9.504191079857852997e-02
2.058829978069138048e-02
9.233513069573522081e-02
7.625993227195303203e-02
2.703496866597513565e-02
1.526963829890858049e-01
7.730245330924840896e-01
7.601666150741576145e-01
6.378218103203919798e-01
6.710059203451176346e-01
9.778358795902948319e-01
9.673965418295471519e-01
9.838588634506005848e-01
7.124735441548439852e-01
5.046431455894105911e-01
6.786206619953433217e-01
3.872616985073807916e-01
4.834102289522954066e-01
4.497456619657880794e-01
4.084518792383834973e-01
9.850908982206156850e-01
5.321348602781177384e-01
5.166204831417248178e-01
5.744449334808332530e-01
2.915671938845280642e-01
2.887381907308094187e-01
3.757412961003609997e-01
7.989293569012645424e-01
2.529704924341126815e-01
2.818989724317211842e-01
2.678990763677643883e-01
5.464092992861201425e-01
5.573656121779303474e-01
4.955110525101187324e-01
5.956245213828332830e-01
6.943099300917220384e-01
5.813252612764474581e-01
7.239391195576254656e-01
6.662224662875990688e-01
7.180187464370564321e-01
6.633091954991425787e-01
6.416572891947398549e-01
1.104673506779354775e-01
5.032475880456462741e-02
1.984564194123440706e-02
3.025870845414593141e-02
1.585829316535387057e-01
2.444478801533511714e-01
3.698960671478583873e-01
3.059558686764006219e-01
4.662958969682809984e-01
3.567929189341038088e-01
6.970052707388082469e-01
7.346638987978137969e-01
6.860179212753551026e-01
3.584756344765649416e-01
4.150351872854511348e-01
-5.093502896223479903e-02
6.383725012098545593e-02
1.369336399085438749e-01
7.087705220532886097e-02
1.805561085803815413e-01
2.103948316443416677e-01
2.060631433807013080e-01
6.634413500920570694e-01
6.581907046317191368e-01
8.998602488144207268e-01
8.725905970426913738e-01
8.612192995219737357e-01
5.281421970834582202e-02
1.039060259631815752e-01
1.433405921972136926e-02
9.027421531299782698e-02
5.521486873305860715e-02
2.593566776539883989e-01
6.824862301098820749e-01
7.107508912798566891e-01
7.255150329801880460e-01
8.377758491385031703e-02
1.373431231278224030e-01
3.032028411940717594e-01
3.351524667583393735e-01
3.062443845895008732e-01
4.592406683908704657e-01
3.097622737417735639e-01
3.281154514069724026e-01
2.378276185166957463e-02
2.018097117894106923e-02
-6.604789109244663461e-03
4.002131194587958685e-02
3.536519701499334922e-01
2.916278008443690672e-01
2.963931288218654148e-01
9.168457828934133136e-02
6.389327793471163974e-02
7.576271311860166557e-02
1.064495672548601279e-01
5.380954375607600870e-02
2.733076387193467474e-02
6.299222332762234311e-01
2.251368681346171408e-01
1.834300079274556183e-01
5.324193747444342373e-01
5.889350346560651150e-01
6.009276797268012782e-01
4.862984953030247137e-01
5.484711080289429441e-01
-4.614349499413460121e-02
1.380916693572164511e-01
8.916721871298832758e-01
8.843068388135111313e-01
8.817163834683393597e-01
8.482253719686311255e-01
8.779288649216943075e-01
8.357150754413252836e-01
8.487315114374858194e-01
8.260285804525155928e-01
8.413072159998754573e-01
2.590486661536466340e-01
5.244829449113322384e-02
8.019956497382313421e-02
7.004967289403946085e-02
9.325704183150859694e-02
1.574918745727666228e-02
-5.100702803143959685e-03
5.462740680529768605e-03
4.846734069467336647e-01
8.815037166558848947e-01
9.406072984200017917e-01
9.198607236730010905e-01
8.549583038792273326e-01
8.563539920691853879e-01
4.681639208132828966e-01
3.584998340522105864e-01
6.717877713174892351e-01
7.782836617433371851e-01
7.768907310324507653e-01
2.090738636304265707e-01
2.668030713962604716e-01
7.577259172927740538e-01
6.667992306064984831e-01
8.813750775451485442e-01
8.650299690195711877e-01
8.793023547124191319e-01
7.603583138123237717e-01
7.272826018879688936e-01
9.849226675126979136e-02
1.055609155911235719e-01
1.561764144289332860e-03
2.837723172751446289e-03
-1.123096766378310456e-02
-4.307172701250455704e-02
2.728483655047870271e-01
1.788701124315548452e-01
2.285404400801689384e-01
2.289873831981642238e-01
3.376145884423050192e-01
3.939542522005189951e-01
3.582680463005632476e-01
8.070721059630312499e-01
8.442098052442092992e-01
8.297919998985823220e-01
8.220096955399962546e-01
8.145163674733846282e-01
5.239108951808839343e-02
2.171714288850262742e-01
4.136952127438226490e-01
4.046405222009135660e-01
9.157906601997435336e-01
5.130314242883984299e-01
4.753270145609531094e-01
6.174050576842012722e-02
9.098871692943583112e-02
6.358388878218583784e-01
5.778675340936166860e-01
5.895808353900304777e-01
5.678017062618938571e-01
1.633707071017866108e-01
8.370614764547835707e-01
8.645301616561109626e-01
1.108282740068299299e-01
2.181011059809634389e-02
1.218461184797236044e-02
-1.298437609356276057e-01
1.994928612198302309e-01
2.275671664965719654e-01
8.242474702435899081e-01
8.462708667807689045e-01
8.613479287280433327e-01
8.531688190854036513e-01
2.428802766240542033e-01
3.817529234666667826e-01
7.244530009969263329e-01
7.171155966065120291e-01
7.200696977604424953e-01
7.707401253846523081e-01
2.240747946580184669e-01
7.819903773395936453e-02
8.939749633755113278e-02
1.687581339876183806e-01
8.298265205298214209e-01
3.361079972140356698e-01
9.123217413517307195e-01
8.834190019993279908e-01
2.868058249679323324e-01
5.094779158791288946e-03
4.472301297566069062e-02
1.869307469866318960e-01
1.889941709224670918e-01
4.252059417960957211e-01
1.217670936522618902e-01
9.636459053309976985e-01
9.520909470019378595e-01
8.402429653569009060e-01
8.614215537365791375e-01
2.218240368020613362e-01
1.974515520723441053e-01
9.192022280329160688e-01
8.851501412072949604e-01
9.105985741523462407e-01
2.637997314019527306e-01
3.089498108521897546e-01
5.352563966634399373e-01
4.479854233124271889e-01
3.309526629865617853e-01
8.305872334071984220e-01
8.581648865417738081e-01
3.516076079538432708e-01
3.543697534743727173e-01
4.694979497901926035e-01
4.632955312599068565e-01
4.338923863368201461e-01
5.394034807935832454e-01
7.425808553361051834e-01
5.790949502880967659e-01
5.078829785745855308e-01
9.638220731357879378e-01
9.439885809466747046e-01
9.661571266108170963e-01
3.637728065394720822e-01
4.554892002766909309e-01
5.802651242301741785e-01
5.709037671143164516e-01
6.320973278080366242e-01
6.141744444296316496e-01
5.304061980615869532e-01
2.369237898908118367e-01
2.489421120979583013e-01
2.014150518899561482e-01
1.835563341443897101e-01
5.579914994859729305e-01
4.616567594458665935e-01
4.306367029242941791e-01
4.377786103959136477e-01
-3.053918147358859400e-02
5.854737277132447681e-02
6.286645809219480741e-02
1.374622481539465937e-02
2.723300495572993918e-01
2.496818288674027275e-01
5.594538071444466604e-02
-3.572998755443735491e-02
5.609076211617536334e-02
1.183669824817804306e-01
5.315532194671519495e-01
5.334164181421237050e-01
5.595671555030781730e-02
2.829168112386050080e-02
9.051824334076626899e-01
8.844884890957531720e-01
6.813921471456513279e-02
4.655475712743514100e-02
-3.972789339363034383e-02
7.538277306002690026e-02
1.989779988007386868e-01
1.778947389445885707e-01
3.056909379688174111e-01
1.084750245596345780e-01
9.369075022033090949e-01
5.167846861419755217e-03
1.923576776141449896e-01
1.893587619734253269e-01
2.681157710763988344e-01
2.404600691284679570e-01
5.305051278102856926e-01
4.515549570131475732e-01
1.831974224317491629e-01
8.133789226272034600e-01
8.511158020712431549e-01
7.238739095933740542e-01
6.859122098266882128e-01
4.299671802772529472e-01
2.816729039644461086e-01
2.346217412076206932e-01
1.812338855200850973e-01
2.505643162166978910e-01
1.161841017976329021e-01
4.347200436099479814e-01
3.325947494940219018e-01
8.806307426873888344e-01
3.049001862265547924e-01
2.697065498997381905e-01
2.798811520112868823e-01
4.450024227110557229e-01
4.019304371013765476e-01
2.333525472691814484e-01
4.979037759007822750e-01
-3.093129605639219695e-02
4.571330660638510228e-03
-9.993642270545256834e-03
-3.932727683117454541e-03
1.030349298834853065e-02
1.179662920813807220e-02
5.364918206577899973e-01
4.569702377616347011e-01
4.457412343482655692e-01
7.655472339126141446e-01
4.070298282196796458e-01
5.673095541498993644e-01
5.540021345399317454e-01
5.732718023844632915e-01
6.067123653428910801e-01
6.477807805833136756e-01
6.607895360152189479e-01
5.665170249370079514e-01
6.034769973158088385e-01
8.569226056808034730e-01
8.338670772242859908e-01
3.077841501080367803e-01
1.714670883713012850e-01
1.360502820809858238e-01
1.741975506431824028e-01
4.432552327035596540e-01
5.079588529320893109e-01
3.416682785166912373e-01
2.020074451665870574e-01
3.479120282606921744e-01
8.285669071856732737e-01
8.041126470082484712e-01
8.561378224366856804e-01
8.259275010002663509e-01
8.260162849634236082e-01
8.931709729824575117e-01
8.616197290067383330e-01
4.214432048309605383e-01
8.323679408786064382e-01
3.543072001308730234e-01
3.216428313030911257e-01
4.415947452586058697e-01
9.180613408657059549e-02
1.887024778122370905e-01
1.212708114200028164e-01
1.265841119332777043e-01
7.012347632352822213e-01
5.947767221012580929e-01
6.577877768848420237e-01
4.625968686368671090e-01
4.583746643129426035e-01
9.358033724212421189e-01
8.851165965895931853e-01
3.749225778367871187e-01
3.287353187359260409e-01
3.615112247605992146e-01
3.505860321706908977e-01
9.385884194508406497e-02
1.147844627901920406e-01
4.891809980407814673e-01
4.113837890593542990e-01
8.873877354430413922e-01
8.789534899175238669e-01
3.050498787755424046e-01
6.718753281755438511e-01
6.408518375926178789e-01
9.670758994189513347e-01
9.457579271481740824e-01
8.431592386192928723e-01
2.047407872488250236e-01
1.567594061170936304e-01
5.616542518877425394e-01
9.623658500009325545e-01
9.761923856514458375e-01
2.293861387974521771e-01
2.062805352598319764e-01
2.054202779355679964e-01
1.952285191896033500e-01
2.309881254791434080e-01
2.503790552448652562e-01
6.615014256608972021e-01
7.066550002374418771e-01
7.141998584179739540e-01
7.103325486498378583e-01
7.279681081503790452e-01
7.696277307405616774e-01
7.752444379962976084e-01
7.246031977124286483e-01
6.452638282067533204e-01
7.230277706099093038e-01
5.861138345588703391e-01
5.516369895817569979e-01
8.816944348721925673e-01
8.667700854340861794e-01
9.451699278597310849e-01
9.571155116569336485e-01
1.520048691329595192e-01
2.002207691578577475e-01
1.658526769315269989e-01
1.404138716594150182e-01
9.109681930577938624e-01
9.441142710162715446e-01
7.542113520286541917e-01
6.639830406736062507e-01
6.075319263147379578e-01
5.957850591748830027e-01
5.373136408412848564e-01
4.608650426102468556e-01
4.456938619268581703e-01
4.236837157663175812e-01
5.637698373152247866e-01
2.355188666507765927e-01
2.134856678393767804e-01
1.792518353067203418e-01
7.922521963826766322e-01
8.327862337696706474e-01
6.134593066721339971e-01
6.140124832436230085e-01
6.613757044313771649e-01
5.450889739735358397e-01
5.520781366322998762e-01
6.362073167319478584e-01
7.989152565132302541e-01
4.623807348507974480e-01
4.849553363119277760e-01
3.061163069867128481e-02
9.508237704099860022e-01
9.515854363932586546e-01
7.087009979193329423e-01
6.569285510695366259e-01
6.401076700485056614e-01
6.566658540584179304e-01
9.615894562313754834e-01
9.482870835242874774e-01
9.349176241300842793e-01
5.604327390157733124e-02
-1.113714014018522304e-02
2.256053767780972219e-01
1.850101198562429383e-01
1.788849904871756269e-01
1.981398305248558700e-01
6.947768319677001259e-01
6.192254449976980490e-01
5.477839081073933025e-01
4.606611936275277208e-01
6.918515639977715903e-01
9.747051000247259900e-01
6.109011968857779307e-01
6.804805736985359843e-01
7.145169293843923741e-01
7.059384614060172369e-01
7.015444732950775197e-01
6.594896653597713820e-01
2.767611803327552078e-01
1.470645413332924145e-01
-1.463547590491739298e-02
2.339629235603511367e-02
2.395993389662063322e-01
3.404383340516162204e-01
4.605594341441918704e-01
5.280400785414396392e-01
3.980765328117227830e-01
8.743715124495954338e-01
6.107612300017644102e-01
6.622444590316660662e-01
5.615237406645502416e-01
6.103238366268549653e-01
2.258849349597860656e-02
7.751438062668593032e-01
7.043094804027654199e-01
6.050159351231753080e-01
6.246727428621278166e-01
8.641132924139679483e-01
8.321501367542193384e-01
6.166372314842615276e-01
6.567442614585405902e-01
1.330529159264768058e-01
1.007850520985970749e-01
6.681181105688835387e-02
6.277457915227159513e-02
5.789560202430495128e-02
8.325090204663885274e-01
1.639154787981176309e-01
1.346058634027314793e-01
1.608435916638130680e-01
1.609705255405574353e-01
5.994291830492228801e-01
6.426121687295762719e-01
9.570526468275530885e-01
7.479360570323168034e-01
6.968396419653878349e-01
7.508610034675562428e-01
7.621032242197645079e-01
6.389320689435512568e-01
6.685164866691288843e-01
5.808709029140699531e-01
4.753557850687479269e-01
4.955070174782029713e-01
2.649627741592200034e-02
1.408954665845907062e-01
6.111005332479714502e-02
1.173658753650970304e-01
1.044120102813581724e-01
1.069765913219010989e-01
3.499507438388173020e-01
3.599389386370626664e-01
3.359096643686956263e-01
3.622197362008002242e-01
5.043344284456070525e-01
5.435336979107748823e-01
4.039185654382593249e-01
4.483717123411957717e-01
9.525236466625320864e-01
9.626483934718205182e-01
4.497314177598241702e-01
4.410059167971170369e-01
5.152219536108213482e-01
4.510377972872146590e-01
5.555489591009099559e-01
-1.054680116308176485e-02
5.993212762220417877e-01
4.998553167192018032e-01
5.154219241611919244e-01
5.778946583633690626e-01
5.381426675612503985e-01
4.959129999181750570e-01
5.237240711033516183e-01
6.390832040864233843e-01
5.539586004791526852e-01
5.222611114597669468e-01
5.311646694179154027e-01
5.525906327048603073e-01
5.327573420776258173e-01
5.335034277152163051e-01
6.892395861577202965e-01
5.214797636297282546e-01
4.978927348532780628e-01
2.827408780961055412e-01
3.165890754925753114e-01
4.150046185886374639e-01
3.834135464410910465e-01
6.096997682310847377e-01
5.125862310514636144e-01
4.555552394385477544e-01
4.979896002069131855e-01
7.077281083828010910e-01
7.699464936829584216e-01
7.179476232890628085e-01
6.711143784017843394e-01
8.448954354965437785e-01
6.063867766328846498e-01
7.432168697394631041e-01
4.436206721678515041e-01
5.005485693333439068e-01
5.426608421494026890e-01
5.189513113897660235e-01
9.440393197769760825e-01
2.024167021960795454e-01
7.958636694192050554e-01
7.920409910195266301e-01
5.794120202683437082e-01
5.914530026487161418e-01
4.597088709627931147e-01
4.703690619584692256e-01
5.697491920493729101e-01
2.424796379775063238e-01
2.973671663231640672e-01
2.258673465754122145e-01
2.782084981499694520e-01
1.885047151215843708e-01
2.228514864337094448e-01
2.568585240919348811e-01
1.107108641628272439e-01
5.623561313940862449e-01
4.498046952719416680e-01
4.854247954613492566e-01
7.227426773539190608e-01
3.564318226508929044e-01
4.519118444765476972e-01
7.833644723430116530e-02
7.346473212943880338e-01
6.934945557823866125e-01
8.670752389760096879e-01
9.730772842310991821e-01
9.726210786093461014e-01
2.273839361524592484e-01
1.665181594853190061e-01
6.478670049150572763e-02
-1.047014043881460722e-03
4.669173405928631060e-01
2.917574662054885359e-01
2.217713513052916030e-01
2.785522452493178203e-01
9.693589664344166579e-01
9.440972724451087705e-01
8.151145272341983605e-02
6.334225899791975367e-01
6.497721370852462819e-01
7.832027434386549247e-01
4.611373059915757078e-01
5.262613293013487237e-01
7.849781506820202592e-01
1.341768798855017264e-01
9.488930815718768508e-02
1.881875048422490537e-01
3.075113445034732829e-01
3.344581247880280550e-01
3.544862010386823359e-01
1.192947386536045012e-01
1.687968880992266330e-01
4.250851007793682995e-02
-9.717215936181167191e-02
7.856414189240024104e-02
8.320765621349552471e-03
7.234945428779626653e-01
7.050290972688338931e-01
6.550936536566834834e-01
5.768397017510095148e-01
5.761914438364778013e-01
1.129746930164587763e-02
1.409349650951049471e-01
6.561068776398732982e-01
5.708412357273437987e-01
9.856466069187195395e-03
2.505571792022855127e-02
2.069260076115119612e-02
9.811944096320553976e-01
9.740172951460783768e-01
9.878934708856779157e-01
1.122750449368933867e-01
7.391963788554807291e-01
7.643152661250610658e-01
9.421823914286973911e-02
1.445745156794757402e-01
7.535638004277034341e-01
7.729260414819503211e-01
1.067820686815333375e-01
9.987194361081934701e-01
9.714526123342566155e-01
4.591528595056403872e-01
4.489183048496865336e-01
1.046868794762168681e-01
6.119555294243854693e-01
6.719103589748984806e-01
2.221644923389369808e-01
3.318269388608049431e-01
7.644313256347529117e-01
7.386056386851326261e-01
7.707871691841768902e-01
7.504710808590465687e-01
9.079282042554780441e-01
7.049645316364926417e-01
9.716422430991795978e-02
4.245726254252639442e-02
1.931418022831351416e-02
1.675701657970315728e-01
1.292660838498604081e-01
9.587343505101567631e-01
8.242622040246407877e-01
8.236333688936086084e-01
7.813007661705352325e-01
7.790550813543611897e-01
6.325903777852243115e-01
5.041634144581844806e-02
2.745913234551068394e-01
2.231610761053525460e-01
4.682722698743823075e-01
3.420869856901125328e-01
2.030885850857630792e-01
3.109711568273166860e-01
3.444820598747805884e-01
3.098763208545710635e-01
7.654542321836157459e-01
7.135960338431714955e-01
7.328369738847402282e-01
7.874887141253167355e-01
7.335945842114954818e-01
9.523816889751673953e-02
1.229192193312696191e-01
2.774647754069479652e-02
8.451421311947650283e-02
3.686229146000968293e-01
1.335319325978607530e-01
2.899909652122034665e-02
9.664899856122234345e-01
9.898484162592576796e-01
2.732805544984823198e-01
1.935170471653422375e-01
5.168089547987148036e-01
5.249621205740139240e-01
7.505665132608894952e-02
2.089076852056617750e-01
2.632831574610946523e-01
1.842058116167134552e-01
9.783399870847054869e-01
9.894643772146012317e-01
1.410856037037135358e-01
1.055123411187744789e-02
1.318128118972537732e-01
4.904787247937804351e-02
7.347232979455361468e-01
8.249987339033735267e-01
8.068788187938352729e-01
8.150599659997460611e-01
8.152118360826503540e-01
1.971215432279207480e-01
1.486790482059682228e-01
5.518723185172327295e-01
5.599881389019397693e-01
5.197113770772987529e-01
5.471072586135986571e-01
5.464640905831870121e-01
5.225143014624411553e-01
8.219954257677630771e-01
2.253128903451938336e-01
1.525186953144927748e-01
7.093380905737406428e-01
6.996940551235322214e-01
2.770558257936017732e-01
2.852042556631398385e-01
9.171917354561461844e-01
8.867816480142053370e-01
8.548685146083347119e-02
5.110753399121162888e-01
3.544515087810895526e-01
4.152838007602386861e-01
8.805791930208956009e-01
9.106415432312027214e-01
1.402057399768160961e-01
5.416350780564171269e-02
2.528155407209339844e-01
2.399523080375691730e-01
4.070312493396757714e-01
3.086471640539898975e-01
3.543068105697185222e-01
8.846444455555118047e-01
8.944160145308247545e-01
9.010387598015682231e-01
9.257076404509850809e-01
9.703941865709989067e-02
-4.103849935506389407e-02
6.533964430671629353e-01
7.396331016104235045e-01
3.371800942466302575e-01
2.198168777091846215e-01
8.244201365312068264e-01
8.578280769055250943e-01
9.650288616116829976e-01
9.736848127298532996e-01
8.538209362273279091e-01
-3.208291849118995002e-03
-1.710888232793411753e-03
8.790936556949291436e-01
3.267932465690449040e-01
2.123179942313432600e-01
2.963447572628025717e-01
3.051198424158473310e-01
2.326599146834456844e-01
3.332459629363471176e-01
2.911657462135309182e-01
4.247331864750969466e-01
1.487457285740510227e-01
3.886689640577494775e-01
4.140092829372181704e-01
3.379139518519524432e-01
3.427929868817576331e-01
8.134230367426669162e-01
2.794261135859063550e-01
2.750444936042697464e-01
8.116357087343037957e-01
8.310607431440470982e-01
1.222835274078114542e-01
3.973531920340685891e-02
1.076059309279352311e-01
3.437362526699184323e-02
3.230695005947485654e-02
5.589603046841694345e-02
4.761841623903372844e-01
4.483283519209398382e-01
2.015621432265549684e-01
1.821035019482353245e-01
6.431672644542061335e-01
8.408022864181220468e-01
8.875193719750620325e-01
8.600187226008202401e-01
4.673225360049272636e-02
7.929122416921551356e-03
1.896513454985317704e-01
2.411516216254717682e-01
8.643974213479903579e-01
8.924787990804861071e-01
2.280450195579265260e-01
2.597112964679100799e-01
6.751744838743635180e-01
7.099713624395309619e-01
-5.393175030825340249e-02
2.365265387069933473e-02
8.229182550799957196e-02
3.501749466879550826e-02
6.961966956571284948e-01
6.869849239093316351e-01
6.729814860083918049e-01
6.625885278031765635e-01
9.407953046079834403e-01
9.323137182744588580e-01
-3.778761219486800882e-02
5.062869083357157685e-01
9.161722489425255800e-01
9.040225220317167354e-01
3.894390565084778627e-02
4.973599222158102406e-02
7.845945242635015138e-01
7.809494256736595474e-01
7.721117169862977692e-01
7.547971000862448987e-01
2.552379203192010615e-01
2.679410643037253847e-01
3.989816107033042902e-01
3.919706821955824538e-01
7.909294904104573476e-01
7.547852982361070717e-01
7.658689271546396116e-01
7.396575695096950787e-01
-4.392371079498180036e-02
6.525859233681313709e-01
7.014194024984353737e-01
5.539654516288426978e-01
1.456896603846435587e-02
4.110076644591145051e-02
7.793229636040677200e-01
1.406092344834231345e-01
2.425659701548119329e-01
2.323948662624613914e-01
2.436701674785095029e-01
4.911224436516849479e-01
5.733973870135223860e-01
9.678973594732330765e-01
9.722514649476882154e-01
6.140696600378691139e-01
7.288534250909329826e-01
7.114838245925575455e-01
6.423914781216275571e-01
6.225180814050479405e-01
6.668401583280074707e-01
8.154950549870981780e-01
7.092371076276090536e-01
6.685915245525734241e-01
6.242024588994051770e-01
9.578636772178363845e-01
8.645423893399169224e-02
1.578516026733136068e-01
4.273832934878098178e-02
-1.203955131108199947e-02
2.270829858966016412e-01
6.918564900842180121e-01
6.665502884381161453e-01
4.909450926817728045e-02
7.084516820711290741e-01
6.380048846545456342e-01
8.977409047244404583e-01
9.183089139229968501e-01
2.757071646304499746e-01
5.230727929998278958e-01
5.815834959595121978e-01
9.097532508868539924e-01
2.955967020684309721e-01
2.991378273808668609e-01
8.329664475426981074e-01
2.656998208224914393e-01
2.451240055493304204e-01
1.885083292415769551e-01
9.431682770566364171e-01
7.871257444777578494e-01
8.001660089678224175e-01
8.427360780720131173e-01
9.681119779320424001e-01
9.792337146104038714e-01
4.805558599243254236e-01
5.318060551317310702e-01
3.271979375977435156e-01
3.201344976984986102e-01
3.433566840637218842e-01
3.789341966380403992e-01
2.159944953885048757e-01
2.563894099730488763e-01
1.253898710278123219e-01
2.712041318356990804e-01
1.934515800600108693e-01
6.762266130174344747e-01
6.054518253718218501e-01
8.205513437143344690e-01
9.555417135257011640e-01
9.568260505471097854e-01
5.036427478504614808e-01
5.974856571194291366e-01
1.421486916955057578e-01
3.502930970623303608e-01
4.788769738502852147e-01
2.883631507682739570e-01
4.807813172745737940e-01
9.405975226745028062e-02
-8.774616457049546486e-03
5.576656062509485201e-01
5.283860034843657072e-01
7.653235241072843253e-01
7.074869496837009608e-01
7.211465456098539173e-01
7.364760923774895662e-01
7.363692837107986833e-01
7.238874235240003729e-01
8.451524265426020588e-02
2.096110200240841256e-02
4.426707013549679437e-01
2.742524208140001418e-01
3.072345010969644852e-01
3.188572504215833048e-01
1.792949370875612236e-01
8.257125136660384834e-01
8.135367177500950620e-01
8.017472182217819654e-01
8.366446786440129291e-01
8.163273863347061399e-01
8.085792490229759544e-01
6.951120342844837596e-01
6.505263124199587299e-01
5.331804098527778701e-02
-4.822322705831931511e-02
5.606761575659321289e-02
-9.438461912934724765e-03
3.875666032744907175e-01
2.767385200774891141e-01
4.162796033057130640e-01
3.815106538941882564e-01
2.222902565956502985e-01
7.149488251131751182e-02
3.221071493684723682e-04
3.665658654788379045e-01
3.747614969259416839e-01
3.907745540127766648e-01
9.506839319702029556e-01
8.896648914969854660e-01
9.116724158639801789e-01
6.916408546932184542e-01
7.571822091962502332e-01
8.418061061404170653e-01
8.676482386009726211e-01
2.947686262848141503e-01
2.749021760078386722e-01
3.374496419978552098e-01
7.863876803883839139e-01
9.106625579168173834e-01
1.985701448150034576e-01
2.076055614422255002e-01
3.543619821560470284e-01
2.861886442948297637e-01
3.678546439036748383e-01
9.338839140514310078e-01
9.336929048176472179e-01
8.926508575284374247e-01
1.518142623370393463e-01
9.202646932604300334e-01
8.669933728152730001e-01
8.364417530009966573e-01
3.676262104525969132e-01
2.986734334931698265e-01
2.340519179658175630e-01
2.396985034324229658e-01
6.589575421650302189e-01
6.286520470304084451e-01
9.726985997313758459e-02
7.111582741817980280e-02
3.237842077726297840e-01
2.490704572325092292e-01
6.816972234995496427e-01
6.689444508153258306e-01
3.052092863257317990e-01
2.974387525586467684e-01
2.742322157993412612e-01
2.288529681458884579e-01
6.062158077263977152e-01
6.652021531160120515e-01
5.245639401978773320e-01
6.834647260342064934e-01
5.809166041731614882e-01
7.567783956408604684e-01
7.734997899260757093e-01
2.763437720272237663e-01
2.823696976283739946e-01
3.924314550637253984e-01
3.704011321879790430e-01
8.451121346374373955e-01
6.134119280429625731e-02
3.250030269767244240e-02
9.571019285417563527e-01
7.853535636206279147e-01
7.968301301310576346e-01
9.754762884776213561e-01
9.719842304245042142e-01
6.880423913502848876e-01
7.445790771091014282e-01
3.160951001129803095e-01
5.998765102445686725e-01
5.074174160253319688e-01
5.812477236531359281e-01
2.923416077473996455e-01
2.880430989083632709e-01
7.920895956970865071e-02
9.066305039071075045e-02
5.628066497607657481e-02
2.591890997975836858e-02
9.841944499146423331e-01
9.077090289459770200e-02
2.209893692145943611e-01
2.124517788341349356e-01
9.686541810781370554e-01
9.801345085770691856e-01
9.821387287987071169e-01
5.733042666747726335e-01
5.133424274647614416e-01
3.085567545691730862e-02
4.365821026701294585e-03
3.152747709844198054e-01
1.871792911422194838e-01
2.839212419569666079e-01
3.251665837878240928e-01
1.440055937395723906e-01
2.567618036188881736e-01
1.396284316221310662e-01
2.738874933731421102e-01
2.942210729409901471e-01
2.397944270454765159e-01
6.862163085115019490e-01
1.280536659833221569e-01
1.439204008571745297e-01
9.254418499010450549e-01
8.616114820028415444e-01
2.825571000624574891e-01
2.437763877466722628e-01
3.524258103761334637e-01
6.561921790815208322e-01
1.751611783247876419e-01
1.664887176806660873e-01
2.938104622124732002e-01
3.018381047660437244e-01
9.929840590585173876e-01
5.412676632042849878e-01
2.683288548984288369e-01
1.228185027825750564e-01
1.277932172552142531e-01
9.224718769803451346e-02
6.945323633821164355e-01
6.031538790661249427e-01
7.134654800871419456e-01
7.144642471313236154e-01
1.668168465323273397e-01
3.048621277335810120e-01
1.686701156252928824e-01
2.290381753322530134e-01
1.329690971240453656e-01
1.962050059053536688e-01
8.248746729276082434e-02
3.215267485740679054e-02
4.903964427474531984e-01
4.853659010199171120e-01
6.387050129393757603e-01
6.941854243800050783e-01
7.420756942614058493e-01
7.031562112268072706e-01
7.089938661616396187e-01
3.925322053720190496e-01
1.753941238139958558e-01
9.523362240162663861e-01
1.921970654274331447e-01
2.610757600707274695e-01
7.532218580584959522e-01
7.399185645395878197e-01
6.946791392734984472e-01
6.954007094858268845e-01
6.923796161581819986e-01
5.276539795995045523e-01
5.339671277771491642e-01
9.810458974180390479e-01
8.442153834456168904e-02
1.301519131936225426e-01
9.913527728521286386e-01
5.572480588649378896e-01
9.478808967833358690e-01
7.768208459832571799e-01
2.369370158341341515e-01
7.403617372257682572e-01
4.185424661865425056e-01
