0.000000000000000000e+00
0.000000000000000000e+00
0.000000000000000000e+00
0.000000000000000000e+00
0.000000000000000000e+00
0.000000000000000000e+00
0.000000000000000000e+00
0.000000000000000000e+00
5.091537364959498902e-07
1.366680892232683034e-06
7.005986032197601851e-08
1.196149460951051267e-06
0.000000000000000000e+00
0.000000000000000000e+00
0.000000000000000000e+00
0.000000000000000000e+00
0.000000000000000000e+00
0.000000000000000000e+00
0.000000000000000000e+00
0.000000000000000000e+00
0.000000000000000000e+00
0.000000000000000000e+00
0.000000000000000000e+00
0.000000000000000000e+00
0.000000000000000000e+00
0.000000000000000000e+00
0.000000000000000000e+00
0.000000000000000000e+00
0.000000000000000000e+00
0.000000000000000000e+00
0.000000000000000000e+00
0.000000000000000000e+00
0.000000000000000000e+00
0.000000000000000000e+00
0.000000000000000000e+00
0.000000000000000000e+00
0.000000000000000000e+00
0.000000000000000000e+00
0.000000000000000000e+00
0.000000000000000000e+00
0.000000000000000000e+00
0.000000000000000000e+00
0.000000000000000000e+00
0.000000000000000000e+00
0.000000000000000000e+00
0.000000000000000000e+00
0.000000000000000000e+00
0.000000000000000000e+00
0.000000000000000000e+00
0.000000000000000000e+00
0.000000000000000000e+00
0.000000000000000000e+00
0.000000000000000000e+00
0.000000000000000000e+00
0.000000000000000000e+00
0.000000000000000000e+00
0.000000000000000000e+00
0.000000000000000000e+00
0.000000000000000000e+00
0.000000000000000000e+00
0.000000000000000000e+00
0.000000000000000000e+00
0.000000000000000000e+00
0.000000000000000000e+00
0.000000000000000000e+00
0.000000000000000000e+00
0.000000000000000000e+00
0.000000000000000000e+00
0.000000000000000000e+00
0.000000000000000000e+00
0.000000000000000000e+00
0.000000000000000000e+00
0.000000000000000000e+00
0.000000000000000000e+00
0.000000000000000000e+00
0.000000000000000000e+00
0.000000000000000000e+00
0.000000000000000000e+00
0.000000000000000000e+00
0.000000000000000000e+00
0.000000000000000000e+00
0.000000000000000000e+00
0.000000000000000000e+00
0.000000000000000000e+00
0.000000000000000000e+00
0.000000000000000000e+00
0.000000000000000000e+00
0.000000000000000000e+00
0.000000000000000000e+00
0.000000000000000000e+00
0.000000000000000000e+00
0.000000000000000000e+00
0.000000000000000000e+00
0.000000000000000000e+00
0.000000000000000000e+00
0.000000000000000000e+00
0.000000000000000000e+00
0.000000000000000000e+00
0.000000000000000000e+00
0.000000000000000000e+00
0.000000000000000000e+00
0.000000000000000000e+00
0.000000000000000000e+00
0.000000000000000000e+00
0.000000000000000000e+00
0.000000000000000000e+00
0.000000000000000000e+00
0.000000000000000000e+00
0.000000000000000000e+00
0.000000000000000000e+00
0.000000000000000000e+00
0.000000000000000000e+00
0.000000000000000000e+00
0.000000000000000000e+00
0.000000000000000000e+00
0.000000000000000000e+00
0.000000000000000000e+00
0.000000000000000000e+00
0.000000000000000000e+00
0.000000000000000000e+00
0.000000000000000000e+00
0.000000000000000000e+00
0.000000000000000000e+00
0.000000000000000000e+00
0.000000000000000000e+00
0.000000000000000000e+00
0.000000000000000000e+00
0.000000000000000000e+00
0.000000000000000000e+00
0.000000000000000000e+00
0.000000000000000000e+00
0.000000000000000000e+00
0.000000000000000000e+00
0.000000000000000000e+00
0.000000000000000000e+00
0.000000000000000000e+00
0.000000000000000000e+00
0.000000000000000000e+00
0.000000000000000000e+00
0.000000000000000000e+00
0.000000000000000000e+00
0.000000000000000000e+00
0.000000000000000000e+00
0.000000000000000000e+00
0.000000000000000000e+00
0.000000000000000000e+00
0.000000000000000000e+00
0.000000000000000000e+00
0.000000000000000000e+00
0.000000000000000000e+00
0.000000000000000000e+00
0.000000000000000000e+00
0.000000000000000000e+00
0.000000000000000000e+00
0.000000000000000000e+00
0.000000000000000000e+00
0.000000000000000000e+00
0.000000000000000000e+00
0.000000000000000000e+00
0.000000000000000000e+00
0.000000000000000000e+00
0.000000000000000000e+00
0.000000000000000000e+00
0.000000000000000000e+00
0.000000000000000000e+00
0.000000000000000000e+00
0.000000000000000000e+00
0.000000000000000000e+00
0.000000000000000000e+00
0.000000000000000000e+00
0.000000000000000000e+00
0.000000000000000000e+00
0.000000000000000000e+00
0.000000000000000000e+00
0.000000000000000000e+00
0.000000000000000000e+00
0.000000000000000000e+00
0.000000000000000000e+00
0.000000000000000000e+00
0.000000000000000000e+00
0.000000000000000000e+00
0.000000000000000000e+00
0.000000000000000000e+00
0.000000000000000000e+00
0.000000000000000000e+00
0.000000000000000000e+00
0.000000000000000000e+00
0.000000000000000000e+00
0.000000000000000000e+00
0.000000000000000000e+00
0.000000000000000000e+00
0.000000000000000000e+00
0.000000000000000000e+00
0.000000000000000000e+00
0.000000000000000000e+00
0.000000000000000000e+00
0.000000000000000000e+00
0.000000000000000000e+00
0.000000000000000000e+00
0.000000000000000000e+00
0.000000000000000000e+00
0.000000000000000000e+00
0.000000000000000000e+00
0.000000000000000000e+00
0.000000000000000000e+00
0.000000000000000000e+00
0.000000000000000000e+00
0.000000000000000000e+00
5.176405706369859533e-07
6.489045664150317315e-07
8.026815628304894276e-07
9.671119384618118107e-07
1.133924198717566463e-06
1.292624812073350223e-06
1.404461146341624633e-06
1.464261285748537587e-06
1.487149411629153316e-06
1.481396658431500676e-06
1.441155514604808472e-06
1.231448650121591214e-06
1.126616866223477493e-06
1.023707920826191885e-06
8.882411120279554509e-07
6.808997935102091370e-07
5.578153813040240284e-07
4.469791602543424144e-07
2.944011449272734999e-07
2.020722139265047444e-07
1.590869455799998411e-07
7.230987916812697558e-08
6.039410678910509726e-08
1.037970714427771086e-07
1.333676165002850451e-07
1.939825159890732372e-07
3.122600512324604546e-07
4.306624232169858275e-07
5.867592462277317023e-07
7.793898457151264253e-07
8.803029316916975926e-07
9.904364207095493922e-07
1.100948121492670237e-06
1.256097491909144426e-06
1.288766578536021448e-06
1.288315169981275265e-06
1.267605783870468717e-06
1.201541578114185657e-06
1.100697890316464081e-06
9.260779040099096619e-07
8.325661456953290175e-07
7.263376687010257377e-07
6.369727842090378379e-07
5.503449524328775181e-07
1.197623277397207871e-06
9.883261900032657947e-07
9.051982500497111301e-07
1.106460143518289149e-06
7.069762928618588206e-07
1.196209034067603849e-06
7.934873455346392000e-07
5.103649917494192539e-07
4.908785842804664368e-07
8.342090810218508080e-07
1.047754418841047370e-06
9.079409766499893761e-07
8.016542033631946863e-07
6.359904193024594816e-07
5.275723989587555031e-07
8.453302726134803348e-07
8.809968376046164341e-07
8.346263645448680738e-07
7.225742179990974258e-07
9.691058396997865074e-07
1.404046497992260585e-06
7.037227322813758896e-07
1.209025550831390073e-06
9.342827188387847374e-07
7.124199550674436402e-07
3.703076820170619906e-07
3.172716621723494749e-07
6.979446164675615290e-07
6.220180043908924897e-07
1.166360688220924064e-06
5.574180446523358298e-07
1.240357428734684361e-06
2.776322053912004031e-07
3.157071282590004642e-07
4.283339855658647290e-07
3.578375702520809290e-07
5.955609482655900046e-07
6.808772789689029546e-07
4.878095512866013643e-07
7.020226260452312738e-07
4.315195580070430526e-07
5.832402915668358481e-07
3.766319187070951908e-07
5.210417769138804659e-07
1.049886127702214526e-06
4.269949004179130603e-07
4.110913508942307189e-07
9.986104587572998521e-07
3.091694703001797331e-07
4.449820643636924169e-07
3.012900396207673679e-07
4.781905614745635421e-07
1.397065373874309737e-06
5.262918883178654744e-07
1.250829326145985733e-06
6.825445447517080068e-07
6.502695242417185657e-07
8.004021616149058952e-07
5.155981826534970964e-07
6.140225156529248714e-07
1.030754449415102029e-06
1.275809500259321122e-06
1.100819233242326283e-06
7.943982379200218063e-07
5.339465013928192583e-07
2.227932547074894012e-07
4.603464269900026542e-07
1.562474900666307749e-07
8.209210934084105039e-07
1.128110502776149024e-06
6.083466766694845486e-07
1.308010145160382798e-06
5.937340612085834755e-07
5.015515352858878579e-07
6.008757607172781832e-07
6.874520777121580864e-07
1.137505459757306871e-06
1.073126550771435581e-06
1.077591034847950438e-06
8.845022736712493105e-07
9.539111387500445468e-07
5.486845665585902303e-07
5.972556157386616637e-07
9.671151069269237999e-07
8.744931529054031421e-07
1.298856707114154357e-06
7.760444504605397032e-07
1.059640535736835827e-06
6.271718374623673507e-07
1.076976781859374822e-06
4.137835701215128815e-07
5.271697881284667345e-07
3.743727349078190503e-07
5.052774060020831145e-07
4.655836120813023952e-07
4.545337234560422608e-07
8.685273231245946681e-07
9.011168758710258485e-07
6.848929089389641869e-07
9.938957948650909637e-07
5.516243187233065855e-07
4.974920501357599674e-07
4.819480299018269211e-07
6.088511677507483834e-07
9.075982241859562539e-07
3.133998331708678439e-07
2.600660347762740765e-07
8.400868187996701987e-07
2.980254858369756049e-07
2.350031784463035001e-07
2.937507409667111101e-07
3.834689029397157351e-07
1.260716313820985250e-07
2.080264104226403680e-07
1.642184224931366434e-07
1.499365012838541783e-07
9.224931591649424297e-07
7.192615132780254151e-07
5.011445440879680430e-07
1.123300931386247655e-06
2.581787323610979333e-07
4.028953346404292793e-07
2.219400984054290104e-07
4.109515549366720978e-07
4.821477909286955424e-07
1.264408346252011055e-06
1.462470055213681088e-06
4.171148730743470488e-07
3.335703054440912048e-07
4.259493150099074028e-07
2.943717885536908088e-07
4.031356121777799994e-07
3.233620183435865468e-07
1.141085597435766395e-06
2.984423318805677785e-07
1.243047152820336741e-06
1.337545849770023769e-06
7.100701740982223649e-07
9.452446159143440329e-07
1.184066829984632893e-06
8.476074302455513564e-07
4.519339300750421028e-07
4.188857148566647486e-07
8.441231496430314201e-07
2.779869344410148096e-07
2.158298268110980229e-07
2.326985001640933610e-07
3.270947589506520236e-07
3.428353960138203414e-07
2.778374277182014483e-07
7.955878199763334485e-08
1.089791908822963056e-07
1.311451321561565462e-06
8.767459917742126530e-07
1.095901188023517480e-06
1.136420205909274580e-06
5.574351181767619783e-07
3.969728110905970755e-07
4.466266564881979369e-07
6.416289710180039848e-07
3.568660322037151803e-07
1.364092277656526167e-06
3.543369958514997624e-07
4.220489736027497876e-07
1.233159707827485923e-06
1.168345004517322499e-06
8.640790303051736566e-07
1.242357908806740381e-06
6.252530911518048806e-07
7.706944852114373087e-07
1.152294201250656739e-06
1.101550801194283214e-06
9.926081218168954677e-07
2.238839912032278891e-07
4.037860037695695585e-07
1.717564145723414190e-07
3.749655708084985591e-07
7.249533591407026002e-07
4.847990905174067749e-07
5.719138680887114474e-07
7.970113075457668241e-07
7.712265580546511077e-07
1.945157998626004384e-07
6.768892209482235243e-07
1.476825225420173354e-07
4.003733107729127675e-07
4.274354632568618158e-07
3.268951651797037899e-07
4.447658553463199328e-07
6.504058517488030621e-07
8.036765389217023383e-07
5.437366516442796748e-07
8.248331263336459789e-07
6.188988740644877499e-07
6.596063903700761020e-07
4.184337537975596890e-07
4.152140744650525659e-07
5.264283198392021010e-07
9.583840245279976388e-07
5.151453362128124481e-07
9.583066095302107990e-07
2.384160284516396661e-07
3.127823435764643673e-07
2.005837963825882048e-07
2.590085581096272903e-07
6.280160749872512386e-07
9.532299523217434048e-07
7.954908956093918740e-07
9.028360427281950111e-07
1.776212606065947204e-07
2.169278242727794619e-07
2.771916943293318229e-07
2.166533798751681785e-07
6.407934459894297858e-07
3.924442282712770417e-07
3.681210097589342126e-07
6.700958138780806260e-07
1.124824851184286898e-06
5.041565037988738862e-07
5.233057424045393404e-07
1.082126416143844285e-06
3.659647239517573574e-07
3.234592484368900496e-07
4.475425014637521425e-07
4.200452041178645014e-07
5.582527698069654287e-07
1.189830950231965332e-06
4.083978119524793158e-07
1.396552743031932605e-06
1.130949446844574065e-06
2.643134672605111693e-07
2.674167777248161019e-07
1.031183736773550350e-06
2.363300613972301119e-07
5.887087583455440633e-08
4.527799776640634854e-08
1.621094808634743664e-07
4.201880978905379737e-07
1.283099957283419340e-06
3.088089158125973046e-07
1.460387353106330371e-06
2.074246470366209495e-07
2.867928953926732070e-07
2.052689160687775629e-07
3.164828924373240580e-07
3.702920500069807037e-07
7.151124106260212557e-07
6.741037855836883922e-07
4.157438722929359745e-07
9.375541601648572585e-07
7.532576531907775148e-07
2.157127293460843384e-07
1.338983123579846505e-07
1.652947824317646444e-07
1.625241415761936482e-07
7.588566562175191724e-07
8.695259477669676805e-07
9.468998399095584184e-07
7.214779204638121052e-07
1.143257779494975109e-06
9.986556044467948037e-07
1.047058174283721733e-06
1.049966020367764222e-06
5.161839250466901015e-07
3.941761670673470262e-07
4.402783468044836282e-07
4.604290653599861412e-07
3.961095683646852040e-07
3.425110750065781072e-07
8.008594519367490951e-07
1.252240372156918963e-06
3.606923467022752507e-07
3.003638425644729582e-07
9.857522247923898626e-07
5.874561123301688096e-07
6.840333633796657249e-07
9.924521740519724274e-07
1.247850002759104840e-06
9.797013182962144440e-07
7.517584546542165971e-07
1.356980071841229407e-06
1.198268414835407856e-06
9.589644642221446598e-07
1.422221303959518077e-06
6.027846146752077182e-07
7.876862202297711143e-07
1.246100253007848593e-06
2.512449665841789103e-07
1.127453448838005947e-07
7.930619137419656437e-08
2.057357520448724807e-07
1.085120878981053386e-06
5.366692319799607563e-07
3.669635442020307415e-07
1.285939842369917865e-06
6.776633068573081679e-07
4.613073398897848987e-07
5.251503718508029154e-07
7.614453941995177107e-07
9.919106326110197192e-07
9.928515282174752698e-07
1.147967948212502828e-06
7.813113166538520576e-07
9.773514805184069496e-07
1.091600020265987113e-06
1.232898953913048362e-06
7.558186855984396252e-07
2.763522662537547365e-07
5.445464309354926306e-07
1.429808735710193114e-07
4.707609999011228688e-07
1.179119099609846782e-07
3.262816501308660980e-07
3.499344565681211196e-07
4.335763983525703756e-07
5.020786091896501904e-07
1.032520832666201403e-06
1.166953059820148422e-06
1.362373955531535981e-06
7.766876642930465578e-07
6.237353522024900812e-07
2.682172339860920638e-07
2.066864248380220303e-07
5.670681484869770425e-07
7.777471801704381967e-07
5.789389515190259246e-07
6.699497433779095276e-07
6.960803562764623336e-07
6.282234756981858616e-07
1.221562779638561897e-06
5.294404016252360798e-07
1.331256148733325154e-06
6.338049106153784303e-07
6.766944476650895204e-07
5.265163638346143005e-07
7.445568404868642313e-07
1.020678714360899456e-06
8.008581421049051588e-07
6.525184566496757859e-07
1.102464135263303637e-06
6.369549755476679360e-07
4.378237268259356880e-07
4.949438718050692642e-07
6.562904664180774687e-07
2.441013139427044918e-07
3.000610493856071386e-07
2.597418356132454558e-07
3.534833463607090606e-07
1.070726532090316846e-07
3.213174443113970787e-08
2.950173529055485644e-08
7.251437591926445652e-08
1.202864549526975404e-06
7.861537654228091823e-07
4.528012571431823817e-07
5.854777852240301934e-07
1.426637803363992126e-06
8.389333854925007484e-07
3.433529500412652430e-07
4.039423974691480070e-07
1.013346985555433994e-06
4.184697386463901818e-07
3.108026371245019721e-07
2.960491057245586964e-07
3.018484111003013794e-07
3.455670480573533176e-07
8.224656794043208819e-07
3.902226348534504217e-07
8.632067759074484848e-07
9.546688209742985020e-07
8.818014195581161835e-07
6.988650023677398690e-07
4.286774251435575006e-07
4.185485355251764997e-07
7.074194034601080547e-07
9.349728282761123610e-07
1.160079744128752310e-06
6.510270826585114479e-07
1.146552254608379909e-06
6.607587274095644480e-07
1.062824685089110710e-06
5.898982272321744660e-07
1.049686860210379760e-06
4.812461210478489531e-07
3.103522416215216476e-07
2.194435866236074370e-07
2.916254372798807452e-07
2.011996838708754589e-07
2.632331240980027296e-07
8.034646056478109287e-08
1.253414584843865418e-07
1.031290141508618827e-07
9.380986898403371237e-08
1.366725998596253436e-06
7.816405548411544339e-07
8.579749112107691402e-07
5.314194267484489653e-07
5.738148374387005428e-07
9.082834831081163040e-07
1.035622593790303751e-06
9.019746323508981059e-07
1.166561747651898178e-06
1.022313481823347181e-06
3.788297340133965666e-07
5.156209676394141816e-07
3.360054808830195830e-07
4.462936226169448293e-07
6.976900679938792120e-07
1.152188426055130731e-06
6.028147551320663328e-07
1.213311565233617632e-06
1.041728363878803660e-06
1.768222704698859888e-07
1.521429090353682862e-07
9.151878250337126818e-07
5.679608974647420268e-07
3.297605926432523178e-07
2.800856196402350463e-07
5.899835087851437036e-07
1.332606502352612017e-06
2.510484680532796060e-07
2.716831266023793575e-07
1.202455434660446242e-06
5.641886152596661326e-07
6.848347333193916550e-07
4.811162941451131148e-07
7.011975938808907692e-07
1.041693392857089215e-06
8.008444115598426972e-07
2.042277818035457402e-07
3.230774181690703266e-07
1.556909290573856830e-07
3.120919629173726353e-07
1.909239750126602158e-07
1.331290303479535678e-07
1.188255585290861002e-07
1.943661436292168606e-07
1.279146905531349656e-06
6.981227549042248152e-07
1.176725075662357640e-06
8.940230702260195985e-07
5.187985748428847379e-07
6.626895159424934556e-07
4.419598269185691404e-07
6.402118336358215417e-07
1.260801280223121076e-07
2.479816703030671683e-07
8.416474588120049713e-08
1.872843959715149754e-07
5.297108904415257663e-07
1.209474047630010195e-06
4.850246848582109059e-07
1.309548869587645251e-06
8.795681453785854802e-07
1.759199147565824103e-07
7.876820240759502743e-07
1.254983529748551783e-07
5.967694974363938540e-07
7.434231733425757437e-07
7.669024979924626513e-07
7.121658989253946121e-07
2.561300914061488741e-07
3.296557274305849235e-07
1.930649298042051309e-07
2.430718526693257660e-07
1.961826870690641615e-07
1.575765927184169609e-07
1.823560180983359535e-07
1.100526140172778729e-07
1.463469069660145635e-07
1.287680683155348744e-07
1.634450109362801787e-07
1.263298928772723401e-07
1.280671225376513016e-07
1.822885336723198804e-07
7.399653096545617084e-07
7.432620140383443343e-07
8.349934768749188576e-07
6.021874621887032434e-07
9.217121056045195518e-07
1.240633526311115934e-06
6.714033664487336745e-07
5.853632493809088390e-07
6.587723257205286879e-08
2.311633932218172225e-08
9.653236577897609422e-08
2.581636115050051988e-08
1.815597150006644620e-07
2.291280957765331899e-07
3.025114180677527715e-07
2.217862712302322126e-07
3.081405269160692102e-07
3.633989619590670054e-07
2.669040676404188710e-07
3.650764670630701588e-07
1.036610986986639640e-06
1.156012108876699757e-06
1.184351808798815949e-06
1.047070755936932158e-06
5.326553548034031680e-07
4.504014207737961749e-07
3.356010924511716277e-07
3.851784426976998989e-07
5.178347717204990041e-07
1.027747721539952289e-06
3.410112920762146838e-07
3.098530452430063606e-07
9.572098484224314882e-07
2.446967624217838885e-07
1.453241391176660393e-06
2.115919786571691416e-07
1.272825443436684007e-06
2.712552740161139191e-07
1.268918086333242880e-06
8.495237812347348034e-07
7.569140273654778450e-08
1.259866804499247167e-07
1.009695913657671260e-07
9.072430391840149454e-08
3.990895825346009020e-07
2.721269086650439440e-07
2.586048097292442550e-07
4.229258356922749142e-07
3.425438564717216021e-07
3.069115868041960784e-07
2.681886230664879066e-07
3.327063560613877426e-07
1.473431783800549197e-06
2.542836518045780483e-07
1.279020274397106002e-06
2.083033193582427134e-07
9.478274558360879222e-07
4.171857235256866882e-07
3.836581535261106453e-07
9.345224218122967884e-07
4.836293372177185171e-07
8.721697814366326269e-07
4.919415858769078809e-07
8.599925525589987645e-07
6.520408526930844190e-07
1.171325787777900617e-06
1.097811044535907088e-06
8.071719655342324962e-07
3.424764933165511056e-07
4.482511437154720785e-07
3.088874681528181725e-07
4.171832829161237586e-07
8.845308865632993344e-07
1.314837980590734983e-06
4.807073525214263859e-07
3.545993699133376271e-07
4.053941308605485279e-07
5.793864081321812336e-07
3.473222324504725686e-07
6.398888277462718148e-08
2.399507312055850931e-07
4.930045791193346020e-08
7.986686821545823227e-07
7.800878005560037087e-07
2.961200964221644616e-07
3.880368875632302796e-07
2.426396576514212039e-07
3.043129651250538917e-07
1.071817825305804963e-06
1.096254143838351898e-06
8.615490479734275935e-07
5.583834388715703058e-07
6.699104008949077422e-07
8.668929321351104344e-07
8.618829724484345089e-07
5.445514015085228364e-07
6.467082086168055903e-07
9.161113550851713937e-07
6.089513296089554514e-07
3.146693000214991254e-07
9.944744121199298075e-07
1.151588593714942535e-06
7.582799076261079789e-07
1.305880196570029259e-06
1.308225939224713548e-07
1.687175689194419661e-07
1.261832583211355701e-07
1.044964570522012260e-07
1.879587188807044179e-07
1.674781518878955415e-07
1.386509453047114745e-07
2.364931570548957678e-07
2.018261137780751842e-07
7.113898185834164097e-08
5.398255379449003191e-08
1.489774184787355627e-07
5.841048310330172357e-07
9.569375681736800926e-07
5.456578545588015464e-08
1.745751177472206832e-08
1.927032033051049836e-08
5.367558070359666802e-08
9.120977808278354900e-07
3.791225831254975882e-07
3.048368471470094165e-07
1.122409511685680506e-06
1.143684610386809694e-06
4.315792508718450666e-07
4.101747310728442864e-07
1.081196594715780374e-06
1.358521887152932097e-06
8.277840348902714781e-07
6.372453063981269104e-07
1.216181395829378723e-06
1.060955882164624595e-06
6.902444387828656725e-07
8.740795135279153319e-07
9.787917599720661474e-07
1.210084630027201835e-06
2.089172196198982212e-07
2.364772458058664537e-07
1.089609084001271013e-06
3.574845625455176207e-07
2.714975736406169471e-07
2.627161131049626761e-07
4.044210236273754627e-07
9.015811613481138456e-07
5.874649736110275267e-07
8.642412299833094044e-07
7.253208020716328716e-07
5.416332673573120667e-07
6.364494028906952849e-07
6.943743762657709688e-07
1.379223940361778449e-07
5.905492773247026971e-07
1.076521800416498090e-07
6.194801117497044326e-07
1.267858779700426410e-06
1.449338488761308449e-06
4.182637144184736238e-07
5.529846312631592497e-07
3.399432560690671899e-07
5.660630672873236700e-07
3.019350594503215053e-07
1.666993964510552980e-07
2.120820179571638682e-07
1.864721293383383592e-07
2.453218153914365254e-07
6.828864696071539562e-07
4.910844736945354124e-07
7.536877378352160611e-07
4.522200986048800386e-07
1.423773005464539594e-06
3.906313326584724669e-07
1.268615160806969089e-06
5.334257135826158825e-07
9.610310890978564491e-07
1.199552321638125049e-06
1.393045406754391268e-06
7.004030783143185149e-07
7.348000612600603419e-07
4.997418113606239647e-07
5.916738821539625353e-07
7.413486795845727776e-07
3.459219595970034084e-07
1.150662916952945521e-06
2.617400758237190740e-07
1.351953883378457110e-06
2.154658401430090794e-07
2.036177167579448204e-07
2.318734441826861309e-07
2.619880473704911936e-07
4.811783042409700872e-07
5.823791023805146517e-07
4.135937575458439755e-07
6.764469886217323262e-07
3.297796785244990291e-07
4.175338051071844417e-07
3.003027970476822281e-07
2.538979929562141564e-07
7.069358432790589859e-07
7.691460315720485488e-07
1.245097364445664392e-06
5.411983160733474761e-07
7.268262552130738095e-07
1.057041654468729093e-06
2.347038225915584116e-07
3.657610418036965498e-07
4.141623108439970349e-07
7.478139610992785011e-07
7.484546353035139149e-07
5.783364862290795716e-07
1.025331073122730109e-06
5.367296366001435084e-07
1.034206495743726200e-06
4.703671356859935403e-07
6.316169107947364464e-07
4.102717780947470125e-07
5.788091233942910059e-07
4.348302160106021784e-07
1.773378465873908726e-07
1.234171562047581012e-07
3.470368981594064521e-07
4.684480419173067480e-07
8.156723241007271039e-07
6.227814698688223443e-07
1.720353610318672895e-07
7.199352436928027553e-08
5.101677162685629081e-08
1.177967814398429069e-07
5.756008834921257911e-07
3.807242815309456643e-07
6.105788621080444588e-07
3.717348688907451784e-07
1.203815667037360500e-06
8.194962673916848272e-07
1.041811587485270174e-06
1.031371261051882487e-06
9.588186182181010529e-07
1.127565576180507033e-06
8.938747174807826849e-07
8.847667545172986696e-07
7.191542104814352659e-07
1.013929168441151356e-06
4.856103275140498304e-07
2.478435254593482468e-07
1.738706070542551199e-07
4.180417844092791892e-07
9.592752515212555816e-07
1.159400673200214526e-06
1.284166499782579930e-06
7.265924365000209582e-07
1.226895644890145160e-06
4.617470379270471873e-07
5.032568179391490135e-07
1.157256480217901784e-06
2.090959756098692513e-07
2.480564040500357624e-07
3.207369691378807266e-07
2.554741594774495458e-07
2.731982633056010006e-07
2.317829766525340099e-07
4.719313005361870183e-07
5.269747495347477632e-07
3.924858902454689928e-07
5.437012633775603904e-07
9.689120848757119488e-07
4.795351075068436607e-07
4.616964028517468274e-07
9.468401017730027666e-07
1.334315905026818619e-06
5.841300551598398994e-07
7.203709535664345434e-07
1.213064020770111565e-06
1.097108699207267004e-06
6.054456550146415731e-07
7.286740172333771508e-07
1.081624414361508782e-06
8.633949704634744391e-07
1.093673480295057730e-06
1.206241718985376528e-07
2.036385139613170097e-07
9.100805559551786022e-08
1.820143073291521128e-07
8.772110894211758414e-07
6.071153743504537945e-07
8.193274768138306004e-07
7.658463201977301374e-07
1.055015690598171930e-06
4.958689768577437819e-07
4.964535986512096805e-07
1.023961981045528343e-06
7.810411925336066633e-07
1.237805403044737360e-06
1.437951417518066196e-06
2.495546260422890796e-07
3.383617938483071093e-07
1.234304404955271128e-06
5.379440446632941006e-07
5.590031022192864462e-07
4.355309526697273474e-07
5.988883965453573352e-07
8.220006233349981015e-07
6.880446596386839371e-07
6.686442546569417702e-07
2.121748238846891722e-07
5.749084429478288264e-07
1.544686755251580093e-07
8.643063337461177867e-07
5.402200337943451322e-07
6.105664278105031723e-07
9.155723591365496186e-07
1.111046561558715907e-06
1.110782297891449097e-06
7.544223579291338675e-07
5.135104982284268960e-07
8.296282804628523983e-08
3.523338820358307831e-08
4.002858467064623097e-08
1.222363907288694643e-07
1.431225103392634773e-06
5.837973968115460820e-07
7.966407927126367503e-07
1.103932502333041691e-07
6.870889861704766250e-07
9.222604834029394819e-08
2.339844792927559243e-07
2.432929340229371284e-07
1.590752221922412722e-07
2.043976709755964772e-07
5.109859838845091110e-07
3.344888703150326262e-07
5.630534736814005791e-07
3.287576609424798712e-07
4.742907527793854770e-07
3.419450075759722476e-07
3.836018768470711659e-07
4.762579802317787959e-07
5.985519813400024751e-08
3.686887184576309998e-07
4.860454054244102479e-07
7.607206705969344196e-08
4.893942805709274485e-07
5.231491735712890877e-07
3.515387518312085244e-07
3.459007699622003418e-07
1.335934338217518787e-07
3.064645431863854260e-08
3.701827438428016282e-08
2.038488773286199496e-07
6.202169936852497887e-07
1.148173604155593217e-06
4.645054797888727334e-07
1.342427572481351583e-06
6.785472560493638593e-07
2.223136471074966913e-07
9.827668874071723263e-07
9.285762121671977303e-07
5.854392183359600564e-07
1.387322431477313219e-06
8.570492286495610529e-07
9.345195871926764014e-07
3.701231601332007051e-07
2.819868800361367124e-07
3.180371697959816448e-07
3.121363822468354520e-07
8.180762319950096199e-07
1.310717633654780096e-06
7.395003628710130992e-07
9.630053506613301441e-07
6.008613225215503990e-07
9.516875948889435299e-07
1.800719501312297590e-07
1.205788139166816811e-07
1.156906246638413062e-07
2.072101676204490242e-07
1.064465091491301168e-06
1.098109464352037208e-06
4.558862309351404911e-07
5.446126178088995981e-07
4.036010164069680642e-07
5.700884206168539449e-07
7.450421743393176445e-07
9.904292137903106044e-07
1.114416083858459079e-06
9.543544866633750151e-07
2.442041190645082714e-07
2.543861852451859901e-07
7.593729928145621019e-07
8.896493328510897465e-07
1.098848366500782897e-06
7.944036447656572776e-07
7.176326076533344405e-07
1.183722738654652383e-06
5.190732749006634405e-07
7.272754316373817389e-07
4.461058213846202413e-07
6.435856295152774925e-07
1.267553360877998305e-06
9.519717173892414461e-07
1.206483097045770060e-06
1.009386359262521545e-06
1.327661726855044800e-07
1.461760996597200945e-07
1.261934629586656218e-07
1.567812451684082501e-07
4.725921940813986386e-07
7.969019262249441516e-07
4.590664687466821413e-07
7.410087328199147595e-07
6.047120922892658129e-07
1.086541142236694305e-06
5.619830120997390569e-07
1.125643852340532560e-06
3.319723940695493223e-07
2.573689701975569390e-07
2.993396534943240780e-07
3.894015634844820254e-07
1.059479826625737661e-07
1.239815201595113758e-07
1.697915225548702163e-07
1.371097040332905916e-07
5.862436294221672255e-07
5.516825925674817997e-07
4.930023825386511664e-07
6.440704452773946569e-07
3.504201665275733632e-07
2.728385121145704197e-07
3.238006343507174838e-07
3.016379334047042550e-07
5.430775111753550774e-07
9.015268408470664302e-07
5.165342142802496058e-07
8.774737349404973958e-07
4.834848610336998840e-07
8.539651365194903368e-07
3.844358924129095507e-07
4.561503400311346886e-07
4.035430621175862411e-07
1.932277952869502902e-07
1.343136300941938774e-07
3.337034813314827489e-07
6.822085376244941573e-07
7.591683319523200643e-07
5.610229874967497375e-07
8.175596820155073546e-07
9.792486852265103528e-07
1.114520777391033359e-06
1.174372975147342485e-06
1.421996651892348815e-07
1.706603307916085112e-07
1.033687850884411793e-06
8.257759500725662650e-07
2.574537429149349076e-07
1.932140629381515492e-07
7.468515788151323108e-07
1.063765873696211598e-06
9.307403155140985603e-07
6.663745228212176028e-07
1.007257994107189859e-06
8.374353340722594028e-07
1.075663279884214750e-06
2.627263096933231245e-07
2.194641010080798553e-07
2.058647496065275903e-07
2.771130479620503994e-07
2.233461126912654705e-07
1.938115427124407039e-07
4.016504721182591583e-07
1.134150159660606100e-06
1.034347712560090008e-06
8.919792779646621018e-07
1.180198112999902357e-06
1.259085757190379808e-06
8.852218811928235323e-07
2.416883888863720868e-07
2.003146323148200368e-07
1.407331187037342725e-06
1.837368206043256171e-07
2.339070062960133717e-07
1.244455653181020544e-06
6.786950028409585936e-07
1.247910664937328018e-06
6.311240782513662111e-07
1.226415132616412415e-06
1.112142511476229512e-06
9.664266599856604862e-07
1.052587701714823230e-06
8.396686336146184539e-07
2.719090355182854291e-07
2.072623635912476715e-07
2.117735061505634505e-07
2.338405986274926021e-07
1.486981289417681802e-06
2.215013840221429328e-07
1.293756313784376681e-06
2.254922567651650894e-07
5.697964869400888256e-07
6.203428581708442684e-07
4.746423588294138126e-07
6.695234227184143308e-07
3.410495751695125150e-07
9.008876643823305145e-07
4.108205182524420185e-07
9.301504429260269384e-07
1.042888524509125044e-07
1.390817094796094612e-07
1.024880634651685656e-07
1.511951387967656671e-07
1.050273253312479760e-06
2.834400084711446911e-07
2.383362474286661893e-07
1.242463858085582451e-06
3.856428899481381370e-07
1.442704683426482057e-06
7.450297840263905876e-07
4.358133845310066780e-07
4.114688058121485016e-07
7.672886612550897925e-07
1.138772998807670157e-06
9.749795458809905013e-07
3.374923428744067876e-07
4.434394797401535044e-07
3.881202374650848505e-07
2.940386357375139458e-07
8.680209405826016573e-08
1.149874741590246338e-07
9.050918080930023457e-08
7.258039064558425681e-08
5.988450535674174653e-07
2.070908448703152107e-07
2.566623400358094708e-07
2.542107670468862127e-07
3.251001669382178301e-07
5.716113588078886669e-07
9.612588366333620893e-07
5.373639924833247993e-07
9.471958183909158514e-07
4.451297862765828668e-07
5.416508777416727833e-07
4.342359859056279303e-07
5.606305880744884747e-07
3.974632289398652405e-07
5.645871966985904180e-07
1.377009886064564852e-06
4.915990366718435367e-07
5.867768118647131618e-07
1.243533969920042227e-06
1.104470663271228591e-06
3.444954233587380553e-07
3.585525377488175010e-07
1.042617305841693853e-06
7.350077674223800348e-07
4.934113195132600273e-07
5.891602621671771594e-07
7.918898482553951609e-07
1.193676512700143914e-06
9.156996390852242610e-07
8.116428193311026272e-07
5.754858867590065097e-07
7.042423206793577561e-07
6.743880785542550646e-07
3.964682246390836776e-07
1.190266616147334483e-06
1.046293949194876247e-06
9.755587252367216899e-07
8.077502807420490104e-07
3.229930560750533433e-07
6.509879090559748685e-07
2.630979889212061143e-07
6.239839446449971328e-07
1.818976761336077689e-07
2.292837543780107250e-07
2.296676379605791124e-07
3.113617711281115319e-07
7.777536863233822403e-08
3.493974975057590895e-08
4.559061246132040422e-08
1.139992368435866975e-07
1.082461087076090232e-06
1.116099777678630654e-06
7.614944251575869155e-07
1.249414747056033853e-06
1.415629774330622005e-06
5.735167520284857048e-07
1.411860743737975536e-06
6.430274908170271314e-07
1.363781816953804597e-07
6.216079628603933148e-08
4.308017130739390542e-08
9.050226231033624505e-08
1.845579401145745449e-07
3.863472960488066210e-07
4.340774183058915864e-07
2.535200205172256636e-07
2.103841976458215012e-07
4.450021598614403137e-07
7.042914127151790893e-07
9.063896329196414523e-07
5.006942386354246218e-07
3.747586009436744889e-07
4.579386814030356036e-07
4.543638595948979959e-07
7.590716377466442858e-07
1.065041674851093568e-06
9.442843058268000118e-07
1.260541215221997115e-06
6.577572849392548533e-07
1.069779222099143219e-06
1.819812212205162145e-07
7.569678036254325110e-07
4.986497926292364987e-07
4.394174115174407595e-07
3.338804743454744526e-07
1.080205389597081583e-06
3.100200006768538830e-07
1.167117707344415433e-06
7.760640000938293668e-07
5.034023147249665505e-07
5.733158837473680819e-07
8.406752258529727371e-07
1.356632882412479758e-06
8.112743557499104618e-07
1.232332072957370341e-06
8.440997561233340948e-07
6.721705593040380618e-07
1.139266063870805214e-06
1.318517467229748052e-06
7.211788249145910499e-07
6.935613323901560139e-07
1.184114653587379574e-06
5.731522419483712777e-07
1.284125943288122597e-06
4.325443326488949723e-07
1.283052213637041223e-06
3.082582765742255802e-07
1.473879493626947345e-06
8.356366227694913812e-07
1.335970381336359983e-06
8.164234306851146609e-07
1.322368047224302647e-06
3.700085078198321250e-07
9.171055885106004813e-07
8.353129157506133004e-07
1.144183591702055075e-06
1.079673011972065435e-06
9.575614309547096868e-07
5.688922026826150124e-07
6.388447433581795498e-07
9.785280260937670245e-07
4.465206896150465731e-07
6.672708401622158574e-07
4.028791623584079586e-07
5.746702590098427180e-07
6.090206269071654881e-07
1.718555424357555770e-07
1.966194684149457167e-07
1.626028482249378790e-07
1.664691629885004844e-07
2.197896833448976279e-07
7.082079617008741584e-08
1.043008902506967650e-07
8.144892690318276119e-08
1.271409750866273056e-07
4.290048473989239804e-07
2.970947225461860600e-07
3.818526526105666333e-07
2.871409378241573136e-07
1.315944064300282856e-06
6.394347258391041264e-07
1.183250317937275039e-06
8.155192659951688124e-07
5.844055397917913054e-07
4.819853858252657139e-07
6.590440989226984467e-07
4.920902966203409600e-07
5.793754133794991104e-07
5.946971337126425683e-07
1.136975654755790418e-06
5.974903383903683626e-07
6.721247418697595345e-07
1.111702949432597394e-06
3.475173707314004229e-08
9.374864896856540149e-08
7.800905097831553995e-08
4.511017871697068295e-08
1.159088313575918565e-06
1.019254659322943472e-06
1.343496932630992556e-06
7.584867299591082744e-07
1.809915629776845266e-08
3.755470805943964439e-08
3.737899369268937481e-07
4.093064798796624990e-07
2.640318239963395619e-07
2.655923993509039439e-07
1.085734299690922921e-06
1.130209685515681999e-06
1.461633161833091180e-07
5.020797247013221687e-07
7.632260817360847707e-07
4.946940057537434524e-07
5.286048406191421105e-07
8.091007535265835394e-07
6.003561087562113489e-07
1.214517999181048574e-06
5.236197376401294518e-07
1.308214638596394392e-06
2.237377769951751413e-07
1.404232366938330580e-07
1.749444220373794087e-07
1.677392811745619274e-07
1.972620325532513420e-07
6.747950277654950614e-07
2.662030145732351216e-07
7.421645512693687737e-07
6.207179382999145673e-08
2.383785671941813809e-08
2.052863204925142543e-08
4.945009123906807654e-08
1.850315679729068638e-07
3.693290537872689676e-08
4.947581837140537288e-08
2.781786160116244972e-07
1.145693867765072725e-07
5.376619602597485703e-08
6.782667592027772728e-08
1.326945836946792825e-07
6.636885400666500914e-07
5.094402949648771427e-07
7.514413979152716646e-07
4.525374636433507027e-07
4.128294575935008062e-07
3.813752006786821807e-07
3.642865701891742077e-07
4.667342799194921245e-07
3.027975544589264273e-07
8.523024435165057324e-08
6.222310885615131854e-08
1.959010393735801070e-07
2.965595621378531325e-07
2.737678720115907515e-07
3.566043042930879572e-07
3.734320673918764677e-07
2.252004197414214278e-07
1.150059370476046076e-06
2.044732492909295169e-07
1.276419062555229967e-06
1.398114127681431977e-06
6.413709743829120084e-07
1.230016224921021553e-06
8.717981899080012733e-07
6.036727018608680749e-07
8.438241848945859379e-07
8.802168421121100606e-07
6.863886706566213041e-07
4.340452960508270937e-07
6.014699613422946591e-07
3.571773884576071946e-07
4.802885315166145924e-07
6.642020697989677645e-08
5.541041878782714296e-08
4.423507304339211367e-08
5.147818830151454612e-08
7.507523035814615018e-07
5.126130345645311837e-07
7.244586321300756509e-07
6.083075616638980372e-07
6.248444164453753303e-07
4.380351361064291686e-07
5.161579275358767526e-07
6.014566362405892400e-07
9.893506226570481504e-07
5.994205379429184459e-07
7.224559185639947053e-07
9.952485164498634715e-07
5.078984848742099414e-07
3.643825110545829495e-07
4.228282584459953142e-07
5.403089749204538518e-07
6.873452636133511083e-07
4.714749053190337728e-07
5.337560818541897482e-07
6.621318475364430024e-07
4.307531396932044788e-07
3.847421231544534019e-07
1.195467579732344107e-06
1.310459801017518298e-06
1.230412092463884512e-06
1.004447357247484623e-06
2.125292199062692274e-07
1.294415213147225939e-07
1.528833668233355966e-07
1.633955656665926947e-07
9.980208540684341875e-07
1.028578905313635986e-06
1.199534834558969808e-06
7.861588051896237302e-07
6.105340181193193793e-07
8.551655561636144194e-08
4.936393931098028797e-07
6.042862297518749356e-08
9.224608617574268830e-07
6.778767073403442952e-07
8.170696033669229592e-07
7.911668300089314316e-07
1.566155638292350982e-07
8.515390731760191501e-08
1.035304179436691282e-07
1.628107740200228417e-07
1.635222467964532408e-07
2.686382300402350050e-08
2.306450809500544584e-08
1.147561077575029971e-07
9.116612932481768195e-07
5.716829416824166689e-07
6.921342802915160823e-07
9.479212017843984570e-07
1.182498642001134023e-06
1.015252024009979397e-06
1.004244826878129467e-06
1.030923093094368330e-06
1.167497814545421406e-06
8.647306042822941730e-07
8.494101518715769436e-07
1.101775845502288975e-06
6.738320239634260994e-07
1.164939209794483119e-06
2.833635628846411255e-07
5.432307474763110688e-07
2.148793510182742634e-07
4.937948710683764873e-07
9.501837885109261235e-07
9.386841369219627061e-08
1.196885810539586682e-07
8.574656537467856139e-07
8.655289669066288652e-07
1.233479771129781244e-06
3.338864352594855449e-07
3.838597036258072433e-07
6.539502884929807872e-07
6.517036279354967180e-07
7.665056742398705491e-07
1.379553078466154984e-06
5.412536739446226858e-08
2.155825446129572972e-08
3.245980031768912673e-08
2.085697847585321572e-08
1.019532262763833001e-06
5.502319377502471078e-07
3.807524071210634159e-07
1.210811937255692684e-06
3.052728395589006165e-07
4.558503659893575073e-07
2.849849272497057699e-07
5.038040913905085148e-07
1.442281417179994263e-06
5.322706292260885979e-07
4.400445767863872853e-07
5.118014483278466189e-07
5.685790804465431415e-07
1.226296022709903592e-06
4.995485036242429723e-07
1.337963945373541862e-06
4.419769379799580899e-07
7.968126369718847890e-07
4.603309425374294043e-07
7.639236133528807064e-07
1.753623054276528798e-07
3.412172970603060685e-07
1.363675843620028436e-07
3.195147225710115484e-07
3.743623559411069590e-07
5.221708949405737969e-07
4.067705496427764728e-07
6.019496207826518902e-07
7.904468038119729142e-07
1.173414541206416826e-06
1.111227985249089124e-06
7.709553586885979347e-07
6.370860778136421733e-07
1.177423279510533016e-06
8.668858797271046580e-07
2.002912750574875123e-07
1.859994389939154458e-07
1.055842825909375354e-06
1.038524342424086195e-06
5.667239024688715955e-07
6.176183204071957251e-07
1.034273551444218673e-06
1.359591469165674769e-07
1.296998301772327458e-07
1.726980770759035658e-07
1.442539842733262137e-07
