0.000000000000000000e+00
0.000000000000000000e+00
0.000000000000000000e+00
0.000000000000000000e+00
0.000000000000000000e+00
0.000000000000000000e+00
0.000000000000000000e+00
0.000000000000000000e+00
0.000000000000000000e+00
0.000000000000000000e+00
0.000000000000000000e+00
0.000000000000000000e+00
0.000000000000000000e+00
0.000000000000000000e+00
0.000000000000000000e+00
0.000000000000000000e+00
0.000000000000000000e+00
0.000000000000000000e+00
0.000000000000000000e+00
0.000000000000000000e+00
0.000000000000000000e+00
0.000000000000000000e+00
0.000000000000000000e+00
0.000000000000000000e+00
0.000000000000000000e+00
0.000000000000000000e+00
0.000000000000000000e+00
0.000000000000000000e+00
0.000000000000000000e+00
0.000000000000000000e+00
0.000000000000000000e+00
0.000000000000000000e+00
0.000000000000000000e+00
0.000000000000000000e+00
0.000000000000000000e+00
0.000000000000000000e+00
0.000000000000000000e+00
0.000000000000000000e+00
0.000000000000000000e+00
0.000000000000000000e+00
0.000000000000000000e+00
0.000000000000000000e+00
0.000000000000000000e+00
0.000000000000000000e+00
0.000000000000000000e+00
0.000000000000000000e+00
0.000000000000000000e+00
0.000000000000000000e+00
0.000000000000000000e+00
0.000000000000000000e+00
0.000000000000000000e+00
0.000000000000000000e+00
0.000000000000000000e+00
0.000000000000000000e+00
0.000000000000000000e+00
0.000000000000000000e+00
0.000000000000000000e+00
0.000000000000000000e+00
0.000000000000000000e+00
0.000000000000000000e+00
0.000000000000000000e+00
0.000000000000000000e+00
0.000000000000000000e+00
0.000000000000000000e+00
0.000000000000000000e+00
0.000000000000000000e+00
0.000000000000000000e+00
0.000000000000000000e+00
0.000000000000000000e+00
0.000000000000000000e+00
0.000000000000000000e+00
0.000000000000000000e+00
0.000000000000000000e+00
0.000000000000000000e+00
0.000000000000000000e+00
0.000000000000000000e+00
0.000000000000000000e+00
0.000000000000000000e+00
0.000000000000000000e+00
0.000000000000000000e+00
0.000000000000000000e+00
0.000000000000000000e+00
0.000000000000000000e+00
0.000000000000000000e+00
0.000000000000000000e+00
0.000000000000000000e+00
0.000000000000000000e+00
0.000000000000000000e+00
0.000000000000000000e+00
0.000000000000000000e+00
0.000000000000000000e+00
0.000000000000000000e+00
0.000000000000000000e+00
0.000000000000000000e+00
0.000000000000000000e+00
0.000000000000000000e+00
0.000000000000000000e+00
0.000000000000000000e+00
0.000000000000000000e+00
0.000000000000000000e+00
0.000000000000000000e+00
0.000000000000000000e+00
0.000000000000000000e+00
0.000000000000000000e+00
0.000000000000000000e+00
0.000000000000000000e+00
0.000000000000000000e+00
0.000000000000000000e+00
0.000000000000000000e+00
0.000000000000000000e+00
0.000000000000000000e+00
0.000000000000000000e+00
0.000000000000000000e+00
0.000000000000000000e+00
0.000000000000000000e+00
0.000000000000000000e+00
0.000000000000000000e+00
0.000000000000000000e+00
0.000000000000000000e+00
0.000000000000000000e+00
0.000000000000000000e+00
0.000000000000000000e+00
0.000000000000000000e+00
0.000000000000000000e+00
0.000000000000000000e+00
0.000000000000000000e+00
0.000000000000000000e+00
0.000000000000000000e+00
0.000000000000000000e+00
0.000000000000000000e+00
0.000000000000000000e+00
0.000000000000000000e+00
0.000000000000000000e+00
0.000000000000000000e+00
0.000000000000000000e+00
0.000000000000000000e+00
0.000000000000000000e+00
0.000000000000000000e+00
0.000000000000000000e+00
0.000000000000000000e+00
0.000000000000000000e+00
0.000000000000000000e+00
0.000000000000000000e+00
0.000000000000000000e+00
0.000000000000000000e+00
0.000000000000000000e+00
0.000000000000000000e+00
0.000000000000000000e+00
0.000000000000000000e+00
0.000000000000000000e+00
0.000000000000000000e+00
0.000000000000000000e+00
0.000000000000000000e+00
0.000000000000000000e+00
0.000000000000000000e+00
0.000000000000000000e+00
0.000000000000000000e+00
0.000000000000000000e+00
0.000000000000000000e+00
0.000000000000000000e+00
0.000000000000000000e+00
0.000000000000000000e+00
0.000000000000000000e+00
0.000000000000000000e+00
0.000000000000000000e+00
0.000000000000000000e+00
0.000000000000000000e+00
0.000000000000000000e+00
0.000000000000000000e+00
0.000000000000000000e+00
0.000000000000000000e+00
0.000000000000000000e+00
0.000000000000000000e+00
0.000000000000000000e+00
0.000000000000000000e+00
0.000000000000000000e+00
0.000000000000000000e+00
0.000000000000000000e+00
0.000000000000000000e+00
0.000000000000000000e+00
0.000000000000000000e+00
0.000000000000000000e+00
0.000000000000000000e+00
0.000000000000000000e+00
0.000000000000000000e+00
0.000000000000000000e+00
0.000000000000000000e+00
0.000000000000000000e+00
0.000000000000000000e+00
0.000000000000000000e+00
0.000000000000000000e+00
0.000000000000000000e+00
0.000000000000000000e+00
0.000000000000000000e+00
0.000000000000000000e+00
0.000000000000000000e+00
0.000000000000000000e+00
0.000000000000000000e+00
0.000000000000000000e+00
0.000000000000000000e+00
0.000000000000000000e+00
0.000000000000000000e+00
0.000000000000000000e+00
0.000000000000000000e+00
0.000000000000000000e+00
0.000000000000000000e+00
0.000000000000000000e+00
0.000000000000000000e+00
-1.988710531243016028e-02
-2.250495563964911155e-02
-1.031121291735548860e-02
-1.058599681710580345e-02
-1.857150369051830882e-02
-1.609145200096694095e-02
-2.285541522885453647e-02
-2.075035655332815518e-02
-8.972552372129830381e-03
-2.282765933775405057e-02
-1.124070879058441073e-02
-1.230530314771036485e-02
-2.145049411941786152e-02
-1.441255960369067050e-02
-1.168089003960253933e-02
-9.601035355781460667e-03
1.443096276091467706e-02
-9.752049095932215778e-03
-2.733102310330388918e-02
-1.051113852996943959e-02
-1.463478491463063649e-02
-1.590712673585597051e-02
-1.619055811043920495e-03
-4.658033594937259513e-04
-2.017809183863320671e-02
-1.267620472917394513e-02
-1.276035846037674656e-02
1.333834882198073682e-02
-2.107072536161128107e-02
-2.292081223235108850e-02
-7.635762471388593021e-03
-2.230568711122227210e-02
-2.300944467225438800e-02
-2.639998387261137738e-02
-2.632750115392881382e-02
-3.797811501200618750e-02
-3.613496688366213405e-02
-2.305593966320918647e-02
-1.388119284267183041e-02
-8.465093228373203951e-03
-1.652070208440891211e-02
-1.539596151713240602e-02
-6.301123917519771585e-03
-9.582204595452559204e-03
-4.712290501687516238e-03
-6.193305053704220402e-03
-1.542306379614627021e-04
-2.519273029050342338e-02
-1.062091815884056226e-02
4.036951883344187288e-03
-6.912825871200541442e-03
-1.141478600150989259e-02
-1.790060685031062346e-02
-1.848955182003985537e-02
-1.144442915173373744e-02
-3.143284452454477018e-02
-2.987306701064853381e-02
-9.844416360191943910e-03
-1.275421566660773359e-02
-2.685108904692038931e-02
-3.570244881112845381e-02
7.089152367575202521e-03
-6.292615524369138923e-03
-1.912581740905338820e-02
-2.074390683554465029e-02
-1.951905649943833651e-03
-1.311226465632283830e-02
2.287019622137597785e-04
-9.139760991522050473e-03
-9.513466981724364932e-03
-3.104184712433615337e-02
2.416072586108315972e-03
-2.104254053452768100e-02
-7.437868828200789456e-03
-1.146986192591449398e-02
-1.540548742691920728e-02
-2.567821994004242616e-05
-6.802498681181070456e-03
5.265697065369351164e-03
-1.618015664120133618e-02
-8.917290970754734869e-03
-1.171596806262668530e-02
-6.676497917179615230e-03
-2.230477894520714252e-02
-8.473212022814761296e-03
-7.130805098381037301e-03
-9.974512235131776511e-03
-2.268522032730983448e-02
-2.013317207989335708e-02
-2.133780017763476505e-02
-1.470492204816267398e-02
-3.351318687667960428e-02
-2.731901920232382777e-02
-1.454808899234457352e-02
-2.254874912806947851e-02
-2.762774321369759062e-02
-2.191505503893888263e-02
-3.667661534012644359e-02
-1.506564322648308238e-02
8.212634402889360669e-03
-1.188684883636098762e-02
9.735140121235592511e-03
-1.277769160443759187e-03
-1.525538674147404287e-02
1.244188598442777169e-02
1.944394252727113656e-03
-1.446219187866513989e-02
-1.708213522172941090e-02
-2.738063335479674551e-02
-2.125705552487289901e-02
8.034923972795203137e-03
-2.180519596816706332e-02
-1.626703208238423209e-02
-2.181825970640158263e-02
-6.378945112503815089e-04
-9.693323709016533202e-03
-1.446643868885316882e-02
8.992145516613791675e-03
-1.426647305788213832e-02
-2.183766122103927843e-02
-2.184468526372636624e-02
2.166306925007867312e-02
3.246048224695748108e-02
-1.219833600945518029e-02
-6.253238990369767471e-03
-1.180518529829265202e-02
-1.822691860735535171e-02
-1.142901239706744544e-02
-1.213225737690790292e-02
-1.852993573949291567e-02
2.548419405162130526e-03
-6.622459759785726333e-03
-3.259586266007977184e-02
-2.143679751760484489e-02
-1.190435536261964626e-02
-1.142153158561617053e-02
-1.512810444044539919e-03
-7.642204832926026425e-03
8.229916938461381837e-03
-1.179273690716427236e-02
-4.590220171047127568e-02
2.397656615597551499e-02
-1.622279508742383719e-02
-3.744433853842874579e-03
-1.144932698750523656e-02
-2.512084771545590456e-02
3.556301956506931813e-03
-2.161017124166065076e-02
-2.314912167217972327e-02
-2.697009699109665162e-02
-6.626011395646494960e-03
-8.578376716927071932e-03
-1.581523934472727280e-02
-1.257895335716546249e-02
-1.369431405355825936e-02
-3.376889211916490885e-02
-2.292208654903650153e-02
-8.895683286065774950e-03
-1.502114361968023663e-02
-2.060295140744801412e-02
-1.397841288892897466e-02
-1.591355806881265475e-02
-1.882633613212051152e-02
-2.181281876459011115e-02
-4.567120603264723799e-02
-2.566651203486609856e-02
-1.584908664930935462e-02
-3.368111092602796980e-02
-1.432972882651665884e-02
-1.630441854918807457e-02
-1.423806950582456182e-02
1.355128918115558988e-02
-1.113566275972438339e-02
1.240236939923988063e-02
-2.087213741924049890e-02
-1.383071439715918317e-02
4.174874914116169337e-03
-1.659049068275916458e-02
-2.011548500194292044e-02
-2.657885147179378169e-02
6.143527040466582531e-03
-3.386017628767641965e-03
-1.841780757336722307e-02
-1.105163028451580133e-02
-9.766106146265994201e-03
-1.276650517253975423e-02
-2.317398166142705870e-02
2.083717870425787211e-02
-5.627702926294585357e-03
-1.474845508750115101e-02
1.822337384938085489e-02
-1.133848477173569728e-02
-1.633165279638619169e-02
3.009378280144216558e-02
-2.306335871321813381e-03
-4.411537228103509095e-02
-5.778724059662209908e-03
-1.944538113976761878e-02
-1.562153762691646103e-02
-1.400717858890538443e-03
-1.218138646274275101e-02
-9.533552792994762562e-03
-2.616395096023575034e-02
-1.482304755637074353e-02
2.197858901173403712e-03
3.946816244578914105e-03
-2.263103430040398940e-03
-1.464278710242740943e-02
-1.443707058758869795e-02
9.217298447561660113e-03
-1.718610206052418807e-02
-1.573587313576735314e-02
-1.090739171223301454e-02
-1.853752332048717172e-02
-6.138775916941923393e-03
1.413187272585618784e-02
-7.735650832073080740e-03
-3.359223236660972226e-03
8.637986214322978043e-03
-2.217737538499658934e-02
-8.424097136471089819e-03
-1.119780595474653175e-02
-8.129898402644303301e-03
1.586840760654929447e-02
-6.804493749527087097e-03
7.594413378923066046e-04
-9.400400263278187174e-03
-6.980617833955207567e-03
-4.151152497289247942e-03
-2.029063088626748695e-02
-2.329263356236645210e-02
-2.708672424444699689e-02
-2.218386077911462580e-03
2.141325098985432523e-02
-8.474079847525739506e-03
-7.277155170122884958e-03
-2.943721190881194022e-02
5.094673829322670516e-03
-1.777371418070334240e-03
-3.449912372418640055e-03
-3.842738197135603037e-03
-2.439322907719575564e-02
-3.296176261522974771e-02
-3.965554692638261457e-03
-9.728692349282634655e-03
-3.026120702625162071e-02
8.761157348030115463e-03
2.123393530431630719e-02
-5.380343917632945429e-03
-7.201136539613092399e-03
-2.151215991911882910e-02
-1.453123666543158429e-02
-1.843522712425866433e-02
-1.049386041973199638e-02
-8.235730029580225556e-03
-2.792532093707152455e-02
-2.301255555210488316e-02
-5.789818762920725254e-03
-9.157885495092776829e-03
-3.215149627233373358e-02
3.464200396922282980e-03
-1.344775369731543262e-02
-1.767542052086284315e-02
-1.449292427401015215e-02
1.352643969130411586e-02
-1.293489390587584074e-02
-7.796228628488427632e-03
2.378962763529127514e-02
-3.706797097978596113e-03
-6.289289014472124011e-03
-1.794516292394504609e-02
-2.737431792435899777e-02
-2.021323533237384673e-02
-3.343127747294673269e-02
6.065264416256407713e-03
-4.544334683571146782e-02
-3.644177419181715560e-02
-3.339195685839378702e-02
-2.766574822347430199e-02
-1.985235270228137561e-02
-2.483529760227949634e-02
-2.723934994180612565e-02
7.969144505099164805e-03
-2.166499320190579808e-02
-2.698829652242817206e-02
-1.779346855807690739e-02
-1.730893719130141215e-02
-1.846881703292671539e-02
-7.746019653317378316e-03
-9.474430287346730442e-03
-1.518166917005433006e-02
1.615278328177131503e-02
-1.823910037643816651e-02
-3.066515351467314146e-02
-1.941166081083721059e-02
-1.261378905642947246e-02
-6.547053541408741351e-03
-9.519632919822341652e-03
3.044763771069623759e-02
-5.668455717260073579e-03
-1.339564076284990683e-02
-2.562389847737594345e-02
-3.848680644153893576e-02
-1.203571021164766622e-02
-6.224337735586751158e-03
-1.878178356089244341e-02
-1.397021723304243783e-02
-3.496864023836637227e-03
9.650935211413665896e-04
2.687833830547377983e-03
-5.005107588626666465e-03
1.036270399235517635e-02
-2.445572123612950455e-02
-2.217105996270796880e-02
-3.567102553377168861e-02
-2.090981715418725739e-02
-1.726756655022049225e-02
-2.467267964310114123e-02
-1.710773575691415527e-02
-2.280762971067804706e-02
-1.338775886065162769e-02
-3.229512366024848979e-02
-2.356494347606460926e-02
1.823887947046541266e-02
-1.035197014904272114e-02
-1.928569958940941007e-02
9.852105030871973704e-04
-1.241812040309573685e-02
-1.013069930172051485e-03
9.317685448989691810e-03
-1.928961184996452749e-02
-1.730656210496607506e-02
-9.787751880814175853e-03
1.775514103247928174e-02
-1.151698512862670346e-02
-1.073569959121462025e-02
-2.275719114983125457e-02
-2.977916119707007744e-02
-2.904470928236830857e-03
-1.672817348398093415e-02
-6.032225346602887450e-03
-1.114096077351873354e-02
-9.946537191961275087e-03
2.530075449863927912e-04
-3.437556099773118184e-02
-2.402813453875047786e-02
-1.615225357535053294e-02
-1.516877668277022070e-02
-2.120861447126418109e-02
-1.159543621011917790e-02
-1.269651355209439579e-02
-2.175998953778407116e-02
-2.590382912884573591e-02
-6.310454227669014780e-03
-1.974825412977976660e-02
-9.546102125296544727e-03
-1.710895392576021121e-02
1.825453674290802332e-03
-2.578782697808770785e-02
-2.135188408507648558e-02
-1.115383169623154411e-02
-1.097252899086818660e-02
-1.589984359207010159e-02
-2.008165048840920841e-02
-1.873694007612408674e-02
-2.205476573088904421e-02
-2.118897264799772875e-02
-2.271778594192451137e-02
-2.390356788340152611e-02
-2.255492375384264905e-02
-1.244908328244585111e-02
-2.626391932467770848e-02
-1.378510430046687475e-02
7.287259686688450817e-03
-2.421198657699986934e-02
-5.908444546889635683e-03
-1.776385387375140762e-02
-1.749348566900113880e-02
-1.460845053002655589e-02
-1.113203720415312584e-02
-3.413137129371517087e-02
-5.891224808300206742e-03
-2.739166930971827577e-02
-1.652812560080106977e-02
-1.255001255311431405e-02
-9.244488335466484810e-03
-3.306730871772035982e-03
2.812846941066349943e-02
-2.161598338923814352e-02
-1.236287210948744733e-02
-7.499763556493633729e-03
-9.064346338106279988e-03
-1.583572385392095078e-02
-8.583440398073396418e-04
-1.268290760462565704e-02
-3.344732511053398472e-02
-1.880840018258472454e-02
-1.094029216728179292e-03
-2.442267845779695634e-02
3.534870071041509160e-02
5.697649828081330879e-03
-5.958580900390438202e-03
-1.262236862377517574e-02
-1.976883544327457526e-02
-3.135429282984867217e-03
-5.584864689276247338e-03
-1.103110991423270418e-02
-5.199487151027479964e-02
-1.198931702977302539e-02
-1.130009766121821239e-02
-3.878883966733192700e-03
-1.665424161141879425e-02
-2.587885781154558194e-04
-1.582800230391450194e-02
-1.518023424239040541e-02
-1.132629838069778086e-02
-1.218841096530143796e-02
3.901323467686248613e-03
-1.746409081669113642e-02
-2.090697566348628800e-02
-2.301521425561072615e-02
-9.228843939798453064e-03
-9.854737462697509345e-03
-1.033667505126250469e-02
2.682453953199971652e-03
-2.453001412174056137e-02
-5.262500943715078122e-03
-4.466299780767944184e-03
1.901389639616149832e-02
-1.992209063822954207e-02
-7.562223092895835851e-03
1.125073441031064492e-02
-5.644901031651010717e-03
-3.057497489997645576e-02
-1.706289068601295590e-03
5.271634405569874645e-04
-1.468902726816374892e-03
-1.162787809481854832e-02
1.487107943910205912e-02
-9.187675292189495871e-03
-1.833761755749589370e-02
-1.212169913541013763e-02
-1.131010540735167234e-02
-1.211059411232051804e-02
-8.693671865125983042e-03
-1.514378446581834091e-02
9.330353485752214057e-03
-1.339142024364794493e-02
-2.544049270067947829e-02
-1.527246556195374118e-02
5.860091297494081884e-03
-1.238740573446259555e-02
1.341297486836987365e-02
-1.589009724982960725e-02
1.683587895686309427e-02
-2.469273453025082332e-02
-1.653214792534106123e-02
-3.391635743458729091e-03
-7.695092416376093057e-03
-1.333483769457462047e-02
-2.432161114947534175e-02
-1.464249575982524282e-02
-1.380191717694207940e-02
-1.429450909609777942e-02
-1.363589956128536708e-02
-1.054271834487872407e-02
-1.671153851903856707e-02
9.275809533086166667e-03
-2.093396841626558869e-02
-9.796448154254370697e-03
-2.724057074522836033e-02
-3.778771411139241615e-02
-2.077371725277797621e-02
-1.626333500932489531e-02
-2.067279985541704487e-02
-4.854257095652388630e-03
-1.256230244829674263e-02
2.605902701169281535e-02
-1.022033594440447182e-02
-1.452541647329452790e-02
-1.994388851049942041e-02
-2.555397699722934159e-03
7.060987095078524386e-03
-1.402379215947463509e-02
-1.286283552776986555e-02
-2.574779041449315811e-02
-2.528987258513763769e-02
-1.693071732585922987e-02
1.012462910230430696e-02
-4.409310155838567363e-02
-3.223240071948936525e-02
-1.467305895633924488e-02
-7.119136416862187865e-03
-6.016458821000318646e-03
-4.045433117481137854e-03
-1.594163814376805058e-02
-2.419035477324934028e-02
-1.225093802412579626e-02
-6.570379872948837671e-03
-2.484399812267941779e-02
-1.098667724873564865e-02
-3.616329220702280394e-03
-2.127185508194120653e-03
-9.505620355161300758e-03
-1.166648425576878416e-02
1.308979213782445784e-02
1.431996083834865749e-02
1.167428558757364898e-02
1.654855128846472595e-02
1.404425966442102505e-03
-6.196306063686529524e-03
-2.163413470781547915e-02
-1.062295298618168120e-02
-2.971335466462770442e-02
-2.080596866533004907e-02
-2.708332446753067974e-02
-6.588325800366953179e-03
-7.240581848036491130e-03
-2.712548888296492308e-02
-1.282864901209336377e-02
-8.112039613950310438e-03
-1.796596781456967842e-02
-9.135745481866203860e-03
4.255941831757928222e-03
-3.717175735698299670e-03
-7.524548585178981487e-03
5.785202861372126110e-03
-8.693177856891179389e-03
-1.640061293075749729e-02
-5.030254903116290581e-03
-8.871572007270163082e-03
1.930057335903072498e-03
7.626665679369431725e-03
-9.259167640743127398e-03
-2.746223122243819995e-02
-3.538778239580022550e-02
-1.383271811960998937e-02
-1.034944394332337758e-02
-2.724335526593819196e-02
1.125729034583398437e-02
-3.300519205885537460e-02
-2.851731851661539266e-02
7.865779052968080052e-04
-1.430717902012330900e-03
-1.267599263647673988e-02
-1.913313891056725100e-02
3.624667893372624395e-03
-2.014373418743980321e-02
1.637552334529493534e-03
-4.435523373006549502e-03
-1.591334841673047729e-02
-1.484449177682119550e-02
-1.692873663941079493e-02
-2.223763132120660721e-02
-1.170899410727589294e-03
2.817870790581214306e-03
-1.459582482675970960e-02
-9.251244928724497094e-03
-1.660362595128446472e-02
-1.005837676882272332e-02
-2.110433846076111009e-02
-1.359263188491432149e-02
1.595800703281163510e-02
-1.289903566827677213e-02
-3.043546641616771270e-02
3.770860070504549258e-03
-1.344101374133983839e-02
-1.957553999872822456e-02
-2.400294465883056445e-04
-3.631807082716032725e-02
-1.501766760110505999e-02
-1.758679738310793897e-02
-1.620732640648824344e-02
-3.741951437378173047e-03
-1.722965405464815802e-02
-4.059959663667977482e-03
1.406573800535260328e-02
-8.783083136171102728e-03
-7.787062125067253189e-04
-1.211798537804640447e-02
-5.934528850368609408e-03
-1.088015918694329974e-02
-1.976329355261487175e-02
-3.803848971241842892e-03
-3.160563555455378482e-02
-1.571479938023295775e-02
-2.569358765080444890e-02
-1.274109742283564654e-02
-3.563552334841763904e-03
-3.007843872807523453e-02
-2.140616917153645785e-02
-2.846925841434623516e-02
4.975594801619308977e-03
-1.453772358146457333e-02
-1.293222887813803325e-02
6.784246659755569474e-03
-1.431304969682891011e-02
-1.696598093453336939e-02
-2.003721301885011408e-02
5.788533765618559656e-04
-8.440936684078885130e-03
-2.635285979570320750e-02
-3.114550783798418140e-02
1.727608978340854431e-02
-1.465100379849255778e-02
-4.128667233671175218e-02
-2.632895960268843635e-02
-1.198906523182319793e-02
-3.671819096738133947e-02
-3.969517388161710771e-03
-1.124437392343044170e-02
-8.364719863357019183e-03
-1.833594792940158522e-02
-4.716747061764973645e-03
-2.796264218401067324e-03
-1.304403014499328634e-02
-1.896109169745279280e-02
-2.941672154018299193e-02
-3.981279365512945326e-03
-2.576831125074939555e-02
-5.899323830937787047e-03
-2.072900361650647713e-02
2.350894619619685062e-03
-4.937876000106544878e-03
9.010910557155199160e-03
9.991817500367211266e-03
-1.337343570915987831e-03
-2.293810556856987898e-02
1.962327363533705737e-02
-1.723215832901131561e-02
-9.244950386062655845e-03
-1.860522297102970568e-02
-7.620419508419520697e-03
-3.195950548695884741e-02
-3.192930268378093434e-02
-2.118053362915908386e-02
-1.769450674382531952e-02
-1.019637138816696653e-02
-7.983029567878838564e-03
-2.871017143639310095e-03
-2.270893543060988062e-02
-1.554258870508177029e-02
-1.245490600829295309e-02
-2.908707171771965014e-02
-3.407035801854663148e-02
3.657723683660018231e-03
-2.371998015098302978e-02
-1.697388346019022484e-02
-6.205816809329700763e-03
-1.983911688853949584e-02
-1.785296711529894484e-02
6.488695438280876922e-03
-5.616718941236458276e-03
-6.671082633931721406e-03
-1.142864085750782202e-02
5.931012473913926594e-03
4.471539116740651937e-03
-1.176006632800722859e-02
-2.594533088995107373e-02
-2.639576472423987505e-02
-1.086422202374691739e-02
1.383584259407133477e-02
-2.521157768333373919e-02
-1.034040878355038141e-02
-9.978668473822784393e-03
-1.290365762634525931e-02
-9.617515587312304784e-03
-7.945533089974712859e-03
-4.552548816393812807e-03
-1.419540975549384715e-02
-1.365069835325195303e-02
1.965275179600692659e-02
-4.031042787369838905e-03
-3.125611943668475667e-02
-2.139077940421571511e-02
-2.005730933239447192e-02
2.076156402946130464e-03
-8.183722893365956777e-03
-1.313341673818714007e-02
-4.591234960251645153e-03
-6.861416572974622131e-03
-1.928903305415318251e-02
-8.057470755123462627e-03
-2.273682404440695304e-02
-3.050849643619760188e-02
1.481629875649559738e-02
-1.668903880480422652e-02
-1.250017749842829810e-02
-8.523785235454307829e-03
1.497505501453665760e-02
-5.919458614560177759e-03
-4.101796655550633310e-03
-1.418271606472055503e-02
-6.861142265795216327e-03
3.332351344891528420e-03
-9.040712723060751257e-03
-7.618175138642371488e-03
-1.610111493990108158e-03
-1.793216203896668900e-02
-1.208926898699906952e-02
-1.976350654318305075e-02
-1.117080267668378070e-02
-2.455629587959977378e-02
-1.381676791035865715e-02
1.617719869833899454e-02
-1.275757178027245482e-02
-4.220480533966347245e-03
-1.460380393491641886e-02
-1.393219999623485084e-02
-9.710759769773709416e-03
-1.674891418977841884e-02
6.619528624040295524e-03
1.852209491030002960e-03
1.379925666903381639e-03
-1.835976807228313981e-02
-1.991237602677493890e-02
-8.383787849148258836e-03
-5.732025741752575128e-03
1.563379057802832470e-02
-2.255581669533138559e-02
-1.243532883182973080e-02
-1.135867350239164360e-02
-8.182363283009662369e-03
8.797929490282220544e-03
3.216335986387218286e-03
-3.536884594077613613e-03
-5.518630786853355105e-03
-1.905712188634965665e-02
1.003118175203877513e-02
-9.411632013712176864e-03
-1.236632705078014732e-02
-2.482735642966402492e-02
1.317411436062435222e-02
-1.943920697135656864e-02
-7.815591737751221429e-03
9.653047452933074559e-05
1.914486651710512561e-03
1.739780416999517181e-03
-8.987153209297207498e-03
-2.279295651252977520e-02
-3.078275415479912389e-02
-1.980829855258803372e-03
-4.009362177824471116e-03
-1.166780797619166275e-02
-4.389215371951349191e-03
-2.208097044664123973e-02
-2.112617380522940208e-02
-1.789828439231159335e-02
7.386567995366894075e-03
-1.029748946746592703e-02
7.839960425252489457e-03
-1.646140535098455232e-02
-2.615498037878205909e-02
6.040694430627667304e-03
-1.067883161501332993e-02
-2.605404395864345610e-03
-1.888846432391567617e-02
-6.389095833549172411e-03
-1.047622617057892072e-02
-4.805449132367899459e-03
-9.414170032507612404e-03
-1.301990467920037531e-02
-5.694040401020346309e-03
2.615397099652572860e-03
-1.330378625360678505e-03
4.065856973809964595e-03
-8.441639800526165235e-03
-6.461919352533712288e-03
-8.564475508993868100e-03
-5.290790252236870356e-03
-6.808429506580576489e-03
-8.124314154108941421e-03
-1.939492412862554513e-02
-2.895133373807537783e-02
-1.645588088263440218e-02
-2.461118838171183140e-02
-1.792182557668369966e-02
-7.672895843991911838e-03
-1.740351877387753821e-02
-1.127274465330594354e-02
-1.938264874604925248e-02
-1.007968072835418831e-02
-1.031869535741858530e-02
-1.553354107191997138e-02
-2.388478861870784939e-02
-2.376562017520057486e-03
3.932339118552762199e-03
-3.047407186873715354e-02
-3.423941487638866576e-02
-2.666267339612393705e-02
-1.014545200757417144e-02
-1.175235673638889457e-02
5.043511336623691249e-03
-7.243935701802216992e-03
1.079659782318734794e-02
1.867402558021425546e-02
3.132715321986855473e-03
6.683601492700945099e-03
-1.719316284544889981e-02
-1.534574460358524052e-02
-2.015026310885538463e-02
-1.246738140969750469e-02
-4.119833160092705414e-03
-1.220339578315982575e-02
-1.946969367703713788e-02
-5.499524593493662628e-03
-2.694221500431128943e-03
-8.998147187842095787e-03
-2.043709842795661535e-02
-2.010205163137398013e-02
-2.096138770841213944e-02
-1.823938953432486382e-02
-1.194838158790042029e-02
-7.409412527067924664e-03
-1.619721566701757057e-02
-1.155388718483517374e-02
-9.158246843619433086e-03
-1.546914240310635555e-02
-2.038707811624385427e-02
-2.872443247744689912e-02
-2.035657106954439494e-02
-1.600793022562259360e-02
-2.367812963063300677e-02
-8.427100696714878367e-03
-1.604172364122084761e-03
-1.230215651706507117e-03
8.425927681803963704e-03
-4.894529681096619102e-03
-1.125417923127403942e-02
-1.334911164363895668e-02
-2.484148075617505572e-03
1.428175793480921177e-02
1.501767008516999465e-02
8.170667445293156028e-03
1.903819991639065651e-02
7.994589054906152403e-03
-4.005874662773647142e-03
-1.016765673761605955e-03
-1.439426305367816523e-02
-4.525471002486431728e-03
4.269021901238017822e-03
-2.750870045052152357e-05
-1.049058189644962689e-02
-8.917020080596060536e-03
9.414754843603495658e-04
-3.796016368641811668e-03
-9.093688737967040719e-03
-1.661863639160327324e-02
-1.751421133022230611e-02
-1.607289344911927431e-02
-1.990646462413771592e-02
-2.367438731424837892e-02
-1.964178893421172564e-02
-1.280457524455682694e-03
-1.122138097976994181e-02
-4.615063240894392953e-03
-1.636426702212508480e-02
-1.632005158136695319e-02
-1.434301234399527718e-02
-1.905535259968679090e-02
-1.892075963037445629e-02
-1.832963102598329438e-02
4.759216318514662702e-03
-2.182975271604505139e-03
1.554456093263228153e-03
-4.660106407664572903e-03
-7.014733294570654754e-03
-2.196796167733352373e-03
6.007054308887274652e-04
-5.478519806413746814e-03
-1.264440910378391257e-02
-1.929606642987458792e-02
-1.840577968403688675e-02
-2.162748751511543374e-02
-1.290226865843738246e-02
-1.432472654169932198e-02
1.424584505760897665e-02
3.133991140806601221e-03
1.507820579350376044e-03
-1.128737978847434847e-02
-1.096373466257839942e-02
-1.022360933411298016e-02
-2.448032306291787405e-02
-2.244343610547929607e-02
-1.557496302987912418e-02
-2.606683021687922555e-02
-2.260416744584459528e-02
-2.663063608444085281e-02
1.586509485282695461e-02
1.222007848862141643e-02
-5.392915142126722362e-04
-2.007898529940615410e-03
-5.464900335756623859e-03
-1.340982571950370640e-03
-1.976366246931382173e-02
-1.806170009124704115e-02
-2.252684221805795542e-02
-2.758721379220014508e-02
-1.828701176717655377e-02
-3.562226181997795588e-02
-2.387879918731485723e-02
-2.417939662616195792e-02
6.237521386736757413e-03
-6.354218418461719288e-03
1.213843127779123260e-02
9.596062761213124473e-03
4.365736978370235791e-03
9.989691006265441486e-04
-1.687468011547466062e-02
-1.801911587329827966e-02
-2.202032009128701215e-02
-8.466784833500733479e-03
-1.204121343985473103e-02
-9.903266718057614215e-03
-1.212954767104339020e-02
-1.337580752326055292e-02
-2.377294046024009538e-03
-1.050262952000911333e-02
-1.100941624557664686e-02
-5.094912254233638534e-03
1.526582562153609756e-03
-2.860814853126145835e-03
-3.423863472791172178e-03
-2.461655706252052593e-03
-2.556946897510067179e-02
-2.177382402091334809e-02
-1.477543365091812076e-02
-1.555731402576471245e-02
-3.851604875723013861e-03
5.516441174381880863e-03
-9.757658483202437047e-03
-6.474478677187138487e-03
-3.307734012813051076e-03
-6.452618739747397478e-04
2.577380395072851379e-03
-9.987011414829789074e-03
-9.205937693689662110e-03
1.260262230852765911e-02
4.638479469967270868e-03
-1.079956828452310544e-02
-7.872775838814476471e-03
-2.261631474583675888e-02
-1.996211684831002489e-02
-3.058467706957202024e-03
1.571336148862246748e-03
1.253624117554875397e-03
9.729835039539650029e-04
-2.205960950172447099e-03
3.404692844544010208e-03
-5.840803627500929136e-03
-2.087134948669414070e-02
-2.297575930799483288e-02
-2.148499200190929700e-02
-2.089681524210719801e-02
-1.928830057276446214e-02
-1.693037767550247680e-02
-1.163032110189903337e-02
-1.412812712724454594e-03
-7.827950150602381446e-03
-9.145727346731359966e-03
-6.531669940525007198e-03
-2.457114307465653805e-02
-1.675254796806126614e-02
-1.758995325427003056e-02
2.115844903869116677e-03
-4.698691336571147320e-03
-1.273480390820760401e-02
-1.284870511694096405e-02
-8.833346717147758445e-03
1.515826857201413433e-03
-8.242339542688999210e-03
1.978075296052934917e-03
-1.042770073094351040e-03
-5.716475750186037798e-03
-4.033615064990280462e-03
-2.557956299992405341e-02
-2.584229663597305271e-02
-1.832835545487569370e-02
-1.785536841003212624e-02
-1.389404523481923941e-02
-1.712687170123183833e-02
-7.257094460833275577e-03
-1.184178631745573355e-02
5.249927498697082480e-03
4.366070734476662323e-03
-1.443635077241592866e-03
-4.625638485795953436e-03
-2.427746267342553027e-02
-2.330919874800160829e-02
-1.505083656207479789e-02
-2.945051671490781647e-02
5.311472307884332854e-03
-3.933946097855162789e-04
-1.038119376898088454e-02
-7.974424690384512501e-03
-1.397114050103344558e-02
-2.293987619440565617e-02
-1.949645009942597290e-02
-2.747631560347785565e-02
-3.130132134630196628e-02
-2.921323766154415233e-02
-2.982468286148953415e-02
3.977466756269079293e-03
-5.774050719296049995e-03
-1.355149611896679530e-03
-7.268622662038016179e-03
-8.059279729327647676e-03
-5.067498894701571652e-03
-2.050904105283293463e-02
-2.188437785764611732e-02
-1.921800475932640417e-02
-2.044425483933565504e-02
-2.128955671083626600e-02
-2.046469108733100714e-02
-2.423739379541886563e-02
-2.558265081180991982e-02
-2.932441590715817448e-02
-2.675839797188253946e-02
-6.067480815460824829e-03
-3.200404625283631739e-03
-1.518431979456387297e-03
-9.778946921139033271e-03
-1.655646746599012675e-02
-1.401802389116436551e-02
-1.364534488255475693e-02
-1.414716268171433387e-02
5.263332407629844716e-03
1.019792871407693494e-02
9.786380227030593015e-03
-7.243417433986506712e-03
-8.324809050820797945e-03
-8.784683531214655325e-03
-1.771048108283370878e-02
-1.902576809554981999e-02
-1.816839177779285691e-02
-3.021594987870147159e-02
-2.201542310314535261e-02
-2.848762706387667279e-02
-2.238855621548852676e-02
-1.223065699831222576e-02
-2.650785947630563549e-02
-2.268240980790585046e-02
-1.687984219833484414e-02
-1.847457196856826245e-02
-1.448623745002815960e-02
-1.913087685284647552e-02
-3.003805211197628500e-02
-3.203355874930315789e-02
-2.605494863837172839e-02
-2.548409515332511824e-02
-2.068327687092810438e-02
-2.850696100903799685e-02
-1.629983356374385683e-02
-1.682688118808802966e-02
-2.380959204865993294e-03
-3.091195225644940980e-02
-3.019738073746586204e-02
-3.739480889808161068e-02
-2.327794659759446771e-02
-2.706733315587533245e-02
-2.656856659781566682e-02
-1.146078482905607890e-02
-1.682369815984722725e-02
-1.766583455422559776e-02
-1.819491589475168147e-02
-2.296472730916112800e-02
-1.878588103787808342e-02
-2.462258261724489458e-02
-2.136855542107237577e-02
-6.033973271070956247e-03
-5.686562735725716501e-03
-2.109805419709205598e-02
-2.190492848963752903e-02
-2.123042219354618482e-02
-4.813605307333283269e-03
2.767450441228226556e-03
-2.078975533827165031e-03
2.136780493951845328e-02
8.132262148989338085e-05
3.300380779930323343e-04
-7.090922199751864725e-03
-1.406250157755425771e-02
-4.978797688883855425e-03
-5.861787020522670616e-03
2.152415571766007774e-03
-2.556904861361778206e-02
-2.285435010241938791e-02
-1.906543818623649203e-02
-2.333293342367326068e-03
1.024704719924399154e-02
9.026542725143776869e-03
-8.209174543922493489e-03
-7.815559110340934007e-03
-2.137154900068517771e-02
-2.209179951698841612e-02
-1.388377020301343433e-02
-2.817209794527688813e-02
-2.345362897544720979e-02
-2.475128850877643741e-02
1.264751106225864849e-03
-7.461020202269984247e-03
-1.058532514247354644e-02
-1.333905023805860915e-02
-8.630932184055702117e-03
-9.058570346125669956e-03
2.615158516087000631e-02
1.855332520303962923e-02
6.672379619527842422e-04
-8.987227104675140493e-03
1.685998774377211323e-02
1.115615886602019068e-02
-7.302003412140234753e-03
-1.473894390570935388e-02
-1.863729290547914627e-02
-1.690431704382967804e-02
-1.419435990232355282e-02
-1.707665720100831272e-02
-1.536185248653493610e-02
-1.814996098781036446e-02
-1.870794270381385960e-02
-2.326160744225217597e-02
-2.793549459570580928e-02
-1.619748931044614343e-02
-2.051063835039718120e-02
-1.973659036453954269e-02
-2.048383802319731634e-02
-2.713287971187178932e-02
-1.011676980816906060e-02
-1.877184803953258277e-02
-2.093102438240774382e-02
-1.703438803032792173e-02
-1.785336478365070340e-02
-1.981136338437503377e-02
-2.754491884771888971e-02
-2.447602580885926971e-02
-2.784859029100696451e-02
-6.165652505787663253e-03
-6.611654627813972479e-03
-2.967714599212176608e-03
-1.550959831918097970e-02
-1.657207363258199340e-02
-6.504805654059394107e-03
-1.108519078791888289e-02
7.894015807151140299e-04
2.703663573196515239e-03
-1.621802697199045554e-03
-4.370876309600520669e-03
-1.262385107382221067e-02
-1.440288903148425476e-02
-1.515053718021949596e-02
7.525329473373764972e-04
-5.733535205379394588e-03
4.403777429159904874e-03
-5.767889803057226622e-03
-4.909972826710363655e-03
-5.090734158325548389e-03
1.302324020738002477e-02
1.532679106877895582e-02
2.264971299007945311e-03
-5.791345862861316078e-03
-1.295608957929716629e-02
-1.102391985406311545e-02
-1.453522246192345303e-02
-1.307744768108356007e-02
-1.433170952650814935e-02
-1.216790465259338927e-02
-1.423947642888688352e-02
-9.854284768417567036e-03
-1.228233683549753187e-02
-1.173765776073854711e-02
-1.216658579773674878e-02
4.308646824528137784e-03
8.493706392552859748e-04
1.141865982419552721e-02
-1.429486476686302708e-02
-4.578480588293653598e-03
-5.457146187857937064e-03
-5.212978705078334316e-03
7.521159788413212671e-03
-1.094037916181283404e-02
-1.558500236335226379e-02
-2.780275412981653843e-02
-3.346855195340561057e-02
-3.159049710506838665e-02
5.096962567648600020e-03
5.770643599241211119e-03
-2.314335166636014365e-02
-1.727348348550333118e-02
-2.145094311376338422e-02
-2.170114655450781221e-02
-1.356476666097757716e-02
-2.139818880606199694e-02
-1.968750742056973521e-02
-7.114550265908420150e-03
-4.393060313460553368e-03
-4.080803914753013822e-03
-1.142203974155240470e-02
-9.968614169254383719e-03
-9.341289810841963900e-03
-1.166625622390192636e-02
-9.203509979880654390e-03
-1.396110545388839705e-02
-1.411455512294283732e-02
-1.563890723811226652e-02
-2.076454585115047186e-02
-1.846860739569187657e-02
-1.887477798567277140e-02
-1.952503428302160282e-02
-1.593824518410296917e-02
-1.790575065882324748e-02
-1.784874930861930775e-02
-1.677365719098033656e-02
-1.722763897629899996e-02
-1.796459697944547546e-02
-1.636297716647570899e-02
-1.800905059345778159e-02
-1.695875782284129302e-02
-2.054034506104840396e-02
-1.275586185333006488e-02
-2.138285689083739907e-02
-2.528368559668480245e-02
-1.703241654568913091e-02
-1.996907253976568097e-02
5.965417943325417114e-04
-2.384312892856426530e-02
-1.035111585684639346e-02
-1.352043002666609636e-02
-2.463358652358308559e-02
-1.187816039878038937e-02
-7.222470873044434421e-03
-1.343253190458312644e-02
-2.550308540428734491e-02
-2.321130487635325590e-02
-2.292581643833347879e-02
-1.480700183387050062e-02
-3.435303731832011626e-02
-1.571040925756354845e-02
-1.389624051019892198e-02
-1.551382419801978184e-02
1.544815578956668448e-02
-1.331643571986570280e-03
-1.316833379030609742e-02
-1.645314825518110965e-02
2.934223610813664531e-03
1.110619153273940951e-02
-2.843648661469233389e-04
-1.262637237795096769e-02
-1.090280163851066637e-02
-4.566973110265054245e-03
-3.769700976613082899e-03
-2.424833809173333743e-02
-2.606529313072387596e-02
-1.351101839933873533e-02
-1.338422578004809689e-02
-1.571295385640986142e-02
-1.267093926993568230e-02
-1.276699728527792670e-02
-1.755295578776195145e-02
-1.874328970893678406e-02
-1.658722489967195610e-02
-9.442590156871301377e-03
-9.167245705612081866e-03
-1.959873851694073077e-02
-1.836048249682506461e-02
-1.527894448747101411e-02
-1.139172167235982282e-02
-1.078805131027269978e-02
-2.104991741630061683e-02
-1.687532511121538070e-02
-1.827465801554105027e-02
-5.079217084636514397e-03
-8.760993627971943448e-03
-1.052508397779431185e-02
-1.614008458062206677e-02
-1.561448451018636330e-02
-7.294362365286343255e-03
8.217913021630713147e-03
-1.571027451360148749e-02
-3.243991964727219440e-03
-5.139223735104250096e-03
-1.590395619039570996e-03
-1.186857411566588985e-02
-3.799279087511306385e-03
-1.130310802611048625e-02
-3.946576500994211645e-03
-4.199237542464043932e-03
-6.265676446972111638e-03
-2.936445566398879214e-02
-2.824498094449160238e-02
1.644340755476024485e-02
5.581072559185452572e-03
-2.774273970693507535e-02
-2.696743721755951589e-02
-2.265135007236695336e-02
-2.437031663875336221e-02
-7.178926591635343551e-03
-1.076992554743956207e-02
-9.150466825225396159e-03
-3.530233699475576227e-03
-1.517702988549677126e-02
-1.552491253863868929e-02
-1.822821555376460956e-02
-1.694993773029342121e-02
-3.956604621346912140e-03
4.101121619659356919e-03
-1.300123534071328385e-02
-4.560886834849676476e-03
2.823147832330349851e-03
-2.411031947682019342e-03
-1.692117175332941018e-03
2.196649338875780310e-04
-5.484419281129037510e-03
-2.107259578719093262e-04
1.680995443533301464e-03
1.743139791706966582e-03
6.136008515286750856e-03
7.446087639368513533e-03
-9.227850525330278525e-03
-6.345415014620998072e-03
-2.398093971921623491e-02
-2.804344369911420526e-02
-2.253486551164497059e-02
-1.979164721779291120e-02
-5.583107117923240097e-03
1.477694426171508035e-02
1.319796755623741172e-02
-7.383092108013408067e-03
-3.720032575959147849e-03
1.376025914067655412e-02
1.018565612114697393e-02
8.036242986136942802e-04
-1.032070760130441960e-02
-8.817227040769442040e-03
-2.083232638125992464e-02
-1.924728064757144988e-02
-7.984171846887292909e-03
-1.615304388216038008e-03
-3.336504577294860385e-02
-3.008174183491429260e-02
-1.335983587227750589e-03
-4.631510750187083601e-03
6.223176020950560265e-03
5.371148476173366430e-03
2.741375464124806184e-03
6.069972489220530273e-03
-2.138911703369953884e-02
-2.033830535486485028e-02
-3.253659315372407768e-02
-1.586581723458630258e-02
-1.733458419412327658e-02
-1.802788901198809982e-02
-1.414104132945590876e-02
-1.717233290737711984e-02
-7.454570916472651014e-03
-3.334365598913685731e-03
-3.023203937111881498e-03
-1.505771783471788463e-03
-3.515503011187046112e-02
-2.471069571372809873e-02
-1.700854717529089871e-02
-1.620932587683434484e-02
4.237937910435769957e-03
-2.046809169017828334e-02
1.374497754785162888e-03
-1.714379574540010956e-02
-8.084152009268713232e-03
-1.019427880655422725e-02
1.896107137474672966e-02
9.173184889472824413e-03
-1.307370588445976381e-02
-1.125400343187530489e-02
1.635980706408425231e-03
-8.318089628376885980e-03
-1.353827992222637194e-02
-6.920027455058966673e-03
-8.170511403864781988e-03
-1.225051786324019183e-02
-8.322422157619562694e-03
9.247048052678037613e-04
-1.378351756173653783e-02
-1.657361834048626595e-02
1.039089208699951923e-02
-1.017688407992490239e-02
3.016786941466660741e-03
-7.294075271975818727e-04
-1.410975518896100470e-02
-1.879655630332196375e-02
3.578661551076593554e-03
3.511670892392131809e-04
-1.404902091259069459e-02
-1.386049716922758447e-02
-2.028699822392129870e-02
-9.260675044548562218e-03
-1.877289824764214951e-02
5.568627862861961174e-03
8.382284006207548627e-03
5.950312304697357758e-03
-5.771171383875137693e-03
-1.299732290426568355e-02
-7.922903397792429442e-03
-9.168952446420281996e-03
-7.930822603233770793e-03
4.198893273032313321e-03
-2.568409356592411645e-03
-8.309452844479045877e-03
-4.014290936780517093e-03
-1.935050675961214744e-02
-1.653201375331494680e-02
-1.729430432137350412e-02
-1.243176323555850518e-02
-1.557156966084658964e-02
-1.554539924367617960e-02
-1.676436616785914255e-02
-5.089603755365456462e-05
-6.383295990874808187e-03
-1.457118203657387784e-02
-2.289842835655118286e-02
-2.170766138152553995e-02
-1.713396804863931769e-02
-2.060747128920623408e-02
-1.524091087879991639e-02
-1.402128962831924314e-02
-3.242709358838932049e-02
-2.758383028025413602e-02
-1.670420547313980486e-02
-2.304627348138906656e-02
8.789381639245358660e-03
6.940590157854583525e-03
2.100947869218422817e-02
-1.655530447113166825e-02
-9.759088957237050874e-03
-4.568445243187243751e-03
-1.976383394864282550e-02
-1.859352842619715201e-02
-2.322003004897098266e-02
-1.821398362846461672e-02
-5.150059125307077448e-03
-1.756713879098111171e-03
-6.413022954340292549e-03
-1.855372155858792463e-02
-1.556984060679913497e-02
8.430152279870567478e-03
3.703970008221159002e-03
-1.120639865372741531e-02
-8.469817900492185303e-03
-2.459232790643271771e-02
-1.853033253630117366e-02
-3.242384837173654683e-03
-1.249496073376026029e-02
-6.050933699040170026e-03
-1.936027413710384587e-02
-1.610436291395264327e-02
6.234058256257457749e-03
1.226463859856068671e-02
-5.636390332283685613e-03
-5.432861759846352272e-03
-5.434947100058514294e-03
-5.787601842195192782e-03
-2.022294783236457116e-02
-2.495672534425212585e-02
-2.870913794305579581e-02
-3.067887725254806255e-02
-8.338561328129530034e-03
-1.083621539974446817e-02
-1.635247285811409004e-02
-1.264842240033216790e-02
-6.077639095122744882e-03
-7.962296402511575069e-03
1.654208854534845773e-03
5.490082852313221164e-03
-1.790115708283933349e-03
-8.851160161061280909e-03
-2.817845301988143591e-02
-3.056941638272031581e-02
-1.091769779041184066e-02
-1.289363513351191731e-02
-1.302436949838016271e-02
-1.326664804234624871e-02
-1.086276029191465126e-02
-1.230193506095061083e-02
-8.802791344996268447e-03
-1.190305439353127499e-02
-1.195515179694852867e-02
-1.199909579681772594e-02
-2.339875535896359868e-02
-2.797410076527458850e-02
-1.269432645022226195e-03
-4.264538365964792334e-03
-4.478964428449402251e-04
-1.147962861172042472e-02
-1.804899947791610559e-02
7.331380344902438395e-03
4.775617216948579123e-03
-1.627335435084946783e-02
-1.869868049560009793e-02
-2.041530920379335673e-02
-1.483235950564394624e-03
7.542048319516454075e-03
-2.189041321668845283e-02
-2.022145832192875220e-02
-2.615579819095360803e-02
-2.242232161329181517e-02
-2.674316451635266184e-02
-1.646732798698762740e-02
-1.428968637280114869e-02
-2.668006630738256960e-02
-1.962309932836259208e-02
-1.946364226314050566e-02
-1.154851486826189572e-02
-1.573845663488756749e-02
-2.296973395557173198e-02
-2.207661344320033595e-02
-2.553703399464559223e-02
-2.218044054227293407e-02
-1.851148700838924077e-02
-5.682245133854923504e-03
-1.377777403627178376e-02
-7.626017365773282014e-03
-4.954799379768141162e-04
-1.725815569096533775e-02
-4.955411066030737145e-03
9.011300805247191709e-03
-3.030407374865636081e-03
4.336362003202527508e-03
3.945126900712541199e-03
-5.280644222662351367e-03
-1.961257471747125409e-03
-6.415665769091690590e-03
-6.126418317386970666e-03
-5.192378054354318886e-03
-6.099038462389421225e-03
-9.370773830995188236e-03
-5.868539217293979558e-03
-1.562054309289218589e-03
3.636697595110460193e-04
-7.302113028467864184e-03
-1.443375348415409758e-02
-1.545990690913078176e-02
-1.214029075352137700e-02
8.825802476281317550e-04
-8.222078117894363828e-04
-1.423976911947134709e-02
-1.102618021766688799e-02
-1.207203501815812437e-02
4.377403722916783056e-03
-1.008335468095677111e-02
-8.389514922082515203e-03
-1.486728298600486879e-02
-1.198898587912688302e-02
7.400001692898375630e-03
-3.133306600465565923e-03
-1.495356307392824158e-02
-7.897589441653894010e-03
-2.089998567489594061e-02
-2.960742107870530104e-02
6.647490448255555760e-03
-3.031677373022422396e-03
-1.933214714329133457e-02
-5.963566014109475746e-03
-1.225589106238876569e-02
-8.745678629599309972e-03
8.262045297530681495e-03
4.419696522526447326e-03
-5.662399142841664096e-03
-1.817498320256908870e-02
-8.746308129195355316e-03
-1.579786567577864259e-02
-5.529848824283392812e-03
-1.569712676411350039e-02
-1.912901004894210222e-02
8.242477017590475741e-03
1.462763650633232791e-02
-8.912399540929122344e-03
-1.294866488442419092e-03
-1.036634550970444435e-02
-1.207829667374028977e-02
-7.980935310561857246e-03
-8.051351381321349490e-03
-2.325717873759339596e-02
-2.091541555860557122e-02
-2.063898983166724196e-02
-9.624241881722643208e-03
-2.259860277591500821e-02
-2.562241646894716438e-02
-3.098834414869586218e-02
8.247497788354839210e-03
7.184175718459220178e-03
-1.629258267168816679e-02
-2.428998602005616111e-02
-8.310439107119921634e-03
1.360071683189181639e-02
3.432601853637866091e-03
-2.795755206539617815e-02
-2.721591705818434195e-02
-1.527999904307845123e-02
-1.465476241404657307e-02
-1.319772446325617743e-02
-1.968159862794836845e-02
-2.169040035350387058e-02
-1.562006056985694794e-02
-1.391330377023659685e-02
-1.119727673740088594e-02
4.099955797682544763e-03
-2.138602221665570138e-02
-1.688791072576354552e-02
-1.940272315473949571e-02
-1.732027838969819530e-02
-1.665001368878307395e-02
-2.980003553408177436e-02
-2.550302585084230841e-02
-7.690790632615351029e-03
-2.145876572228479998e-03
-1.570134625399786238e-02
-1.849473136096966425e-02
-4.789828876983657016e-03
-1.338143302293504609e-02
-5.974889843054081995e-03
-1.466414059137324637e-02
-1.510239908524838547e-02
-1.411234183584724779e-02
5.772286129112228457e-03
1.645290465829592555e-02
-1.970247799736455849e-02
-1.268558568218437071e-02
-1.666884920879036988e-02
1.935178719720575960e-03
-3.430029858003467286e-05
-1.504455201248973591e-02
-1.916777419947266956e-02
-7.275262984948576046e-03
-5.849472596508866265e-03
-1.274237486890523671e-02
-1.305338467818125542e-02
-2.810209413683705665e-02
-3.576370853874815542e-02
-1.124885720273120435e-02
-9.947079560460073480e-03
-8.202612371344807085e-03
-4.940939166257741176e-05
-3.498972579405061623e-03
-2.912092805557804642e-02
-2.048695247464872582e-02
-2.431506310423250938e-02
-2.010118960280548803e-02
-2.098756652384790866e-02
-1.458336352876478913e-02
2.499615580350107551e-03
-3.872024227180500926e-03
-4.195819113584562700e-03
-2.376808190501360565e-02
-2.413508572626432702e-02
-2.067523380160255289e-02
-2.986011385565528684e-02
-3.587222325667141498e-02
-1.706748457068849381e-02
-1.151444107133268654e-02
-6.003352843212154608e-03
2.312417406293387160e-03
-8.126027952520610206e-03
-6.359430747573284644e-03
-1.892783703875709420e-02
-2.548031391951806682e-02
-1.415804649232196150e-02
-1.491495869911460548e-02
-2.118820920239196728e-02
-1.533445649669845992e-02
-1.147198887796335026e-02
-1.189244758237237125e-02
-1.533501452477373586e-02
-1.653156357136044505e-03
-2.858349414697229293e-03
-1.451470059458348505e-02
-1.737109653379140597e-02
-6.731316210357405315e-03
1.681727529961045148e-03
-8.606166540322734634e-04
-1.869051247964662044e-02
-1.491565066177549109e-02
-1.347252812468497513e-02
-9.487968276445001709e-03
-2.994276908185593278e-02
-3.560603243427221815e-02
-4.050556140514358777e-02
-2.711894240521101757e-02
-1.850653551898963009e-02
-1.056016650206455590e-02
-1.560796110631383626e-02
-1.713120586460961312e-02
-1.677127689517981038e-02
-3.109649597551383121e-02
-4.071288106492815251e-02
-8.200479598623843305e-03
2.357024974307787759e-03
-1.586716419712248197e-03
-6.357877522405945385e-03
-1.205380199528637876e-02
-1.190098273929997633e-02
-1.958532777073977715e-02
-1.507346508866275366e-02
-2.098184852541363707e-02
-1.690974619773359666e-02
-8.569851745101365881e-03
-3.289663677522522423e-02
-5.945893666031101419e-04
7.427235985838146273e-03
-1.427087683255291034e-02
-1.689313872852640785e-02
-1.513278547052578429e-02
-1.344352182211211444e-02
-1.136809950298736487e-02
-1.786271525356030593e-02
-2.327911839589737533e-02
-1.759151296837885682e-03
3.937759455448306550e-03
-2.536989893614198174e-02
-8.685766674348250130e-03
-1.753220231336267629e-02
-1.792943379954618430e-02
-1.812328583260206308e-02
-2.172349522713959077e-02
-1.008617349622995853e-02
-9.643982420217361504e-03
-1.089877408661727408e-02
1.429188307117605986e-02
4.536817178465031228e-03
-1.614254363511456042e-02
-1.801443200333156108e-02
-2.440314215616425780e-02
-2.158687995971864115e-02
-2.441688304194529827e-02
6.235215020502700726e-05
-1.136185313911785080e-02
-9.823030713651877566e-04
-1.864965265334754541e-02
-1.399464830407468573e-02
-2.710371661073851871e-02
-2.666015168866181506e-02
-1.986011897596256723e-02
-2.167724621045832162e-02
5.030909560804921674e-03
1.676584455374278623e-02
-1.107480711849907068e-02
-1.350043433311259866e-02
-8.479708052740182744e-03
-5.536405917974688770e-03
-1.344382514464300370e-02
-7.731981271401603198e-03
-6.572937300104881100e-03
-3.669406846834241676e-03
-6.675604741272316879e-03
-1.923405785099996032e-02
-1.616693289747450635e-02
-2.023822249232708551e-02
-2.454128676297223643e-02
-1.222376050227613926e-02
-2.437614407847268905e-02
-2.473333069784100502e-02
-1.640599692697885734e-02
-1.234357913095838859e-02
-8.310932250163834134e-03
-7.203904813420710686e-03
3.978517539425709820e-03
4.844174089196270731e-03
1.522676355463655970e-02
1.832632115987438415e-02
-1.290081137152178370e-02
-1.521967217537618759e-02
-1.410300838451626800e-02
-2.047776179180041747e-02
1.492155240431030684e-02
-9.201912461293355536e-03
-2.313938484105530768e-02
-2.259823239132747325e-02
-2.395585844845347923e-02
-3.460826884713192209e-03
-1.231562938169826612e-03
-6.140975021014377644e-03
-5.477064268542532199e-03
3.050886345550317576e-03
1.222706169677385303e-02
-9.257369298170077055e-04
-8.790868593723631316e-03
-5.317963843439014147e-03
-1.659575788226286611e-02
-4.184871044370709961e-03
-8.972557205374084854e-03
-1.204992253592804437e-02
-1.847672782426080032e-02
-8.649260671245075777e-03
-2.641609751784430773e-03
-7.811320659749590965e-03
-2.408111892573027747e-03
-7.188694376790482309e-03
-3.722632390317706132e-03
-1.534990945718452647e-02
-1.624049295303068782e-02
-1.444245231636266842e-02
-1.731422727098230752e-02
-1.945112463106243167e-02
-2.099530019042167989e-02
-2.250289096233613548e-02
-2.143281740310869557e-02
-1.911117452603323941e-02
-2.797461060288505136e-02
-2.141499789242970117e-02
-1.650260264841505939e-02
-1.626675530839112246e-02
-1.036821720454486097e-02
-8.804747481641891221e-03
-1.236099072189756828e-02
-1.634575750722545850e-02
-1.445492694322602321e-02
-1.179002969347969429e-02
-7.941885426291176928e-03
-1.782734214344683724e-02
-2.028001597637952430e-02
-2.552654737009634432e-03
9.591246566757617720e-03
-2.130452837448293044e-02
-1.511341897767919063e-03
-1.125460138850819039e-02
-1.330532640932483718e-02
-1.643841700840847908e-02
-6.110923788400800249e-03
-5.289628862817280508e-03
3.476910157616981689e-03
-1.485600312660736609e-03
-1.774135864356127246e-02
-9.062173292752299589e-03
-2.743888366354420641e-02
-2.590198294635476586e-02
-2.209749100041747891e-02
-1.872624563307435236e-02
-1.840751275479675375e-02
-1.441977204159949726e-02
-2.900657078569942454e-02
-2.374535056863985930e-02
-5.306269316518339926e-03
-8.908936182604177551e-03
-1.992522941530267683e-02
-2.310064908131146538e-02
-7.238966275771000977e-03
-7.683668198855754181e-03
-1.250105690120422754e-02
-1.172139667728550397e-02
-1.453976824663264986e-02
-9.838022102956089920e-03
-1.063516451525771400e-02
-8.513595219751009377e-04
1.498053346973729667e-02
-5.746256603530147666e-03
5.181235586001297147e-03
-6.523824896095922407e-03
-2.258934231947515650e-02
-2.204082485031996774e-02
-2.164930791568746293e-02
-2.380405625067948464e-02
-2.271465522038368379e-02
-2.580519213760741268e-02
-2.371622782251302589e-02
-2.170389680030645682e-02
-7.222996306247165405e-03
-7.573560624305595082e-03
1.063407586044126576e-03
-2.289546467336751531e-02
-3.477646868410227965e-02
-3.553896949209840034e-02
-3.347788795531436018e-02
-1.931692914554913182e-02
-1.035167490820281151e-02
-3.149360103508736658e-02
-2.718325052102485428e-02
-1.344516217027750919e-02
-2.359948289819619599e-02
-2.651430595488750777e-02
3.740740659590231386e-04
1.306621015624029845e-03
-1.455349236615039073e-02
-1.590716544222262052e-02
-1.322591745357500938e-02
-2.127021009648287150e-02
-1.913698333637766508e-02
-2.055524560020685967e-02
-2.229598890347539442e-02
-1.658624866997597536e-02
-3.680816329349807792e-03
-1.468576735854981372e-02
-7.891317510666602877e-03
-7.437732667825732932e-03
-7.669660698345675577e-03
-6.762134014110869314e-04
-2.949348206422302068e-03
-2.356818535112823257e-02
-2.608717093645228011e-02
-1.406488311113274561e-02
-6.347723730079229271e-03
-6.080404601283865770e-03
-1.718664378436337778e-02
-1.712491309712587881e-02
-1.071217850705080514e-02
-1.206983625782662856e-02
-1.345298435963374582e-02
-1.508529266593944436e-02
-1.689996822746386851e-02
-1.097437191373394627e-02
-1.335028257176272548e-02
4.950466117333326803e-03
4.910983491087700728e-03
-1.364469975492970180e-02
-1.934223714937019847e-02
-1.213187420306698593e-02
-5.538900565057046539e-03
-1.092870145815205175e-02
-1.233644595875764242e-02
-1.433203784273854274e-02
-1.560279845263402160e-02
-3.328384535668719654e-03
-1.431105009071786081e-02
-3.835722210725290258e-03
1.802358150034477635e-02
9.268161770633264254e-03
9.310088315512790591e-03
-1.538213977688876119e-02
-1.669679680310488454e-02
-2.987994335920162586e-02
-2.992000002599947903e-02
-1.800425723103108236e-02
-2.515934324170232203e-02
-2.206532695060695742e-02
-2.554518798488712369e-02
-2.622957980397905633e-02
-3.011032046663020267e-02
-2.230404837327734299e-02
-1.929538662148735928e-02
-1.866376560105966267e-02
-2.355855889807779990e-02
-2.286619528396627299e-02
-2.478883698254818677e-02
-8.588215625212709467e-03
-1.946914893415121681e-02
-1.336078076810059273e-02
-6.311449495494855441e-03
-1.566362677715085056e-02
-1.672873700698543700e-02
3.104960846612989166e-04
8.862560373835108932e-03
-2.232968205569261025e-02
-2.031154677675081274e-02
-7.474880607020502159e-03
-6.846440025383415933e-04
3.960070301826903636e-04
-2.579837752928001299e-02
-2.210684706483460535e-02
-1.928455427282176754e-02
-1.972679442068719924e-02
-2.023405614092624663e-02
-1.314273247675034999e-02
-1.061910706536635558e-02
-1.414134125709388783e-02
1.012531046660771275e-02
1.032253435350030668e-02
3.632718508805843328e-04
-7.437055620326336013e-03
-1.845106675740676438e-02
-1.319988441638088490e-02
-1.066724556345556747e-02
2.950561063748229074e-02
-1.402341689578646662e-04
7.479904682628603710e-03
-4.342264925120617458e-03
-2.606743783051915751e-03
-1.716110070452574882e-02
-1.409370909441604557e-02
-2.335273154903080850e-02
-2.223836605330724303e-02
-1.848082416518744345e-02
-1.815894321497154087e-02
-1.483181030581311524e-02
-6.862471117510823317e-03
-7.732781260693476341e-04
8.127447269345669132e-05
-2.063556029238082252e-03
-1.135666676069422426e-02
-1.119084569866188143e-02
4.488556693496337062e-03
-1.684192273666160634e-03
-2.550472277238283875e-02
7.578939768280872763e-03
9.172580123858695492e-03
-1.114710063181010430e-02
-5.763088171684695518e-03
-5.252699708840884857e-03
2.543879761288662944e-02
-1.250497636639008592e-03
3.612128814287122579e-03
-7.197752391120322731e-03
-1.860992331976944053e-02
-3.226697237492941184e-02
5.908584805657490086e-03
-1.026949503526160094e-02
-1.222867182710057898e-02
5.822100035530458975e-03
7.910799375166567560e-03
7.004436326449007969e-04
-5.963119629439268300e-04
1.251669964924650470e-02
1.514058791457350249e-02
2.138390356517557225e-03
1.596511267317567845e-02
1.192532743827542062e-02
8.805733928992450291e-03
-2.360575589872722369e-02
-2.416117280191699621e-02
-2.161110308185248616e-02
-1.635351370439935836e-02
-2.082685699491473169e-02
-2.011511668750408724e-02
-2.976263117371985220e-03
-1.055458376659612965e-02
-1.072821309930968060e-02
-1.646816504106028006e-02
-1.021554582308339607e-02
-5.939805405675304371e-03
-3.552325926497405979e-03
-2.435604781551298573e-02
-3.203916535799086751e-03
-2.156559685738098416e-03
-6.562265005157543081e-03
-1.309101302869994030e-02
-9.301268351817972013e-03
-1.214796093628600117e-02
-4.122208727782558646e-03
-1.956835887502467522e-02
-2.351279125734247882e-02
-2.739102398989211665e-02
-3.148084346298999497e-02
-9.735698042879202888e-03
-1.563265788893580810e-02
-1.893067192744632074e-02
-2.551807121789309574e-02
-2.584710071880923221e-02
-2.490946018756302893e-02
9.303631630575511652e-03
3.125281109571029919e-03
5.457525547031708522e-03
-1.222718917602389453e-02
-7.760854149347494631e-03
-1.392819701113957344e-02
-1.242335747994902616e-02
-1.779213099266870740e-02
-7.587280041550400990e-04
3.185337842208861570e-03
-5.708546420871263294e-03
5.483603859580987207e-03
-1.983634760013671533e-02
1.744274011834599791e-03
-1.259473290772805502e-02
-1.518885436901829845e-02
-9.103891944163574820e-03
-1.235327116341399141e-02
-1.237942430205469027e-02
-3.662900563269813614e-02
-7.888976503519835870e-03
-8.789267411118526288e-03
-1.279982102234187950e-02
-9.171627637136943803e-03
-1.216710492445466883e-02
-1.213490265130457574e-02
-1.098533643506537441e-02
-1.211462817618356308e-02
-9.695250480246067615e-03
-1.065868258428388608e-02
-2.333426111821157792e-02
-1.961902012838526860e-02
-1.624974834117489178e-02
-1.400708095792486084e-02
-1.607067501161724143e-02
-2.811076289007669732e-02
-2.398951186168438512e-02
7.815449405266121363e-03
9.360777193490649531e-03
-3.145959227129036667e-02
-3.669147839034689329e-02
-2.540888349384206463e-02
-2.801375383441656944e-02
-2.298738326139775166e-03
1.367634169672644028e-02
4.259484684338580608e-03
-1.795589886592219991e-02
-9.612684346626298657e-03
4.271087770100533490e-03
-3.190312272697821191e-03
1.652511858119557961e-02
-4.969049739243103052e-03
-6.826255377314989405e-04
-2.193548705088872296e-03
7.213365043902952682e-03
3.299652572125318182e-03
-2.425924281293423065e-02
-2.425435178033086628e-02
-2.510642441627715035e-02
-8.646376693223805504e-03
-5.692293740965414205e-03
-9.921636202077971714e-03
-2.081070954294747793e-03
-3.815952336563257141e-04
-6.484084463166623312e-03
8.797165982408315307e-03
7.308417049484068097e-03
-2.553852701556765491e-03
-3.007677919569793842e-03
-6.629537701999492841e-03
-1.247589998083684093e-02
-2.081219185449246709e-02
1.083642618182041779e-02
-1.165896574224029036e-02
-1.098713105926301184e-02
-1.202395806925392156e-02
-1.112142421896865872e-02
-1.757720100907116112e-02
1.615238892632628364e-03
-1.475019912795052200e-02
-4.927187439581088950e-03
7.401699614654875040e-03
-1.606359384476372873e-02
-1.857395484027895075e-02
-7.185332211352409536e-03
-8.171134824503205329e-03
-7.327743564222888306e-03
2.326429953888797114e-02
-1.042958882317610719e-02
-2.059403927662091201e-04
-1.172403096695910293e-02
-1.780711334276970093e-02
8.568334494727942573e-04
-1.837895138740402654e-02
-1.124251738252338845e-02
-1.959037091651098447e-03
-2.824375548109729975e-03
-1.498029888478629411e-02
-1.629382707106570918e-02
-1.484653200335961723e-02
-2.462221321891356132e-02
-2.222561017175094314e-02
-9.681470162531305435e-03
-1.440256980564973317e-02
1.229746617285607836e-02
1.368532733634542813e-04
-6.366808868171570934e-03
8.398881062797599120e-03
-2.497387111484001762e-02
-1.954879267069773580e-02
-1.602072278354955623e-02
-7.166741552940028744e-03
-4.189537981442819498e-03
-1.986840512545338250e-02
5.020781924141321829e-03
1.234404232865873169e-02
1.861588257386477974e-03
-2.173395247668133759e-02
-2.443877187440660764e-02
-2.188211446059537199e-02
-2.527264611338240693e-02
-7.830288130503359340e-03
-1.967681167724045013e-02
-1.537720925783713985e-02
-1.238670117540119353e-02
-1.747902172142079893e-02
-1.194187480366287919e-02
-8.465128515307429255e-03
-2.169734982980716168e-02
-1.915044829098447657e-02
-1.216611839172076527e-02
3.847527610150231012e-03
-1.779991539683826356e-03
3.417765128159753769e-03
1.456031197182312137e-02
-2.631352216146724821e-02
-2.437085370185619604e-02
-2.837825199710323001e-02
-2.713553323910711940e-02
1.221741622963048654e-02
-9.662187418706278882e-03
-1.028543890141289142e-02
-8.228220686846345056e-03
-5.717421807471927304e-03
-1.135053662132171938e-02
-1.016903204416515563e-02
-7.144130622523931981e-03
-9.949639251156676759e-03
-7.996523722745903229e-03
-9.333574500751175632e-03
-4.042173572805576875e-03
-7.144077900929778242e-03
-1.627492869613642729e-02
-1.339776673423044573e-02
-2.065454431985823402e-02
2.359698278409621056e-02
2.040741490553087296e-03
-3.468631496659099929e-03
-4.629206680792089662e-03
2.945588255570244290e-04
-6.191321901220011442e-03
-1.192070557965500648e-02
-7.035958301166734923e-03
-7.023504558196420368e-03
-9.257445396655640188e-03
-9.831974561362756895e-03
-7.331841897263379447e-03
-1.418704769190347499e-02
-5.473351443533702385e-03
-1.644467141905806354e-02
-5.022835085364492184e-03
-5.652193771450357389e-03
-2.513553229912664222e-02
-2.768754230138185252e-02
-2.527158148612863929e-04
3.719085829169012109e-03
-8.338119840063197563e-03
-7.009012493878061939e-03
-8.838904221329508398e-03
4.362234485134936987e-03
-5.297752059161961111e-03
9.585612604971311193e-03
3.945437593871743004e-03
-4.660337883759478432e-03
-1.371567603228295538e-02
-1.252926682639502430e-02
-1.911957038738951176e-02
-1.673231746438921808e-02
-1.053846901791103373e-02
-2.645554582621147816e-02
-2.626787118884575320e-02
-3.987657131174875830e-02
-2.729367122582609592e-02
-5.266905210626561876e-03
4.331562645459896208e-03
5.026750642797737749e-03
-1.155932405361512899e-02
-6.511100199752596109e-03
-5.512194847426655532e-03
-7.040256292586592919e-03
-1.262189753195810601e-02
-7.143594136445578432e-03
-5.986680706249194843e-03
-1.284910748782537929e-02
-9.378597869002070625e-03
-1.600210921279869580e-02
-8.663408575581478684e-05
4.377505377805549392e-04
5.415278735859488726e-03
6.884770216960083705e-03
-9.456385987059797923e-03
-8.110193635698984688e-03
-1.935895732882452619e-02
-1.829024494105083165e-02
-2.423343876537684821e-02
-2.507664638471566315e-02
-5.857240048847235821e-03
-6.944381809093800977e-03
-3.662042078500092179e-03
6.323033609802932581e-03
-1.828859238112758717e-02
-1.982352358401467257e-02
-2.227163222499067147e-02
-1.357612769127922690e-02
-1.740477657624443786e-02
-1.634649679252213675e-02
-1.297043677919893466e-02
-7.335430328978726627e-03
1.862691391788604336e-02
-8.425789287645403525e-03
-1.349859734163610936e-02
-9.860929965315521142e-03
-3.084667566097652400e-03
-3.315090613764636041e-03
-1.333370744897822979e-02
-1.090204835971409977e-02
-1.077218916056289603e-02
-1.300246126235208612e-02
-9.793112260347068207e-03
-7.629840004650697942e-03
-6.797973623177866638e-03
-7.226096972159755903e-03
-2.108077571709353337e-02
-2.178177096901015228e-02
-2.999228473386492816e-03
-4.617826512487881348e-03
4.435073986876130608e-03
1.056469910558769341e-02
-1.261899982629535386e-02
-2.004605238711712825e-02
-2.003352070222942996e-02
-1.880618746110239436e-02
-2.157339459591624264e-02
-2.544501136462688426e-02
-1.058202478391693721e-02
-3.973214837753142117e-03
-9.513869388599497517e-03
8.206018755585933050e-03
6.415692045730356750e-03
-5.361060241768267690e-03
-4.395134173525602934e-03
-1.218876276342426360e-02
-9.173518274003427883e-03
-3.004155940106286241e-02
-2.495813167935246116e-02
-1.467270243189551689e-02
-1.582773168356891094e-02
-1.741570719760933417e-02
-2.791454955903456894e-02
-1.607525052015461309e-02
-8.755029154291502427e-03
-1.956005552533555611e-03
-1.251945214827763359e-02
-1.281940166960961192e-02
-1.244848667393247919e-02
-2.622182974178760562e-02
-1.418510482187683094e-02
-1.894512689770944461e-02
-2.444566735394440929e-02
-2.234785464290191259e-02
-8.619263310398837113e-04
-2.253399124031468369e-03
-1.134314236435747351e-02
-1.845157074895297650e-02
-2.632515008883126381e-02
-2.516680302942495701e-02
-3.096053051513178445e-02
-2.590700829812136660e-02
-1.366086061734132773e-02
-1.467530396829021255e-02
-9.582575727130827198e-03
-7.279421677388032280e-03
-2.111896160314849155e-02
-7.663122587515593977e-03
-6.881305712469895468e-03
3.872633662224549719e-04
-4.875294578023967409e-04
-2.148097857525445645e-02
-1.445345307383185014e-02
-2.156389839085709470e-02
-2.723655715063270227e-02
-1.242593699301477832e-02
-7.922971940747093947e-03
-8.780893605167436680e-03
-9.610055606923286961e-03
-9.268892148429032016e-03
-2.543500189494621658e-02
-2.503962891128981225e-02
-2.043274302657600502e-02
-2.045636226185745810e-02
-4.897413112415865445e-03
-1.150945432433339360e-04
-1.254926406424097980e-02
1.490325465341867496e-03
-7.389511007038285402e-03
-1.008741493398461475e-02
-7.997344855308978137e-03
-8.520502323842571793e-03
1.064344085688562550e-02
1.500284883616207713e-03
-1.963623520103495706e-03
-1.971129156575553588e-03
1.057744359113400694e-02
4.961122676943120584e-03
-4.721547661249206849e-03
-3.835441783376143665e-03
-8.511030749922357877e-03
1.923443531323320785e-02
-1.706365143913584834e-02
-1.730693544072408122e-02
-1.198531156286219805e-02
-1.295736390345454117e-03
-8.374222942552146318e-03
2.091233852265771045e-03
3.409352364583242761e-04
3.131000241267638674e-04
-8.046039145140126969e-03
-2.829997953893000507e-03
-1.468011555738733646e-03
-5.415021742099022754e-03
9.717875799214844212e-05
-3.814850997946094956e-03
-1.740477782673202113e-03
-2.518188764592121584e-02
-1.321617671418565641e-02
-1.331887199691956201e-02
-7.576557448366697325e-03
-1.163231095103565808e-02
-9.938685192785651212e-03
-1.216362975359945933e-02
9.481374626655767954e-03
1.058313628145219135e-02
-7.986379751460180587e-03
-1.396250645452739095e-02
-1.465235636867467939e-02
-1.604585584022203554e-02
3.304939928393360680e-03
1.072283491723635858e-02
-9.381558312551843692e-03
-9.981058861693963696e-03
-1.134451133233184417e-02
-1.112832467441361890e-02
1.355252807683319724e-02
-2.209672470322967403e-03
-1.763201443406602065e-02
-1.808583292552620736e-02
3.161941716440728502e-03
-1.088667614011311867e-02
-1.025545579643929485e-02
-1.017283823081101615e-02
-9.520601052374118994e-03
-9.040114387572312921e-03
1.337163209819927992e-02
1.402590645636268493e-02
-4.034982413531784662e-03
1.125147620743621561e-02
1.141119653145039083e-02
-1.733867411797184940e-02
-1.456114947456866281e-02
-1.217057494950816131e-03
-4.178572814348883654e-03
-3.367328118424957936e-03
2.025333916798625119e-03
-2.763709954114009285e-02
-2.311291153269559237e-02
3.235492372438121544e-03
5.504779857969980227e-03
-3.364806333527877759e-03
-6.023227439882795908e-03
2.803796690591559525e-03
-1.463911693683097627e-02
-1.569030260387527589e-02
-1.843910985522748125e-02
-1.613612212250482847e-02
-1.069387550343562157e-02
6.885099351100771280e-03
4.419561777280449875e-03
5.802546425699136104e-04
-1.642758119469128752e-02
-1.712360069876845900e-02
-1.273814813093413281e-02
-1.007703148519367015e-02
-1.077347996351422227e-02
-6.792673032375990717e-03
-1.159435827311928492e-02
-2.707191918413994619e-02
-1.009194788962039166e-02
-6.167092104966700149e-03
-2.183410923766945788e-02
-3.199624334629515982e-02
-1.059861275776405667e-02
-1.451325682616150421e-02
-2.263041222465266011e-02
-1.924620452229821796e-02
-2.269756377853439366e-02
1.679166393655264281e-02
-5.637030588998488342e-03
-2.218488189771211942e-04
-5.797478295661289728e-03
-2.142565878343661440e-02
-2.150941671950721765e-02
-1.034577443118533946e-02
-1.184237692574306548e-02
-1.010807865525491754e-02
-3.783955317436792001e-03
-1.328586018215585987e-02
-1.043903764311398044e-02
-9.576824817405999932e-03
-1.294423141055165392e-02
-1.206999744178648137e-02
-1.787312200131616416e-02
-1.504349125155306222e-02
-1.223702442983298430e-02
-2.289814777984548397e-02
-2.391323341223768398e-02
-2.020949535652112605e-02
-1.311926425253064424e-02
-8.999338364169691754e-03
-4.234502881226336925e-03
-1.316941051956435627e-02
7.457092944752842165e-03
1.014048649353963688e-02
5.566276544048247635e-03
-3.524275157583699886e-03
-3.786602802914471478e-03
-1.018638982171946039e-02
-2.121679121791590714e-03
-9.866609156794587873e-03
-1.586535639253289220e-03
-9.359765178846337838e-03
-4.226012741416729571e-03
-2.962079590095632875e-02
-3.299600507244979802e-02
-1.712897529950281952e-02
-1.136262055702831272e-02
-1.938931751545490759e-02
-1.487726550572410038e-02
-1.796602111924103240e-02
-1.586790793622202753e-02
-6.671611536730450917e-03
-1.410181929998661696e-02
3.228877883545946698e-03
7.658001831260019369e-03
-1.085381965667856115e-02
-8.507762351732254744e-03
-2.664546794236984095e-02
-2.438600296828341563e-02
4.767348615712499460e-03
1.882680203471001623e-02
-7.121565399393835986e-04
-5.564345540763711642e-03
-5.847972462438268126e-03
-1.142109308926900733e-02
-1.010414952791928445e-02
-1.580626010735399281e-02
3.985768816475103557e-04
-2.997793119852700471e-04
-7.050152796444107348e-03
-1.518553108549362644e-02
-9.997614486036499395e-03
-9.940701430897204774e-03
1.842830408909080023e-02
1.174218832119993706e-02
-7.930452672895830363e-03
-2.028201205047361344e-02
-2.129329456204565388e-02
-2.308465581841364841e-02
-2.648068252331614927e-02
-2.236682500784988037e-02
-1.672621597617049427e-02
-2.650554000241761533e-04
-7.524805924696594331e-03
-5.050813222507748688e-03
2.268541696219570497e-02
5.421960452479726973e-05
5.328677504868224030e-03
-1.172277348317298656e-02
-1.092758778597080135e-02
-2.049957352304674144e-02
-2.356466276409096422e-02
-1.646134821416635197e-02
-1.735090158118586870e-02
-9.251023239712824822e-03
-1.040739281291530247e-02
-2.052620561719147030e-02
-3.524305612629807793e-02
-1.506395740055333984e-02
-1.566087372112182768e-02
-2.562216159493090756e-02
-2.188363084984972298e-02
8.293876501864805295e-03
-2.341051664510326175e-02
-3.002535486468693032e-02
-3.156528463231757231e-02
-3.072130899349294689e-02
-1.813448119235697154e-02
4.894928579639272123e-03
7.728989213408943640e-03
-8.884954146837266767e-03
-1.281065356017017237e-02
-1.104899276563764583e-02
-9.184942195970375103e-03
-1.993344110719540499e-02
-2.231576357455306719e-02
-1.676591718388824315e-02
-9.451373516988079843e-03
-1.081788555272968078e-02
1.010290671876641448e-02
7.073718665055307372e-03
-7.208890555100667605e-03
-1.891710177051404707e-02
-2.267016182472848806e-02
-1.678422978322143683e-02
-2.389074575303644019e-02
-6.003426317684638219e-03
5.371614008977536846e-03
6.905499375768416222e-03
-1.408057473167028881e-02
-1.471783879081177589e-02
-1.034297863754629794e-02
-7.614123073833259370e-03
-1.024213157878708924e-02
-1.096875447714557028e-02
-2.178330933897931754e-02
-4.671867714772034649e-03
-3.087825443724000543e-02
-5.416584044253188249e-03
-2.398191639567194208e-02
2.900309550069359857e-04
-1.091145734788618975e-02
-1.286585143028237850e-02
-1.588810125778073595e-02
-6.473801814793266225e-03
-7.148394244727383079e-03
3.192861897829475659e-03
3.170014619362568255e-03
-6.030597579038591768e-03
-9.908030286689397878e-03
-7.310218112761054238e-03
-7.836577111428308373e-03
-1.553827894558270153e-02
-1.439723512333488872e-02
-1.319698164615180913e-02
-7.013755746141576465e-03
-1.635295226286278755e-02
-1.557529729460420571e-02
-1.096902750236707080e-02
-1.413343910589076255e-02
3.188870569200275354e-03
-1.888362757530973740e-02
-1.775274730857490449e-02
3.226736862739164303e-04
-1.059880290492057515e-02
-8.892141191893278285e-03
-1.281251704045290735e-02
-1.268161496757302942e-02
-5.114573395701789774e-03
-6.964568580268325551e-03
1.585855821148367609e-02
-3.365370458921493162e-03
-1.670437188805446414e-03
-1.830300130357778374e-02
-2.626328414046599780e-02
-2.143787414914074055e-02
-2.176563347684458069e-02
-3.032034632031806870e-02
-2.510625013874221573e-02
1.319221729558384170e-03
-2.113098106222141212e-02
-2.296526577429979649e-02
-2.734512395886936828e-02
-2.086540280177230297e-02
-2.376649857246498215e-02
-2.513826156187576322e-02
-1.644352123041130029e-02
-1.895397081653692889e-02
-6.876256763974866737e-03
-5.449987926294004061e-03
-2.582781771764913747e-02
-1.904439327286141376e-02
7.730040030930361225e-03
-1.075454566305118764e-02
-8.364754026351102142e-03
-1.352548425101146937e-02
-2.173716645567129110e-02
-2.575342149727165297e-02
2.084699804682474747e-02
-3.716628935039156378e-03
6.360264792451602624e-03
-3.161609031554944715e-02
-3.419984160785093097e-02
2.749932318471549984e-03
-1.839370344998879359e-02
8.784524133898198237e-03
-1.527942841995187781e-03
-8.608213194630660522e-03
-9.777729308773555963e-03
-1.748841439601806283e-02
-1.662889330118998144e-02
-1.212888226077093838e-02
-1.041189894916483456e-02
-1.302529178008557907e-02
-1.452419165755378626e-02
1.039408905647639172e-02
-1.667810959303221100e-03
1.347875017342549603e-03
-7.131919102662039045e-03
-8.955533041099583702e-03
-9.187389489563761724e-03
-6.631856773061988765e-03
-6.451646656924409952e-03
-8.915019654615752168e-04
-1.737088341920894549e-02
6.067168438612940626e-03
1.274857940983326055e-02
5.517614092033590496e-03
6.312980047757787028e-04
-1.184779310382983765e-02
-9.451587474662355437e-03
-4.528844466545523320e-03
-5.841633311994572260e-03
6.489195868426218643e-03
9.478957604042298479e-03
-1.373730249408709747e-02
-1.200730675697072973e-02
-1.474998687750139238e-02
-1.547787269957065677e-02
-1.234822149581175574e-02
-9.941745981294087750e-03
-1.107270240523232710e-02
-4.931296285208722034e-03
-7.654657647047319845e-03
-1.070798052785017218e-02
-1.981979080493140397e-03
-1.669302577744544158e-02
-1.347464130779977252e-02
-8.979980010943217072e-03
-5.399999215966192791e-03
-7.259048301631184155e-03
-2.644046727731022214e-02
-2.772868981450264322e-02
-2.667996223732345060e-02
-2.689772919525704534e-02
-3.150099364837325583e-02
-2.430930351276073750e-02
-2.726642623534859464e-02
-9.877073339629829571e-03
-1.179594820463482525e-02
-1.003548756722912744e-02
6.771308578217611999e-03
-5.449416927534724703e-03
-1.825914491034943705e-03
5.193742120476095570e-03
6.357967825090287068e-04
-2.943761822667335330e-03
-2.996385315913559222e-02
-4.091315742962686047e-03
-2.076319036290385361e-02
-1.038438812075900310e-02
-2.030672927806618025e-02
1.888941004807237131e-02
2.771161412950974481e-03
-8.675980751751081327e-03
-1.090714362577510643e-02
-1.390972091242348267e-02
-6.051643991755762363e-03
-6.994244695151772238e-03
-8.444575149259034991e-03
-2.632424397916617153e-03
-1.685685100816218876e-02
-2.848415129834985099e-02
-2.115390834617167024e-02
-1.263243826809675764e-02
-1.579626944577164696e-02
-6.529485852280760526e-03
-8.518708768799235914e-03
-1.834262663539062282e-02
-3.350743127026120302e-03
-8.937172409932601924e-03
-1.918365587444155473e-02
-1.059598975251495323e-02
-1.153963822382696007e-02
3.873745704066121863e-03
-1.032445695217009719e-03
6.247934444426517415e-03
-7.682295237222728015e-03
-2.611321344882950451e-02
4.106384539120494157e-03
-4.960424150386000264e-03
-1.837915282296744002e-02
-2.130126939849471233e-03
-2.777008097837606153e-03
-2.493528661663481708e-02
-1.609068593381829740e-02
-1.761240121237251863e-02
-1.026758233034995391e-03
3.095272448819737926e-03
-1.214101804306784958e-02
8.607477069548757475e-04
-1.456464972080607871e-02
-2.588778359107252874e-02
-2.107694439846769657e-02
-1.945220824072949745e-02
-2.366581310211016489e-02
-1.734675609356888665e-02
-6.995711896275553718e-04
-1.517700842905675591e-02
-1.295667462578490269e-02
-1.790504134422830559e-02
-1.898060385771752068e-02
-1.532408393032099435e-02
-2.288937550599190809e-02
-2.513042766257065144e-02
-2.508897260875510987e-02
-2.556799559357920970e-02
-1.165442785445098411e-02
-1.435479015681825031e-02
-1.444204524515131476e-02
-1.309930088045065458e-02
-1.247399136669451875e-02
-1.664583611488699988e-02
-3.644917776460950779e-03
1.628212807553177863e-02
-1.489351386091255017e-02
-1.668231176718284678e-02
-1.652296952081550724e-02
1.783758887609254370e-02
-1.657472168230349468e-03
-4.679096557078414424e-03
-9.257375119996518126e-04
1.931557488804090065e-03
-1.004134235876444868e-02
-1.225370267110163260e-02
-2.493942010030225642e-02
-2.376980398997732141e-02
-2.305179054114404880e-03
-9.030193915856845818e-03
-7.872062801940228616e-03
-1.177553506697493618e-02
-1.877804658385714281e-02
-1.701624570578463488e-02
-1.793240522374098256e-02
1.113164975048102192e-03
-1.412237808682957271e-02
-5.126441304658151815e-03
4.936819989405217754e-03
9.729329724527077325e-03
-2.437681952783840242e-02
-1.536029930883379274e-02
-1.470783643578398719e-02
-1.558629956308225928e-02
-1.694867345886371876e-02
-1.663451534818679439e-02
-1.925077402169715277e-02
-1.891441696053477312e-02
-1.370088799254126806e-02
-1.547197376826548853e-03
4.979085707183067595e-03
1.532495753826182069e-03
-3.648584365982889249e-03
1.032830153104587721e-02
-1.070697907463854029e-02
-1.455558225845921504e-02
-3.901907235237361739e-03
-7.928849673743637236e-03
7.959331811538924648e-03
-1.642121784029830847e-02
-1.620270953965010849e-02
-1.128997963376921973e-02
-1.550180629833333885e-02
3.428136487941276607e-04
-1.048639686742881133e-02
-1.960873418618562861e-02
-2.046180741873359840e-02
-1.435889718344054815e-02
-2.834522460132778837e-02
-1.737350225072573084e-02
-1.306792735815595977e-02
-2.165670590722921715e-02
3.519765134755568469e-03
5.740135562860047141e-03
2.328434591188542450e-03
-1.087402173870890415e-02
-1.223041710907804731e-02
-1.381574467667050568e-02
-6.547995237211268020e-03
-7.490582578744252144e-03
-3.544447111158098834e-03
-1.315038692009762138e-02
3.848074055090698435e-03
4.839610522693356745e-03
2.648928948818165575e-03
1.499850550784669555e-04
-5.984420776821149784e-03
-3.135042199770556037e-02
-3.072324003917308380e-02
-3.723921706264246567e-02
-3.337948120898134863e-02
-4.773749296292931037e-03
-1.127859313731206792e-02
-1.185960079672237003e-02
-8.227568355436868514e-03
-1.113465003954041896e-02
-1.619426804590102728e-02
-1.762364331367608991e-02
-1.952060669698106599e-02
1.271595696604128261e-03
-3.306216135630636339e-03
-9.486941516874328531e-03
-7.909264659253895449e-03
-1.659822258886088642e-02
-2.123021736141248936e-02
-1.856624112423726353e-02
-2.386093386288744983e-02
-1.858396410161375009e-02
-1.107823706755593253e-02
-1.429846222702822571e-02
-1.856439183071296670e-02
-1.989334723398632210e-02
-1.151294499587926339e-02
1.215614331807725670e-02
2.354795528346488240e-02
1.574861574788571569e-02
-1.016862176830075210e-02
-1.065966221134596013e-02
-6.451650780250835909e-03
-2.323140652622114263e-02
-2.193027636305210776e-02
-7.602359390611070772e-03
-8.646115010313322469e-03
-1.138920538695613327e-02
-1.128825009135534310e-02
-1.317826682439413206e-02
-1.755711951606064164e-02
-1.117395216417277695e-02
-9.266650043363040129e-03
1.512657810534240137e-02
-1.655069025745405098e-02
-1.532710245468734550e-02
-1.160263897557516424e-02
-7.490035597811970855e-03
1.131975463256665304e-04
-6.536623422203394727e-03
-4.814999885710696120e-03
-2.490545592087906740e-03
-1.794118734256936257e-02
-1.261287381328961288e-02
-1.753055654018886508e-02
-2.111552966390720099e-02
-2.341483414311651759e-02
-1.385398838605755335e-02
-1.432422622077072182e-02
-3.098301412927341111e-03
-4.295661370187499675e-03
-1.268782287837105782e-02
-2.131085710653232018e-02
-9.040012751860684870e-03
-1.348777291182680013e-02
-1.385064247677852446e-02
-2.148872728328553652e-02
-2.211878381430482099e-02
-2.798479371222015871e-02
-2.989314156904281788e-02
-1.363796321882674613e-02
-1.149282371521075964e-02
-1.818897868144437116e-02
-2.732596059450869558e-02
-2.546232949431599668e-02
-1.825767392393088870e-02
-2.175349525184007773e-02
-2.722312209199502162e-02
-9.579120087929188666e-04
-7.507897596041673838e-03
-7.090685984639127394e-03
2.776478251386980869e-03
-3.049288046571660849e-03
4.999477329758481373e-03
-5.184931141956236091e-03
-2.209781039975131436e-02
-2.485556831521141055e-02
-1.044741714983648921e-02
-1.103390482622404120e-02
-2.774742178215639302e-02
-2.269784750539867446e-02
4.371849921948656008e-03
-3.699496969782706431e-03
1.413094400489961879e-03
-1.309576980706196429e-02
-1.481482239859207607e-02
-4.880051005453930543e-03
3.760944793750375329e-03
-2.840093541881747591e-02
-1.304012551615953489e-02
-2.326698163166913275e-02
-2.236633320457826271e-02
-2.396840438046005106e-02
-8.938481074715324062e-03
-1.056074693871386291e-02
-1.045907300961839738e-02
1.223424486344047019e-02
2.367370385070397161e-03
9.321964223777085695e-03
5.243205110819664123e-03
-3.562957131755401571e-03
-4.107176826208818084e-03
-6.183894058596480642e-03
-5.806220952967905717e-04
-7.267271384254169776e-03
-2.304811182381163656e-02
-2.603499466740650040e-02
-1.249946633980092599e-02
-1.532556885203380063e-02
-1.267001919582463366e-02
-1.261460771139638441e-02
-2.517969087720104554e-02
-1.251927984637172565e-02
-1.182719204405532389e-02
-1.042528812345992935e-02
-1.109548178181816438e-03
-1.097815113255646083e-02
-1.252885120975241393e-02
1.116835095007633928e-02
-8.071014045271558690e-03
-6.618786073943548100e-03
8.964727941903082031e-03
-3.680928755286983541e-03
-4.278606290783850026e-03
1.025911902461095100e-02
-9.236811157286913682e-03
-1.166695852018988060e-02
-2.668262499584387465e-02
-3.331674932392352656e-02
-1.924484091342661823e-02
6.134955852649279185e-04
-2.627434617479843665e-02
-2.467006669871810165e-02
-1.034985767362116109e-02
-2.037592218361276158e-02
-2.554666089309372973e-02
-2.348670605989625071e-02
-1.565329544851325194e-02
-1.299642948576448971e-02
-1.109441017844707382e-02
1.115619259862230331e-02
-7.564701706622123725e-03
2.709389389089023568e-03
-1.642806941045562436e-02
-1.182458454348689521e-02
-1.076917088742575246e-02
-1.064842069432477868e-02
-2.818401423993726826e-02
-1.772272867209988625e-02
-4.161433108086535354e-03
-8.391643293474995019e-03
2.355047745348644544e-05
-2.999055038381505042e-03
-1.041422777887273179e-02
-8.591758281203360631e-03
3.288264736157949647e-04
-1.345271775862227036e-02
-1.096417209694125830e-02
-1.675217647029800250e-02
-1.628273034733327546e-02
7.608958699188585369e-03
-1.215621438174127426e-02
-1.372233041612872309e-02
-4.747896903513171112e-03
-4.553115218600519570e-03
-1.307210098907058034e-02
8.557661792448052968e-04
-8.952516412678749452e-03
-1.269621955320716401e-02
-1.442966737087047167e-02
-1.367615210630398516e-02
-1.222547335092939030e-02
-7.492618833311060281e-03
-8.745810382280234940e-03
-8.990023730183815953e-03
-2.313145217288014796e-02
-3.948258098570193303e-03
-6.826811187395512640e-04
-9.989765939243095902e-03
-1.136904157932418398e-02
-9.002085957686879400e-03
-1.724312252072847731e-02
-1.528899776235870256e-02
-1.774043362073109489e-02
-2.627154388850367131e-02
-9.607294394901114143e-03
-9.582519302113843770e-03
-2.291808459495492042e-02
-2.437078641585052260e-02
-2.532228971085542443e-02
-2.576874880745791754e-02
-2.498851987386980361e-02
-2.469052549289126389e-02
-2.338523180992259018e-02
-2.513149568187500807e-02
-1.415191948379839262e-02
-1.550515109305244769e-02
1.330321595445488857e-02
-2.081164432913636814e-02
-1.171355227478990124e-02
-1.554769826857698312e-03
-1.925162306588039732e-02
-1.849237146984937519e-02
-1.025063176538759842e-02
-4.835409038288868318e-03
-5.754129399249737625e-03
-1.659438376179424302e-02
-1.841250421846013161e-02
-2.660063288498562203e-02
-2.595721111001934520e-02
-1.235129162243820203e-02
-8.685201626414290263e-03
-2.244202036224509852e-02
-2.863523251217742205e-02
-3.151849787515395573e-02
-1.203562622599940388e-02
-1.576912376374290867e-02
-1.483878078020386265e-02
-1.293584234559658208e-02
1.146803245931831208e-02
2.906240118611115326e-03
1.743051810449865527e-02
-1.415878388670206885e-03
-1.891044583309667640e-02
-1.578848297708576251e-02
-2.051459451373660245e-02
-2.840462659486898619e-02
-3.984366500952431916e-03
-9.225379438435744872e-03
-8.749283300743723388e-03
-4.505397852000635368e-03
-6.214936847903663845e-03
3.050721838237494443e-04
-1.242960654104336739e-02
-1.270134898513097452e-02
-1.082692524234415282e-02
-3.587406998816305287e-03
-2.023923194097732633e-03
-9.635256428267961054e-03
-1.107142641045504201e-02
-1.173912399075530827e-02
-9.478046508334529371e-03
-1.999080119530944472e-03
-5.918870960080605849e-03
-1.170804430763507965e-02
1.015292661686767288e-02
8.114148260758133682e-03
-2.282245627844498199e-03
-1.968247379185284612e-02
-1.578077233951541078e-02
-1.711263398542462594e-02
-1.080892978051452985e-02
-1.354266967353192491e-02
-1.396854572299565875e-02
7.636960521704297747e-04
-1.274717148753150503e-03
-5.119403959807787736e-03
-4.262083910029707684e-03
-1.794929960009765402e-02
-2.093238784222242743e-02
1.190107309329489250e-03
-8.783827499533474609e-03
-1.118822681933134139e-02
-7.660933199543878795e-03
-9.131860563213307913e-03
-6.066149885059431840e-03
-9.048293028047384515e-03
-9.802727924160396442e-03
-7.781042229493215397e-03
9.586157445299446503e-04
-9.687401360378615836e-03
-1.759699520400330452e-02
-4.424460357716572360e-03
-6.097036524500285340e-03
1.672790226142812330e-03
3.696967497610616996e-03
-9.410810402070738170e-03
2.240830521040184167e-03
-2.162734062825460036e-03
-2.017673098743445921e-03
-7.502955091330019456e-03
-1.632648459231122312e-02
-9.008005003799042162e-03
-1.663741998408077918e-02
-1.860039343147533442e-02
-2.696227152536845653e-02
5.462037780545508751e-03
-7.711135449889740083e-03
