1.557191415936590995e-01
1.477398686718617016e-01
1.943921735765065106e-01
1.815153449042817280e-01
1.405833982038510177e-01
1.422091043208554839e-01
2.300032020284994427e-01
2.139929200102919093e-01
1.164424097766034033e-01
1.179797726061410090e-01
1.372272073773027623e-01
1.237049258785009875e-01
1.517043731328523715e-01
1.450774088225476599e-01
1.194160389892825747e-01
9.774419641264775471e-02
1.856654179739292698e-01
1.347426931629900626e-01
1.677400741219418623e-01
1.342721060324186533e-01
1.448779756434445121e-01
1.554411532958334952e-01
1.887455936982712357e-01
1.776531386950532809e-01
1.085520259885318778e-01
7.504942196278566180e-02
1.844769368796978781e-01
1.669273586029386691e-01
1.249233162057394458e-01
1.230805160085797489e-01
1.120844032261684720e-01
1.249773545368313699e-01
1.365809626973660540e-01
1.336924797174140755e-01
1.640016817450664077e-01
1.577393016573875595e-01
8.461556021577448794e-02
1.914787546954860031e-01
9.157698093939192763e-02
1.890370711070541443e-01
1.218032465279076104e-01
1.364778153592677290e-01
1.841272799608113242e-01
1.786528169974290481e-01
1.520109590853455928e-01
1.461679643694425157e-01
9.144326556204497580e-02
9.043522676480610090e-02
9.050646533151791850e-02
9.408486695834268609e-02
1.419269146607559373e-01
1.469089373891865058e-01
2.136596076895384555e-01
1.980189864018047641e-01
1.399363221627339948e-01
1.182354210663435490e-01
1.298874906706271870e-01
1.256591545573091107e-01
1.160648894574003026e-01
1.252056732759947999e-01
1.925149298156693389e-01
1.800112681992298846e-01
9.006040395135232746e-02
9.386456963623318606e-02
6.845384176187607750e-02
8.478101268935894774e-02
1.417109200535130453e-01
1.240017609273035559e-01
5.436965103679428091e-02
5.498520430769877204e-02
1.070193464909409559e-01
7.707664196532146295e-02
1.974453560745177416e-01
1.801514822112232350e-01
1.566336462060461676e-01
1.550735921797525008e-01
8.868621533638371135e-02
1.026194070967800659e-01
1.764838976811763382e-01
1.657837076013716493e-01
1.583466459940125470e-01
1.519774079225467422e-01
1.355558362433243735e-01
1.076069541051478257e-01
9.945929433428644939e-02
1.113364800694435913e-01
1.420705752162071955e-01
1.512398209934582016e-01
1.055970272223108603e-01
1.117926721993398459e-01
1.298079001952670564e-01
1.382030745815487072e-01
7.602961650236118862e-02
1.633511511451087861e-01
6.763298236634450455e-02
1.714240757688814953e-01
3.865249366866503611e-02
1.120765352669942788e-01
1.505667245504543894e-01
1.384376443346490571e-01
1.520380520686165360e-01
1.303196885445879194e-01
1.160733146349927913e-01
1.458806128711616079e-01
1.291796928217561480e-01
1.421773357641544500e-01
1.574806020223142866e-01
1.657413003497840154e-01
2.165828826641284233e-01
2.038503906486721640e-01
1.031119562151744662e-01
1.239698326882063828e-01
1.300556032820832097e-01
1.097914472447521078e-01
6.787233176433538073e-02
6.808038119343348682e-02
7.269903022120828562e-02
8.477794646052455585e-02
6.412845439659756869e-03
4.195874801655067460e-02
1.127167294161922073e-01
1.135979129581679847e-01
2.042179655184693243e-01
2.032233098789357206e-01
1.297485062056180083e-01
1.416149302781241903e-01
2.092792249977405983e-01
2.007681138893769035e-01
1.293197667135950746e-01
1.297647779142456215e-01
1.601338076613683659e-01
2.102988170559193237e-01
1.928805234613109598e-01
1.589642249722910683e-01
3.376317983863087041e-02
2.137752725888896962e-02
1.251263321571042531e-01
1.214618771624298016e-01
1.825123909748391504e-01
1.674821242602445304e-01
9.042591423050516664e-02
8.998505258769561033e-02
1.015946114115911514e-01
7.874959586307483939e-02
9.619582146691743607e-02
1.147064079027523692e-01
8.269573806278836259e-02
1.603366235861001521e-01
1.091258491005357295e-01
9.183319227573737142e-02
6.261218560784755083e-02
1.434297584343563470e-01
1.545915968700576071e-01
1.460638379404400611e-01
1.033822276635175258e-01
9.437203358188475666e-02
1.220770888172212909e-01
1.411517678872442894e-01
7.795681133208574864e-02
9.542886811906764466e-02
1.288865328390164655e-01
1.126522852545777803e-01
1.498908917356931714e-01
1.447875912500007356e-01
1.173697268348506267e-01
1.316119579182214727e-01
2.004791783285403417e-01
1.883848397767970140e-01
2.045122301414019073e-01
1.890822453449210461e-01
3.836006625970970335e-02
4.359045970518463792e-02
2.923995630537067070e-02
2.807859628981283426e-02
1.221377643102074112e-01
1.084092282940611052e-01
1.754155863837605911e-01
1.436294134127389377e-01
1.403424000304960562e-01
1.475566330852755015e-01
1.693895368539341528e-01
1.648244385168336212e-01
6.006683835362645191e-02
7.528311485524963320e-02
1.862177321538124597e-01
1.744690545658332814e-01
1.574021523048846349e-01
1.524964749481460269e-01
2.925764022534466016e-03
2.932378462169151281e-03
1.244179497103186788e-01
1.231547474388415692e-01
7.026029511530165750e-02
6.332975968995097071e-02
1.270043080527140100e-01
1.288198907705451202e-01
1.549510399715059994e-01
1.482138727552177460e-01
1.526987577875105195e-01
1.409831409258410495e-01
4.998057460519746836e-02
1.173565780327640723e-01
1.526810592984297887e-01
1.278049657101270609e-01
1.480539575109744710e-01
1.304739541130826297e-01
9.696959193312580660e-02
1.436661961890155492e-01
9.930381922573430775e-02
8.874968579473581365e-02
1.696765083111621275e-01
1.592392462918518214e-01
9.422935012969949065e-02
8.559858644158796492e-02
7.206904277433244521e-02
9.304822780988390718e-02
9.815053548110434789e-02
1.065319687768315066e-01
1.291359407057868780e-01
1.287507842837471994e-01
8.614673259915400783e-02
1.092285028128764379e-01
9.770187505180508158e-02
9.220655303944896852e-02
7.025901893501305950e-02
7.372926937748776333e-02
1.159617711601933221e-01
1.194736537268430571e-01
1.002175376667567563e-01
1.061267875372935571e-01
1.007486320104013233e-01
1.103899678036206061e-01
1.165534957664989407e-01
4.977078161786665372e-02
8.720295355936752424e-02
1.210072651539748495e-01
1.333564480269679164e-01
1.063946646315587496e-01
2.219165261145139290e-01
1.030502622061403861e-01
2.082055789852181316e-01
1.092401384664415526e-01
1.137252555744369259e-01
1.226251426370394276e-01
1.343144181013361249e-01
1.861217117933146592e-01
1.799430185138408134e-01
2.040632672644288881e-01
1.846297822395216726e-01
1.995374068992198102e-01
1.134867782195734393e-01
1.928968285414964234e-01
1.161018570806480188e-01
1.141136344312336515e-01
1.546884388886893003e-01
1.407122765802242825e-01
1.248821914651181975e-01
1.725851161246803600e-01
1.399597084509412448e-01
1.630863555575595425e-01
8.763305342580639257e-02
8.596453938037239284e-02
1.037672820630692327e-01
8.411201045633304174e-02
3.735218281149006725e-02
3.901476539822042872e-02
5.407876078194511632e-02
5.575539523760191657e-02
1.605097121990450154e-02
3.642605693165094916e-02
4.192687050747148647e-02
3.951840583688772529e-02
-4.312077636638841222e-02
-3.054434393269761343e-03
1.324929177596949337e-01
1.408932713579619522e-01
2.228831232648771088e-01
2.110000860943642975e-01
7.131129133127574182e-02
4.831138746600954770e-02
6.649499048212327568e-02
6.543305968657116278e-02
1.519211670417043580e-01
1.451235986339267925e-01
1.288648725156198993e-01
1.276581444294806467e-01
1.392694382503768258e-01
1.240288929947693797e-01
3.597311502424700713e-02
3.154182061642731016e-02
1.467218367368110232e-01
1.352610805090337376e-01
1.046061793678773888e-01
8.054428384899697813e-02
1.177299776496284617e-01
1.032752513623863000e-01
1.250875031101108259e-01
1.113014661455501986e-01
1.400712204272339390e-01
1.392481900179980414e-01
2.021913515757778682e-02
1.963578297188636052e-02
1.376335296675304798e-01
8.302715454775770609e-02
1.016112420818233719e-01
1.000393035017562299e-01
6.794828378442252514e-02
6.482391247304071513e-02
1.018110833401311421e-01
1.019029991639180260e-01
7.341383315063865211e-02
7.981830240467842341e-02
1.953254536853036571e-01
1.781228115036350146e-01
1.385517617911836974e-01
1.232524144397335875e-01
1.224842903866930899e-01
1.554142742164557334e-01
1.107211567099424948e-01
1.004601145380756150e-01
1.783544018610533632e-01
1.560262853160735708e-01
1.244309249978439447e-01
1.128901547979207776e-01
1.306825873717223085e-01
1.225205587441801774e-01
1.559071650455901015e-01
1.560169267140303073e-01
1.685904593554617970e-01
1.651924728670378095e-01
1.574697515132406633e-01
1.317228550990608704e-01
1.124850137233438935e-01
1.455225939023711001e-01
1.468927264451675707e-01
1.551254476706593055e-01
1.458924908607141802e-01
8.007279551625616498e-02
9.056006713493205962e-02
2.034197569579911623e-03
2.130534182634531964e-03
5.183593685554904046e-02
2.069774982269246416e-02
2.077602493071561696e-01
1.921409043072536960e-01
7.674101383251774600e-02
1.119153793427433569e-01
9.126355194653831826e-02
9.215040624976866823e-02
9.675326254394474301e-02
9.564206898135318990e-02
1.965500980523141594e-01
1.900148339570739975e-01
1.205250266912713114e-01
1.451496484545005405e-01
5.769823593355608710e-02
5.842704413086999282e-02
1.123001778584166443e-01
1.161686332522064297e-01
1.523355083792865272e-01
1.561861066710687751e-01
1.856875528135249476e-01
1.750115148839131995e-01
5.184212940812663040e-02
1.608842985216227817e-01
1.267989597526626433e-01
1.400356675125980777e-01
2.183010753424744210e-01
2.079422037514411514e-01
8.544815756865376671e-03
4.868205162464475655e-02
1.512352181780411142e-01
1.325069884111942098e-01
1.384509862765903321e-01
1.523369524898624539e-01
2.068479670538743154e-01
1.938972927960007919e-01
1.368329067280920630e-01
1.230875842917598939e-01
7.490535127355305023e-02
1.625372168786252125e-01
1.503671361971313514e-01
1.390113522872725438e-01
1.607598100510325700e-01
3.375180728354813114e-02
1.839802394497597193e-02
8.754155132246028981e-02
9.947080472423620867e-02
9.974668063607701474e-02
1.055717240593296163e-01
1.011360299441388527e-01
1.603846023778952856e-01
1.489025542061153951e-01
1.491296002036097135e-01
1.620523603893642972e-01
1.805684298258223019e-01
1.614911145836917528e-01
2.158459155159460352e-01
1.557958152703907140e-01
2.007073906534564967e-01
1.577878908323489537e-01
1.556044971318271686e-01
5.272043924118308827e-02
1.458222148779883265e-01
1.414109882486341285e-01
9.919557232711705141e-02
1.002893049738246833e-01
9.050256887953968266e-02
9.243739471580846023e-02
1.587959973899928656e-01
4.053969829249048917e-02
6.305891938706809086e-02
9.926808167265814553e-02
1.004614450933757064e-01
1.023897518774293663e-01
1.082918992844554562e-01
-1.835732448374444506e-02
7.351192148321113173e-02
1.298430865848050064e-01
1.261551041202634282e-01
8.846340477608549691e-02
1.018758992356303406e-01
7.486184490831515603e-02
2.191761512694677394e-01
2.024127624321776786e-01
6.267294556893253377e-02
8.446099096316783683e-02
8.451798640417081121e-02
7.172672608197003252e-02
6.506260437230788896e-02
6.993784288330322230e-02
1.654590631321637695e-01
1.570903234201087850e-01
1.639095576615396122e-01
2.102909584131701370e-01
1.963685998368790153e-01
8.236979746070627328e-02
1.235350614023751070e-01
1.354200383685649489e-01
1.264391696642233331e-01
7.591636225162817775e-02
6.963501470046604136e-02
6.647829704801758166e-02
8.166501717010471451e-02
1.314598406358274685e-01
1.329293419973134049e-01
1.514962917178565294e-01
1.395873075057426360e-01
9.827092184924289542e-02
1.915521427932155019e-01
1.541866719968723043e-01
1.514352915633605801e-01
1.447788456719571182e-01
3.798231031498668780e-02
4.019448114338140809e-02
4.792267148294689777e-02
4.588494376463416596e-02
1.019150540162488405e-01
1.789187373019538729e-01
1.529890368805436607e-01
1.988018839779114033e-01
1.655576424397688928e-01
1.866467401395197623e-01
1.414787722178538487e-01
1.564344468036975577e-01
2.209331437086053396e-01
2.126488236065517123e-01
6.425841988430668061e-02
7.993006527811802320e-02
9.458277596044123436e-02
9.193418634499732345e-02
1.574336087421803754e-01
1.491342377786369910e-01
1.403415839385028230e-01
1.425677407037637123e-01
-3.999096515367993668e-03
7.640805747908579332e-03
-1.025129180257221446e-02
-1.632099572269763918e-02
6.777803882325597606e-02
2.327620555738648539e-02
1.052769034052368907e-01
1.214973153216004770e-01
1.608972607593043280e-01
1.539715648633452894e-01
1.179836718129984446e-01
2.147697642274592478e-01
1.179079931497989814e-01
2.135455954417370961e-01
1.335595756717767035e-01
-2.744715859814228845e-02
2.289174283752726941e-02
5.654879227617316123e-02
6.206866590882091639e-02
1.789189034906161491e-01
1.676811996368535451e-01
1.150653590828476791e-01
1.193024371782293175e-01
8.208448702105589079e-02
9.659118455617594912e-02
1.247667324392642690e-01
1.393802826721523835e-01
1.617034970599937616e-01
1.517064328660830963e-01
1.365982668556280921e-01
1.421773536749738887e-01
1.457800729072282198e-01
1.416713689325523884e-01
1.141857763524681268e-01
1.545479161041889427e-01
1.276128150707505626e-01
1.561612212319375692e-01
-4.395901454345538424e-04
-1.081759173160646778e-02
4.387915457773265693e-02
1.723480274821602085e-02
1.561835403278688805e-01
1.486469812757435782e-01
1.154684534439677085e-01
1.971664300999722841e-01
1.846688090634083790e-01
1.822941011060472682e-01
7.517205511843084997e-02
8.297873825427608263e-02
1.028759765120639130e-01
9.347061651843928398e-02
1.096105001888198482e-01
1.185729861177010624e-01
5.632032618761466380e-02
1.313100255904624813e-01
1.274910767393619415e-01
1.327648984144772504e-01
1.082597696070077414e-01
6.447078842114206676e-02
8.517864396776042568e-02
1.577228566142300503e-01
1.492959553655478222e-01
8.849794609269998058e-02
8.786406389613496404e-02
-1.027048509874766737e-02
1.261703514353664131e-02
1.335182565127981114e-01
1.969802483776824653e-01
1.415269831925443367e-01
1.863615890214724846e-01
8.174566103131148884e-03
1.027506150965051303e-02
2.445447388847097128e-02
3.794555754590901026e-02
2.559470412077098980e-02
7.505463496738218332e-02
9.933118990585773633e-02
9.585441949630603420e-02
1.301316627573042561e-01
1.300311549048550341e-01
1.264724552229971322e-01
1.410867947911598197e-01
1.932218654194149121e-01
1.858294173239949665e-01
1.391190052414199851e-01
1.352030032894061540e-01
1.934664077103760704e-01
1.812100302263991713e-01
1.249986154894906221e-01
1.376052449120283849e-01
2.244900585853709662e-01
2.113161879703091273e-01
8.232240762243410448e-02
6.534885287044010782e-02
1.416358157795249151e-01
1.137214269617660978e-01
1.362045551227124840e-01
1.459444414624066488e-01
2.232506556376198104e-01
2.115414689692230177e-01
1.530700639030370958e-01
1.415427468972587088e-01
1.084275789501129295e-01
1.054053239228958105e-01
1.467858319489430685e-01
1.416750896772658863e-01
1.507048635330295594e-01
1.477697948440622189e-01
1.326687439215724906e-01
1.219337335613931844e-01
5.011666845628730965e-02
9.168197486614683422e-02
7.062397701118441895e-02
6.352833568116786345e-02
6.540665038593113101e-02
9.260876148184467305e-02
6.669245858260092197e-02
9.375179813264461481e-02
9.980658341847960247e-02
1.489455921608387745e-01
1.415351997091941483e-01
6.755070044839137089e-02
6.945111016140333160e-02
6.233341072732578869e-02
7.053242302208252712e-02
9.799966777555917108e-02
1.318722198435031412e-01
1.146199700012593276e-01
1.289964058651269785e-01
1.588965060772329629e-01
1.513472430237547128e-01
1.185899851760702228e-01
1.206573495445015937e-01
1.542840119335486260e-01
1.466168555825413111e-01
1.268995122324249880e-01
1.271788576964758000e-01
1.504758346567535432e-01
1.265742830793075702e-01
5.622833816618580394e-02
6.950748321654864892e-02
1.507888497653118165e-01
2.197965055520709754e-01
1.537638597111758709e-01
2.063977343269904063e-01
1.070274005792820338e-01
1.047217874331966420e-01
7.385524844593745197e-02
7.672216529156797304e-02
3.111942981256450580e-02
5.473394537228675610e-02
6.417128371038934020e-02
6.699524982919333183e-02
4.274064798329650638e-02
1.591616320088770631e-01
-5.239901446666260336e-03
-2.769231894565054013e-03
1.282988071034447605e-02
2.315615285356067629e-02
1.116024666052845282e-01
1.148078931687327719e-01
1.770491291332526862e-01
1.691313371283729161e-01
1.045517330814368512e-01
2.047344747261804210e-01
1.541113152072837444e-01
1.480242517434129379e-01
1.124469142314981629e-01
1.081606074567809800e-01
9.121865878130003269e-02
1.001571854773247727e-01
1.471296049390661553e-01
1.439314379343042682e-01
6.146913377273233864e-02
1.007874337168801759e-01
5.017818155299661603e-02
5.221312457394623047e-02
5.341538969314974655e-02
4.352251983867101714e-02
5.355470864161744615e-02
-1.703219865259893205e-03
1.816414784411566480e-02
1.271361407363982288e-01
1.494942718727853281e-01
1.406252573152224628e-01
1.197450780182183483e-01
1.369090159800831763e-01
2.238014861073734929e-01
2.168009154660185955e-01
1.494748513345370289e-01
1.448925351370088654e-01
9.598383776430087500e-02
8.467465310250056609e-02
4.947483265356773102e-02
5.241477846550241654e-02
8.835269704301267069e-02
9.370764285370634938e-02
7.987986006448098697e-02
8.037864526358919071e-02
1.857775784005612045e-03
9.343592272301205412e-03
6.847386449379689287e-03
5.619323451678878180e-03
1.264652044990961233e-01
1.192054973241923749e-01
1.027891822840911740e-01
9.221972072773382267e-02
7.589089221446250477e-02
6.023264036132653515e-02
1.630215862244896730e-01
1.545589464059514140e-01
1.322345740498963307e-01
1.222508235306006691e-01
1.484866973334677265e-01
1.392175994599620381e-01
1.682932183734184850e-01
9.696395620725620224e-02
1.070074330635290838e-01
1.629014131946447397e-01
1.496103620569587123e-01
1.847772945680034029e-01
1.208085428280980256e-01
1.829274624921152226e-01
1.273804525064525239e-01
4.951861825861197247e-03
3.547116611040434381e-02
1.802531249852164508e-01
1.664733578097724320e-01
1.696698575175444867e-01
1.665608600245249982e-01
8.674074806091394696e-02
8.697835158049131710e-02
3.882288305408419793e-02
4.156951808572053458e-02
6.327940507605801790e-02
6.858373946386239761e-02
1.032172948040047805e-01
1.095978979211401638e-01
1.147464177935581808e-01
1.095725825249822399e-01
1.732546690370856401e-01
1.469732003634683926e-01
1.424979775894656686e-01
1.637429596464579640e-01
1.372786651669470892e-01
1.569078485360054787e-01
1.465655061554444749e-01
2.994205911217153945e-02
2.563561881047531771e-02
1.620062790540105491e-01
5.761607900122319575e-02
7.137581647643315153e-02
8.043911685719612459e-02
7.801461773915562004e-02
2.151796884070333038e-01
1.980718642926404260e-01
1.553680865701879410e-01
1.545331408034715248e-01
2.157138564655773638e-01
1.991845560176971064e-01
1.514593248313532703e-01
1.569537563731883412e-01
4.882946058048999623e-03
7.336053430025906742e-03
1.478135985522087692e-01
1.397317186034642833e-01
4.723684833573087161e-02
7.022587706185937084e-02
4.749335069723351066e-02
7.648643682508032837e-02
9.398617915366756781e-02
9.268007999773400507e-02
1.191967537841708835e-01
1.341536610101972393e-01
1.917326552133947204e-01
1.843672740693665657e-01
1.476037628690451409e-01
1.316451015317933737e-01
1.161273207968291782e-01
1.157939127489452102e-01
1.255812229839316507e-01
1.086712407720627632e-01
1.227890559424487105e-01
1.615078247393931798e-01
1.416712647449039075e-01
6.533113864767015055e-02
6.392868145417932024e-02
1.354842756863184894e-01
9.532111411826310610e-02
1.018668251443935052e-01
1.021369174535034924e-01
9.421066632077251812e-02
8.902258702681914437e-02
7.667086989641100359e-02
1.986799416350943925e-01
1.849888457273376197e-01
1.467453613835993098e-01
1.336646511162348505e-01
1.780221033999347391e-01
1.650287274123587167e-01
1.610237935198096937e-01
1.597195350909953182e-01
1.422874248205473202e-01
1.361604235972401766e-01
1.488001858793556453e-01
1.323734855378845554e-01
4.947434060526510052e-02
5.731819899420505932e-02
5.332836611098009522e-02
5.405602065213430812e-02
1.083547529833267797e-01
1.049671590966521767e-01
1.334121018086670551e-01
1.269405291898193788e-01
9.632928656593701955e-02
1.483107536839445850e-01
9.965147245053111724e-02
1.431522395178733975e-01
1.197302798841596433e-01
1.618033973456519947e-01
1.625605918860450472e-01
5.834324961228785911e-02
6.684522650999327742e-02
5.734213493398718914e-02
4.994473411206614560e-02
1.335341012171693542e-01
1.447904035152154656e-01
1.916079134644346760e-01
1.787027894091975655e-01
1.667377153150827185e-01
1.223084092708834336e-01
1.322240092174334636e-01
1.279342321212691702e-01
1.435362219714289289e-01
1.358940232084111799e-01
1.511710883848195186e-01
1.502728614817064323e-01
1.563563469343027257e-01
1.255249126444338281e-01
1.959380013501691165e-01
1.792522978975724102e-01
3.860862476721518138e-02
2.019424448589984128e-02
1.706345451301551353e-01
1.222338181763389792e-01
1.253795153754776182e-01
1.201991750777600398e-01
1.252149087761984803e-01
5.922077487811969881e-02
1.092397564038350838e-01
4.680362043216692441e-02
1.117966122241097343e-01
9.363071059498423443e-02
7.147465435782673904e-02
1.233368270501165875e-01
1.140162212187057073e-01
1.133639985922140769e-01
1.136753472460338421e-01
1.086769950937670481e-01
1.066596885602850153e-01
1.416373955490335401e-01
1.265241568347630907e-01
1.108526718046017462e-01
1.053432699721717491e-01
1.102786332956485205e-01
-2.617377081844734707e-02
1.375992048469208175e-02
-2.694080258857522656e-02
-3.262437835438301154e-02
1.277377621359720473e-02
-3.137908945766685470e-02
1.304326191057009754e-01
9.554291572670119137e-02
1.293396105322509038e-01
1.289971125655916540e-01
9.450695391279746727e-02
1.256685777803151216e-01
1.566810821543425658e-01
1.281325526908243806e-01
9.360223279129896434e-02
1.048485626796942932e-01
1.527527416234254476e-01
1.388252711256380001e-01
8.801443059618835330e-02
9.891858785178578306e-02
1.005576211298728623e-01
1.298442433246562444e-01
1.141146220164235559e-01
1.454484788956192653e-01
1.286114945704857071e-01
1.399698202683545001e-01
1.904820673064909209e-01
2.023060542231417402e-01
1.871190779117227199e-01
1.751057487720106276e-01
1.884139204470703932e-01
1.728140337137893667e-01
1.094447491024893165e-01
1.150516033094753365e-01
1.454418978257289996e-01
1.313514822054633324e-01
1.274522861282735842e-01
9.473878880593546159e-02
1.302106030719812346e-01
9.509622128440542443e-02
9.260877118821282672e-02
1.212201730243389342e-01
1.075383816917622748e-01
1.313946801640754058e-01
1.661138524191337340e-01
1.728001634195664438e-01
1.531530998132346610e-01
1.591571092808234944e-01
1.101642059437483168e-01
8.951458060811914863e-02
8.887775936344632921e-02
1.247028551398841750e-01
1.039414669113265105e-01
1.121701216066164214e-01
1.130698033340367115e-01
1.355657983070707173e-01
1.352777724555793981e-01
1.063560618733043889e-01
1.194766865237915504e-01
1.331765493906609255e-01
1.135086517623942054e-01
1.223245589865990524e-01
1.071185438425570347e-01
1.202391348144787458e-01
2.535945106911746769e-03
7.699073196883485237e-02
2.869122656704325633e-02
3.454098124413754970e-03
-5.722662365836229253e-03
-7.965209891284942556e-03
2.114826692686790077e-01
2.012466357021942820e-01
2.052765929849505178e-01
1.964542410726596022e-01
1.869372952504899932e-01
1.899902137721283801e-01
1.630584387961251103e-01
1.517346558235591336e-01
1.518633225037345769e-01
1.639480142858982248e-01
1.590275834575781699e-01
1.570403344707246851e-01
1.375044369628684315e-01
1.526637179076367201e-01
1.429955338666804299e-01
1.049530626776512682e-01
1.196698935635313321e-01
1.077728993392448875e-01
1.579127661436703078e-01
1.519765167495929492e-01
1.552330815983595791e-01
1.481915996122979973e-01
1.398677814783632900e-01
1.452869381576998298e-01
3.020402532052064368e-02
9.853803516138748275e-02
4.222365120155391338e-02
7.590036905822865332e-02
6.626412351530482081e-02
1.232978153440862923e-01
8.660712525440648901e-02
7.194337050694818436e-02
1.293703422957861171e-01
9.238310363603649544e-02
1.413443192654273983e-01
1.324078652425922376e-01
1.350238986649099637e-01
1.104452993349482465e-01
9.470253290078056718e-02
8.925441997854087484e-02
9.967716453344152572e-02
5.528903449157051425e-02
7.688437071530811184e-02
1.176618273868321879e-01
1.017590841437114590e-01
1.811463573180747133e-01
1.841065525136369729e-01
1.823724884082336684e-01
1.683544920477377804e-01
1.718337637724840217e-01
1.713321406994503249e-01
-2.978708217716417514e-02
4.338646363472063033e-02
2.607733339356708632e-02
4.184889284279694199e-03
8.800259260961493246e-02
8.812136309061389949e-02
8.696611890014126212e-02
8.558006750178273614e-02
1.031800934438198425e-01
1.093221119215544296e-01
1.025007379613209757e-01
1.111943253369629681e-01
1.625353968080439915e-01
1.220591857359256960e-01
1.800838829018684417e-01
1.933456265351398973e-01
1.699927485314968179e-01
1.807548215633100475e-01
1.480315004907304388e-01
1.508137780219693802e-01
1.578008606358316801e-01
1.570241925501213442e-01
6.862178138966741614e-02
7.127921366776023004e-02
8.596862245721971496e-02
9.739932761593392274e-02
3.968172763927412666e-02
7.097524919357950379e-02
4.612791533881640399e-02
4.370184075629303388e-02
7.663251062779143086e-02
4.920747989387506960e-02
3.144487995242525868e-02
5.218849990326673849e-02
3.916872647161082077e-02
4.931693474685660411e-02
7.652005571392613004e-02
6.218393938978273444e-02
4.181904964819090770e-02
7.009906990957834316e-02
6.292413270679458881e-02
4.219884481423088335e-02
6.335989596084448672e-02
5.280345765243182887e-02
2.166527195606987588e-02
9.828632499573601577e-02
3.417101924449551104e-02
1.566682419083536421e-02
6.389327498057935373e-02
2.738067852799071569e-02
8.650534576228087469e-02
9.007657367321372788e-02
8.291007838470944302e-02
8.731010077074130571e-02
1.158226724676275909e-01
1.038497549534211778e-01
1.181854773771719436e-01
1.083173532050716315e-01
1.554368942591503010e-02
5.846565806631158491e-02
1.504158393968338912e-02
5.985796839395321478e-02
1.335477947276096922e-01
1.264584117711897993e-01
-3.477728957149710948e-02
2.415946814963866596e-02
-2.097186761206227407e-03
-3.869058154490825213e-02
2.897701709162099279e-02
3.198776962698529364e-03
2.102739530794318357e-01
2.044521555987937056e-01
2.118793198888465068e-01
1.982380265974661160e-01
2.029971375862646144e-01
1.989317808803275356e-01
1.136270092199839488e-01
9.685515191724905493e-02
1.224099703993381805e-01
1.195529098552769870e-01
9.893503127420542886e-02
1.198397344833380535e-01
1.675317704008177089e-01
1.545196475546778414e-01
1.712851037360538786e-01
3.674278140653995661e-02
5.837215216893659048e-02
4.137654455581397245e-02
6.154298762154346292e-02
1.780855407767327481e-01
1.627663462463308786e-01
1.791116563764755254e-01
3.691454400829117990e-03
5.662236993813055466e-03
-4.826099221780709610e-03
-5.008880041006163152e-03
1.677231197673614838e-02
1.434921224659298786e-03
4.341846954675727260e-03
5.724546783606114519e-03
-4.363853175536220978e-03
1.097940281112781691e-02
1.775940705561467395e-02
6.580597447993372963e-03
1.959235111189690237e-01
1.943889911930848646e-01
1.825918785030208880e-01
1.799152428229858214e-01
1.510361623856601443e-01
1.567317245231800160e-01
1.422132906319822365e-01
1.473989495972966857e-01
2.144849154317153006e-01
2.128447314749266350e-01
2.185214970839028936e-01
1.247762099914888484e-01
1.093460104984570469e-01
1.129951431663735878e-01
2.066812285713071906e-01
2.067777104248295639e-01
2.101407335149732269e-01
1.331996495768094646e-01
1.200184942680864869e-01
1.250418627802939719e-01
9.427985508908322265e-02
9.513903474081408795e-02
1.049599566650419452e-01
1.159772125839856338e-01
7.670123656782747157e-02
1.140089652864860192e-01
1.059088100069236066e-01
1.070724010312466973e-01
1.179056176737534462e-01
1.064062773536057632e-01
6.782519716911154795e-02
1.067621475348628918e-01
6.187094454121996184e-02
6.702864662871320378e-02
1.339110886310497239e-01
8.318629420626066917e-02
1.084800457733144652e-01
7.946139711581136356e-02
6.911811874197683336e-02
8.823812309708531365e-02
-5.720062116576299371e-02
-2.792425940690888148e-02
-3.664178042616283992e-02
-4.663682028604459323e-02
1.771167167032179912e-01
1.795563375813742646e-01
1.839841593537359654e-01
1.674800626526708192e-01
1.661363043001878592e-01
1.720352884565017060e-01
1.231751214517012999e-01
1.371196151295863697e-01
1.322997065831849339e-01
1.472264194331119602e-01
1.860565762190448114e-01
2.038130589910795987e-01
1.785003666593991400e-01
1.954973536488599228e-01
2.325776912408612090e-02
8.648965775003932335e-03
2.019769098349511599e-02
3.982697396710418308e-03
9.028458195261361563e-02
7.165315243493818043e-02
8.831886007581650488e-02
1.216486964900133916e-01
1.444544836210212013e-01
1.094749077067327520e-01
9.830802704782778956e-02
1.333099833515205557e-01
1.175080311932032856e-01
8.858922769099375483e-02
1.027066868031935448e-01
1.092384961253392156e-01
1.476082777020348569e-01
9.981455158308369380e-02
1.190617922500256942e-01
1.465490356739552746e-01
1.045887953297723327e-01
1.215752611134695571e-01
1.695517683644862106e-01
1.594846985478458323e-01
1.107396792143346964e-01
1.320953356494612985e-01
1.239908377521622418e-01
1.125669315103358797e-01
1.304852466389214150e-01
1.224494708713102648e-01
1.333408933050123923e-01
1.287971814491130074e-01
1.262942785409240098e-01
1.251827205344488714e-01
3.815596129137456549e-02
6.926381249039639809e-02
7.953654446324773253e-02
6.045280780611775318e-02
1.411300967957606067e-01
1.518423307539171208e-01
1.427041090128179646e-01
1.118446329797786604e-01
1.301216096365079011e-01
1.255183942002701669e-01
-6.359096394803350448e-03
-1.042190847471193525e-02
6.910939897395768083e-02
6.087084110731164066e-02
5.959900918331201281e-02
7.693288175395661399e-02
6.907947345390601235e-02
6.381823599326628960e-02
1.995620515686446217e-01
1.392371809422281448e-01
1.965032368588811029e-01
1.953582454110814604e-01
1.384413036100426708e-01
1.936770856138727848e-01
1.426683512911184337e-01
1.531166177774335169e-01
1.491749608817427852e-01
1.535361515244298147e-01
1.499546851652828472e-01
1.545236673867235178e-01
9.058883602018104331e-02
1.022135379737235672e-01
6.595902387630481201e-02
6.263662359635614740e-02
8.657743151247600244e-02
9.469324844193489910e-02
1.388263450572743436e-03
-4.020079514452284952e-02
1.530639289265296465e-01
1.488432372693795358e-01
9.424740577565482447e-02
1.254937320717224025e-01
1.481379695234369964e-01
1.535141817000060527e-01
1.450124901660818089e-01
1.523525639093633033e-01
1.536228414673130593e-01
1.488122274424802105e-01
1.441578085390704533e-01
1.382824164100059372e-01
1.012631302155131002e-01
8.422021819135526444e-02
1.118115996337348955e-01
1.000626851630928571e-01
1.030532862284075230e-01
1.216237301084047845e-01
9.825096130096902525e-02
1.221392885350886387e-01
1.303727243319732221e-01
1.330491084187698791e-01
1.228667992593606428e-01
1.325121589146680545e-01
1.469578976787596913e-01
1.370432729628536517e-01
4.020925031271208039e-02
4.353768159020950795e-02
6.010361717047005975e-02
4.411535729923504040e-02
4.686424214989274445e-02
6.543223546890634956e-02
9.941272771544784614e-02
4.115897955615806930e-02
6.871703983414206851e-02
1.009019577513339122e-01
4.026820956342307134e-02
7.113370869841519062e-02
9.220826481482892467e-02
1.262239157063679562e-01
1.141184895477603406e-01
1.849779704111461642e-01
1.760435392741332705e-01
1.732450483236889216e-01
9.009272455528510859e-02
1.386906132160001248e-01
1.143490089079005900e-01
8.453645507335558196e-02
1.061683872445784577e-01
9.832300748239695964e-02
8.208537821020248440e-03
1.579411299068358629e-02
1.715763416818869708e-02
2.113030949670399727e-02
2.613742265155951511e-02
5.236160658937536599e-02
3.417607307655150251e-02
5.602520257178817548e-02
9.609456787440008585e-02
7.745542110935624280e-02
1.437533596422189697e-01
1.227384067102998133e-01
1.404773759041585135e-01
1.212304401511734020e-01
1.411629272078155917e-01
1.307698853075735246e-01
1.228302573486461519e-01
1.233876237510393437e-01
1.249054543997399069e-01
1.246246572189744078e-01
1.247613695403402140e-01
1.284686424951626271e-01
1.577942602091256807e-01
1.828437541459851379e-01
1.674129773600820104e-01
1.542141832561560733e-01
1.692082509574578397e-01
1.611484615828396583e-01
8.467485492353210574e-02
1.170994265539945511e-01
1.113207628336247978e-01
8.533979394360161064e-02
1.164218246517060157e-01
1.099747840179162300e-01
4.059954144203788140e-02
3.849806464841135090e-02
2.826228062661515286e-02
1.680225347429000482e-01
1.124582304388752341e-01
1.576650003880641082e-01
-7.700819084318032831e-03
-2.163599453053477104e-02
-6.651803245370226277e-03
-1.850331223130233585e-02
1.053967909036261363e-01
1.090543018535634207e-01
1.116879148453460702e-01
1.190069768793086263e-01
1.296276782088400803e-01
1.179511271157684393e-01
1.126373861854733788e-01
1.322764753023736306e-01
1.332812492981715058e-01
1.466042905879327840e-01
1.090771915288956187e-02
-9.692730112735392298e-03
3.814077191585216360e-03
9.485944656568084249e-03
6.592512832456741412e-02
2.140609069223233310e-02
1.087931118966099231e-01
1.611754012051343221e-01
1.344160404234355510e-01
1.373961287802421549e-01
1.334318090610029650e-01
1.339953447954254639e-01
-4.099608401138305110e-03
3.220296566386723208e-02
7.453919053214614734e-06
-1.688924278581559364e-04
3.527727251310144169e-02
3.326676435859265979e-03
2.905484300893344460e-02
2.053656957889050255e-02
2.963075623916018933e-02
2.725648830555260985e-02
2.745246792186601878e-02
3.043552370391053308e-02
6.589927703276783622e-02
3.325977755071579667e-02
6.029694969431955570e-02
5.371287907099932257e-02
6.496402783444568674e-02
3.641530793113916670e-02
5.563792950327065695e-02
4.200910447280201132e-02
1.288557805010625557e-01
1.134116777719163527e-01
1.156981645940646786e-01
1.182086225483264530e-01
1.053128539818334181e-01
1.038302603464605900e-01
1.422197542335814358e-01
1.262172768857209859e-01
1.368926122432333470e-01
1.578248585395319870e-01
1.556196654658856815e-01
1.590387914423506688e-01
4.680996392780029103e-02
7.422614579292183268e-02
4.011113545489743831e-02
4.711896735581253687e-02
7.098052768064672113e-02
4.133381364352067822e-02
8.584972305009033744e-02
9.831804347655885568e-02
1.082011408048558082e-01
8.889172169251298439e-02
1.025252073497250060e-01
1.102030547108371200e-01
1.006606738877395268e-01
1.277322096334094770e-01
1.404490427747136227e-01
1.312937410538473071e-01
-6.649138274465560272e-03
-2.027381605312221155e-02
-3.908590608373517343e-03
-3.539709803529238891e-02
3.287475238569681144e-03
-5.268273411051448488e-03
1.162171668224394258e-03
-1.173835763472408887e-02
1.565286476053943943e-01
1.707980589808437144e-01
7.893493660353484431e-02
6.650416233199807348e-02
8.830757495088938092e-02
7.375141293762178807e-02
1.582323869600896216e-01
1.945090290809827482e-01
1.565706568811019439e-01
1.922043697248221605e-01
1.338184755439402462e-01
1.364122455268559353e-01
1.320561530323192956e-01
1.391214961446418097e-01
1.428663207857801820e-01
1.399284314826148845e-01
8.702570318424485141e-02
8.726390731277845758e-02
8.372972184108709581e-02
8.187544749737035721e-02
-2.609400436504363471e-02
-2.554619722009775912e-02
1.406848979387075038e-01
1.190238205171605251e-01
1.461369137427482590e-01
1.049489427547969506e-01
1.310112201275631383e-01
1.327631395945263193e-01
1.958121709306281932e-01
1.910923686803044919e-01
1.843354299804099428e-01
1.789660914040180351e-01
1.266895309049168583e-01
1.139401020182654184e-01
1.247935188252777411e-01
1.080210359046779728e-01
1.778070304967511450e-01
1.874237118228710697e-01
1.649549412816155025e-01
1.749226514891660533e-01
1.502216840139151688e-01
1.626149112006564645e-01
5.477087812942112860e-02
6.997546578187924249e-02
7.709737590849322086e-02
6.834856804998493129e-02
7.632078948960295539e-02
8.765833019727103936e-02
6.506771209627770780e-02
5.065569801006346295e-02
2.160251951136778759e-01
2.057349618700962945e-01
2.188118736553754939e-01
2.003931268757618567e-01
1.902364414705408069e-01
2.052903498432399609e-01
1.241165975176448388e-01
1.229543565228731344e-01
1.524527167192926136e-01
1.531280775900801250e-01
1.265632244396045769e-01
1.237917513171735706e-01
1.649812209883095016e-01
1.556015448529129985e-01
7.979338626727326689e-02
1.061337191714983169e-01
8.770417573220051777e-02
1.449842718258851360e-01
1.449845108067117083e-01
1.408819421908526770e-01
1.556607219917571783e-01
1.540961101429773050e-01
1.535818451125479933e-01
1.635698069564115731e-01
1.603382833528205209e-01
1.656392545349666678e-01
4.523520014867676853e-02
4.719884719974177384e-02
5.478510669984890114e-02
1.489185802133985263e-02
1.012966518185102610e-01
1.226270030591056631e-01
1.335283488423782139e-01
1.167450566916219262e-01
1.121478330152034797e-01
1.248649567267611643e-01
1.930259496343082748e-01
2.027649459622849204e-01
1.889004347613070789e-01
1.975154380837568502e-01
9.701864007515234589e-02
1.079191492101641836e-01
1.073530014546699857e-01
1.156340403773969544e-01
-3.062878301046913221e-02
7.900978978272046177e-03
1.576723420428593758e-01
1.781520073939573678e-01
1.716807217873446423e-01
1.660941632826939129e-01
1.445351834786030576e-01
1.576532013671201882e-01
2.147207239427713077e-01
2.084974395583580886e-01
1.976705389981352201e-01
1.880139052146030110e-01
8.122286402696247964e-02
1.423291219397531532e-02
7.921755002411967617e-02
1.418130856975310071e-02
4.213393447428987609e-02
9.146361660551325864e-03
4.676589884877684761e-02
1.092880279536619093e-02
1.989212345084582709e-02
-4.313222202832407010e-02
3.359077558824211107e-02
1.969903882951656512e-02
2.250582845329292606e-02
1.421782598290407228e-02
2.171600884206604243e-01
2.155113999172098005e-01
1.989980940658589714e-01
2.061829124285484705e-01
1.456435850781311880e-01
1.145411392561301311e-01
1.464776448939364983e-01
1.416695469911752603e-01
1.092551197644749533e-01
1.356219783964861536e-01
1.657717211749396291e-01
1.577402046170183481e-01
1.459460687812118296e-01
1.456014689130951389e-01
1.465682867096353981e-01
1.610795113617416729e-01
1.572984012845692892e-01
1.405979049309927509e-01
1.207329320132893014e-01
1.321975654050825677e-01
1.687176392337801090e-01
1.399192882889082334e-01
1.273284833206654310e-01
1.282018051312235341e-01
8.565982292966364819e-02
9.532611801183368816e-02
8.697660285565439464e-02
5.741387328327089701e-02
7.295785099790774719e-02
5.695072290165793111e-02
8.142964222309125033e-02
2.057635516500591066e-01
2.090215311205761428e-01
2.005950888114730879e-01
2.035638590989298502e-01
1.407797121148342268e-01
1.430055789059603011e-01
1.544528371845106385e-01
1.362731625850985839e-01
5.854376483268742409e-02
4.674006764355216788e-03
3.968351664033920034e-02
1.224833078303831126e-03
9.488042856907788480e-02
1.071591579342888872e-01
1.025459616173673427e-01
1.013284144988829683e-01
2.019481284738732507e-01
1.861084032186703929e-01
8.733528436171436593e-02
1.019191635767941889e-01
1.720022056967416557e-01
1.789684592042193600e-01
6.532959387476561242e-02
1.015464448576140072e-01
9.411001321515524709e-02
6.599413576903964684e-02
1.225618366196065401e-01
1.286155189744007943e-01
1.146158456514188712e-01
1.148235321480829130e-01
1.066432683207245435e-01
5.891002483443815579e-02
7.040508406440440514e-02
3.768938343939421537e-02
7.610074223837404173e-02
5.880624373070825195e-02
5.806220136998668790e-02
9.289340994822260777e-02
5.838588502007718145e-02
5.647475238881994458e-02
8.951334024458636185e-02
5.504604185975458391e-02
9.499049722927958850e-02
1.062020693305250063e-01
9.780688360107758772e-02
1.047108042436769998e-01
1.124803398097986434e-01
1.031881901166982890e-01
7.018425142957711305e-02
8.096840747385238013e-02
6.603004159081928004e-02
8.054497984213283834e-02
8.893920324119622411e-02
1.245555285654926930e-01
9.836914926773408785e-02
1.315367089361089148e-01
1.130790028455045670e-01
1.352989258349415191e-01
1.177305602148755043e-01
1.010641247404023418e-01
1.253313120704526440e-01
1.074496395306248214e-01
1.224183533487803732e-01
1.112627800155842200e-01
1.416122343783542681e-01
1.426628605736546818e-01
1.496011477516440424e-01
1.519662629915033147e-01
4.392823455042542402e-02
9.402619692660924011e-02
4.994771126352340329e-02
9.320930428361903775e-02
2.434485530416711022e-02
5.436211923130037510e-02
2.283855766385118127e-02
4.882679221333637715e-02
1.886089694564590802e-01
1.951843136843323112e-01
2.804812902981072831e-02
4.700411870482439081e-02
3.372536107228093355e-02
3.156137915379916836e-02
1.594362732505538449e-01
1.567141599983372380e-01
1.440071880445354113e-01
1.582813613637557848e-01
1.080981023072838942e-01
9.281405478989249169e-02
1.301214612747081667e-01
1.546616034220200109e-01
1.923901072136159907e-01
1.862169688720541894e-01
9.207704387561403692e-02
1.074579881056544478e-01
1.458588040686088494e-01
1.449787020495436618e-01
9.982380906246250685e-02
1.278431082247584449e-01
5.890810273062161567e-02
6.232366739816896928e-02
4.872541327309344583e-02
4.831223117123775029e-02
4.833082253600964190e-02
4.780213030893577797e-02
6.753258732518022112e-02
-2.443496272287326923e-02
6.555420547802452702e-02
2.576900570665720432e-04
1.961691764386275239e-01
1.783579804418860548e-01
1.930723690513451163e-01
1.737000903956476827e-01
5.139419974257079804e-02
6.352642097686976574e-02
6.170240283849438151e-02
6.832017370844002679e-02
1.151380330857015299e-01
9.749629615574163799e-02
6.816829179114225479e-02
1.042143299739412415e-01
1.539672560187758388e-01
1.430399777749928880e-01
1.482600505464328755e-01
1.383871922621570105e-01
1.515020004021779831e-01
1.356148912109987337e-01
1.503761478928933859e-01
1.483682664274727225e-01
1.363566306575893783e-01
1.394322903115553236e-01
1.688381800585238013e-01
1.680191895205425667e-01
1.775630559419359988e-01
1.282694056997261134e-01
1.216742694697588723e-01
1.236083124007887474e-01
9.558508824780274915e-02
8.441023480880537055e-02
9.552270130906072299e-02
8.307418067667543538e-02
6.275206298542507222e-02
4.512969448142940820e-02
6.180994972122043352e-02
4.320783087708073011e-02
1.672756936302024211e-01
1.609146397264333006e-01
1.314508473051500259e-01
1.259405205081678414e-01
1.436909477938509427e-01
1.422882959173697170e-01
1.412508259065722027e-01
1.366308616541986043e-01
1.424586563876324985e-01
1.320625601266267879e-01
1.339720362068840542e-01
1.202284631875345233e-01
1.255977251807151862e-01
1.397199067270896711e-01
1.200717411093257803e-01
1.238147373428705872e-01
1.084448281777860706e-01
8.629615876455097589e-02
8.832653448691205056e-02
1.071517530609031460e-01
8.469828836814904949e-02
8.611650963434877570e-02
1.766734538221201578e-01
1.318725586219436641e-01
4.907069649800535616e-02
7.737104676816299043e-02
4.751320418816998292e-02
7.983215123408650415e-02
8.081231930006821385e-02
9.434072915084407152e-02
8.608978687092561088e-02
9.498706090558602100e-02
1.477599076996798377e-01
1.456744325113019933e-01
1.475070381700177846e-01
1.375850077068072608e-01
1.330562065074274991e-01
1.381454152705793859e-01
1.189621028884366438e-01
1.136704731286100611e-01
1.219551269700487051e-01
1.113659285231086704e-01
2.013901393866519840e-01
2.016424906384326199e-01
2.002049276719503890e-01
1.868642723137048656e-01
1.859198230424436160e-01
1.858077780825708458e-01
1.457392124965820324e-01
1.460991822154317221e-01
1.375646383546069718e-01
1.365623751973984723e-01
8.729370387438727119e-02
9.246800875353641813e-02
8.777644383632264569e-02
9.434322931776016607e-02
8.304822616537139990e-02
5.473434957149678898e-02
8.532412398329942971e-02
5.329619337526781547e-02
1.982689567927978236e-01
1.991334302770558229e-01
1.818566361244740304e-01
1.830354085766048022e-01
8.908885455493736547e-03
6.369536986736175702e-03
1.375985090150838239e-02
8.086774179511252783e-03
2.979753600439742980e-02
1.473471573256947623e-02
2.975587520012875145e-02
2.403754834135768056e-02
1.209862192787464347e-01
8.908079135425922557e-02
1.476616468978131091e-01
1.463154581772548868e-01
1.321077608058946473e-01
1.029553178434677585e-01
1.450395730304123720e-01
1.382743139929324683e-01
1.383354279500360051e-01
1.441952920785287140e-01
1.485695184453980910e-01
2.016841966803829267e-01
1.751818494184325947e-01
1.904672393147240905e-01
1.893813939711365968e-01
1.654137985101458153e-01
1.793571228627582337e-01
1.506366486594299392e-01
1.554763263281588592e-01
1.601113641255087761e-01
2.430135588184619347e-02
2.578836529453270437e-02
3.438568614206723856e-02
-1.419712816697150243e-02
5.907835009594897269e-02
1.461005739066039040e-02
5.755864397247018038e-02
1.865708097837752433e-02
1.391108566885250752e-01
1.327117821744804582e-01
1.224471857935499480e-01
1.391806250982663418e-01
1.244869493627289991e-01
4.268790039888016585e-02
7.963831633070521387e-02
6.789748436287788846e-02
1.871290626877305241e-01
1.749623950326583133e-01
1.049151645925697623e-01
7.580527858415399278e-02
8.356704145328139322e-02
1.472788083245644697e-01
1.401742365615825381e-01
1.421146035076109593e-01
1.605944142341424186e-01
1.537889849977566725e-01
1.527106256246880123e-01
2.205091449520843738e-01
2.117363603364771918e-01
2.154022856438956579e-01
2.094409149535803871e-01
2.011481648633928754e-01
2.034726799466433367e-01
9.439438138319093674e-02
8.460775036340639765e-02
1.450365097261706870e-01
1.621307666125725855e-01
7.520753724109537075e-02
7.591568106600135590e-02
8.146424649426398101e-02
6.985923243413812156e-02
1.625642670808145340e-01
1.725245532345922872e-01
5.779533187761518032e-02
3.446041356240873293e-02
6.234352822470609623e-02
2.856701061968995245e-02
1.683985551096904565e-01
1.772812898637660117e-01
8.056384019854544165e-02
2.912664236662393033e-02
5.881570532805919377e-02
1.012425522077088913e-01
8.352160880594586279e-02
2.127657835174740220e-01
2.117786292651910318e-01
2.119430801364018679e-01
1.959257583179311313e-01
1.939692558901499886e-01
1.949147691411368954e-01
8.632824711353226377e-02
6.855400733481314957e-02
5.447081317004724005e-02
7.393677159644657104e-02
8.027908037436358446e-02
6.887561237490368027e-02
6.059159937904216170e-02
8.109663819598662837e-02
6.886679715960453141e-02
6.173970841428885747e-02
5.591031170224775720e-02
2.706548256944732792e-02
2.390987491236659310e-02
1.233854422712940685e-01
1.274945814529212518e-01
2.128591736547247870e-01
2.065080723033622667e-01
1.942280744995947273e-01
1.905549737189320691e-01
5.657772924532362274e-02
8.529380870165154116e-02
7.280154380689260463e-02
5.112445121094668504e-02
5.359634882505944636e-02
8.237883463466011413e-02
5.883714067434948902e-02
3.339249307663623434e-02
1.712734380330623030e-01
1.754784613542255400e-01
9.871170338932601374e-02
6.930291232228753817e-02
9.555524981616751734e-02
7.056442501807366763e-02
9.183450545780666441e-02
1.102944974062999295e-01
1.024616197841961562e-01
1.211517316051675119e-01
7.383932013224044077e-02
9.512229695746736435e-02
1.565550357862134645e-01
1.554057889783275748e-01
1.531727435059016817e-01
1.496907031434264179e-01
1.496379009677562821e-01
1.478131705746560387e-01
1.309707062554394119e-01
1.333472569084770687e-01
1.453563787384908046e-01
1.443510921244286205e-01
2.178712195759141546e-01
2.175158468221968233e-01
2.053076353222934580e-01
2.053116959756663418e-01
6.600966622230901304e-02
8.849646663374069466e-02
1.104638620139507116e-01
8.551704061359104159e-02
1.118226614737531516e-01
1.368069770785331485e-01
1.223669503499824618e-01
1.070344120305425500e-01
1.293124947693403692e-01
1.209874528753724920e-01
1.237715524130184319e-01
1.121760322686436717e-01
1.351305286554841945e-01
1.307511186482937515e-01
1.182257265391977175e-01
1.403837993088414005e-01
1.464022563331383864e-01
1.511191254996545053e-01
1.505227225531748370e-01
1.442336788392171720e-01
1.266465765581802627e-01
1.269933834478273738e-01
1.093840396679903182e-01
1.461535229911617439e-01
8.065367621646146734e-02
1.423880970964799819e-01
1.065882811587252066e-01
1.863058843793271094e-02
2.442898133450256692e-02
-2.733310688746713041e-02
-2.304239263049549791e-02
1.516317750895834759e-01
1.326850015466773114e-01
9.716551695403942424e-02
9.411808018101178175e-02
2.890446145934212618e-02
3.972099630127642195e-02
1.110688495577018611e-02
3.940888268798931060e-02
1.520973334895715789e-02
2.405437224550017669e-02
3.771956014340723667e-02
1.556471028958221307e-02
4.119519182718373723e-02
1.337763429959593076e-01
1.382477155756228204e-01
8.255478963599209227e-03
3.428279247011065123e-02
6.948145883997398908e-03
3.956309027803753264e-02
3.097605390589049622e-03
3.318956555217646154e-02
2.847855735772145732e-03
3.551428122395942216e-02
8.671725441164064574e-02
8.740247988781334187e-02
2.011870665017980730e-01
1.091189793262841573e-01
1.260532364320423593e-01
1.221206031185764068e-01
1.115162304500884605e-01
1.298435852907337817e-01
1.228567689308703026e-01
1.608014371214774030e-01
1.419837424468753939e-01
1.494430718211913756e-01
1.347890889840399342e-01
1.592402768168076355e-01
1.409772224795741713e-01
1.057858776622827707e-01
9.923697131042749642e-02
4.102034083723204647e-03
3.629768059207669900e-02
1.279214830159742730e-02
1.227594264811846386e-01
1.134795923938574924e-01
1.164385638397027883e-01
9.974614024472307217e-02
1.243661012378959735e-01
8.094586828250228960e-02
7.400009475323937602e-02
8.404312976521220724e-02
1.802053974255759528e-01
1.775219369193938301e-01
8.394778790174824146e-02
8.107286271289554369e-02
1.540585841348642016e-01
1.513656505276440578e-01
1.546433622017864273e-01
1.565626190146155450e-01
1.534669941353781764e-01
1.556100187956745151e-01
1.017651909405665051e-01
1.240957859040820593e-01
1.023585502690974453e-01
1.580869877277167324e-01
1.830976777344696105e-01
1.618593113713040210e-01
1.081082423710135604e-01
1.351726693323583028e-01
1.099148147524552366e-01
1.524937272381262365e-01
1.726013965912686632e-01
1.569922853211594971e-01
1.266422508025628613e-01
1.410339806215384906e-01
1.670797051071401251e-01
1.703599886216868864e-01
1.571105989575899975e-01
1.634981170069307599e-01
1.570163397769760161e-01
1.623748850654913867e-01
9.238609636053006502e-02
8.798542348928817258e-02
8.579178494875572270e-02
1.399956814321808019e-01
1.418561623739824085e-01
1.330822349468625820e-01
1.355314275159293369e-01
-5.284497795549472632e-03
7.435698409612514180e-03
1.128153999910819520e-03
-4.729125629556606321e-03
9.384902183429957856e-02
5.737318227955275768e-02
2.128297864000296483e-02
1.002993191338419909e-01
1.134797683127777013e-01
9.841029400947458317e-02
1.209527243820067849e-01
9.073914380678224645e-02
1.009634249169606562e-01
1.071468304773205149e-01
1.288254122586521278e-01
1.250476678733034863e-01
1.214182134598539575e-01
1.202654225489735579e-01
1.297130502469495961e-01
1.306848750340405818e-01
1.306475673521051151e-01
1.430014955850236469e-01
1.437184349342854051e-01
1.430451931007855615e-01
1.942121780884379645e-01
1.892103405265361249e-01
1.957717888984072119e-01
1.858669751963742678e-01
1.834247191309031355e-01
1.893659497559708471e-01
1.301105307603951933e-01
1.420174661286306705e-01
1.363707284693794208e-01
1.459890247403603236e-01
1.112940452930944041e-01
1.506757910818728730e-01
1.188421888764842477e-01
1.554361357139057154e-01
1.507759368834518110e-01
1.311249104552009159e-01
1.238873326095401989e-01
1.364306513667573884e-01
1.306434441657917112e-01
9.983685185589512290e-02
1.279198074242702821e-01
1.057665464834360025e-01
1.193317856295469936e-01
1.229627265485928184e-01
1.997555158499270678e-01
1.310607675953314177e-01
1.899682966231279191e-01
5.979882727129468695e-02
5.909550146503494972e-02
3.968864624301800953e-02
5.802693982961833197e-02
5.391221260420392403e-02
3.967830364716319613e-02
8.220188782458108523e-02
8.647543506900882970e-02
6.981565450184427923e-02
1.011898411674686665e-01
8.622976241124333252e-02
4.969883866570787290e-02
7.844004347748806394e-02
4.932858948402948224e-02
4.254205915875679950e-02
5.173789808744853197e-02
4.928359774612339761e-02
6.810748064641931887e-02
6.737335353297176088e-02
8.710756078251188916e-02
3.640308481763437215e-02
3.512039478229479067e-02
1.073535385004642934e-01
2.111127791516994867e-01
2.040258666100776552e-01
1.280560210305805025e-01
1.277646572265783154e-01
1.166450116086053396e-01
1.197328425984589134e-01
1.125429760814233016e-01
1.018963724423526396e-01
1.047621709053107308e-01
1.672909433680014879e-01
1.425793053158394275e-01
1.492888713515202193e-01
1.746145368294602929e-01
1.450421784353484178e-01
1.534218439278010049e-01
1.310603267621593682e-01
1.369837808263868473e-01
1.362395497099571917e-01
1.252023034468473517e-01
1.264997840981637034e-01
1.255245039079423142e-01
1.421676704890443253e-02
3.866738139228353272e-02
1.068301551048244681e-02
3.487697511123453997e-02
1.627785252643857983e-01
1.566554864784952261e-01
1.504809579960778854e-01
1.485030472038387783e-01
1.461028669678673120e-01
1.482704203966314638e-01
1.153743261824021621e-01
9.977097702341299057e-02
9.966921696370119321e-02
1.223979714659832185e-01
9.955029187907683819e-02
9.770591056309109457e-02
3.993978369806586159e-02
4.406575834442786471e-02
1.201745207420986811e-01
1.085650931303863975e-01
1.286270550841778493e-01
1.147041085497600282e-01
2.183624999875610484e-01
2.157171943691343907e-01
2.132379670631964763e-01
1.994551100954138900e-01
1.048463090277096665e-01
9.983819740463162340e-02
1.521500999681788535e-01
1.759884783894104521e-01
1.436728170231092380e-02
1.158122381655066896e-02
1.086345316291888324e-01
1.114509892328195140e-01
1.227955682009636285e-01
1.255389786451837353e-01
1.832548255169935414e-01
1.907218106886930387e-01
1.769744753261399406e-01
1.822759127949937774e-01
1.210309587169587225e-01
1.639058756579664100e-01
1.349613494126674917e-01
1.565534875480022736e-01
1.444742764486542652e-01
1.470206881421268763e-01
1.374190669761146955e-01
1.438945675562277871e-01
1.053030308127065745e-01
1.044352939963964777e-01
1.220789498255232947e-01
1.242983960486375161e-01
1.488149437752257220e-01
1.398119569792324046e-01
1.270019320247522954e-01
1.298399886903668643e-01
1.448318295825194446e-01
1.476210078348547949e-01
1.452379071280802680e-01
1.369929562068750717e-01
1.373428277505446271e-01
1.401426946358790282e-01
1.237269959637944117e-01
1.404805052238783381e-01
1.826033366770677124e-01
2.066152171017683059e-01
2.256143175490918362e-01
1.980276964022171515e-01
1.983842897905835068e-01
2.535217575857596356e-02
1.179972805628604904e-01
1.322784246267196262e-01
1.281278627201526410e-01
1.343865352246225442e-01
1.293363205039656794e-01
1.217586153244199776e-01
1.387880916032332435e-01
1.460412985714590051e-01
1.461029196700134869e-01
1.406408546661659653e-01
1.400906108665588290e-01
8.989147713484270386e-02
1.168311779300457015e-01
1.020674854158499928e-01
1.286207424651830411e-01
4.524522578511819271e-02
4.383113577179206799e-02
6.556450964577957563e-02
6.607357266801354434e-02
5.925868506021234050e-02
4.955216139668260772e-02
5.623056942497092758e-02
4.865524904241615850e-02
8.409163586015046266e-02
5.988067082414447184e-02
8.684649437663982674e-02
5.612728278824735684e-02
1.603038232856776879e-01
1.741814719825995894e-01
6.278176045303254793e-02
9.145294059323645641e-02
1.186561192807923382e-01
7.396924282417781382e-02
7.959588079928492377e-02
1.230277931465134783e-01
7.836753103857935221e-02
8.640270625916673941e-02
1.334624359215937361e-01
1.253286023429733831e-01
1.635231433455891503e-01
1.807295822354935966e-01
1.461579330366674090e-01
1.402890178025192058e-01
1.561435169157493474e-01
1.692762091324581664e-01
1.621436087096386480e-01
1.703322051563006534e-01
1.519936901733978385e-01
1.614965152620345956e-01
1.317939334233600712e-01
1.434443329332391326e-01
1.419558427842698978e-01
1.521432089071168559e-01
1.843404843294287054e-01
1.850926104659509630e-01
1.778171116797861995e-01
1.627943511900372398e-01
1.700819437574871140e-01
1.594706747900201116e-01
5.740820137630171099e-02
7.408790702121112459e-02
6.432252394184097277e-02
7.952041773385705448e-02
1.417175236614473810e-01
1.371775607040370271e-01
1.307601961908580745e-01
1.289008118394755487e-01
8.830438252018731060e-02
1.118001470687385729e-01
1.340158082282497665e-01
1.446682179628712428e-01
1.419256436427099588e-01
1.143456960746948442e-01
1.317492712937815558e-01
1.238043225984959833e-01
1.490506510602113144e-01
1.509642245873510091e-01
1.421902969222844648e-01
1.441967510117329876e-01
1.217676381038526601e-01
1.231717013099560276e-01
1.308639356294145906e-01
1.293641103348372456e-01
2.168609064901770023e-01
2.200663293353401773e-01
2.122303650633738659e-01
2.121422679257958799e-01
9.176866174375225560e-02
8.529760283846912761e-02
8.247638093479797705e-02
7.153127715834313449e-02
1.385866135678389677e-01
1.222300129356777981e-01
1.493228254488422613e-01
1.346007664482553601e-01
2.272179336828830665e-01
2.263478078863191967e-01
2.139576068352751770e-01
2.137519151818806917e-01
4.393219403927552807e-02
5.126825111115946437e-02
4.740553606730230768e-02
5.198302150082371315e-02
8.657830647132370994e-02
5.432394848937135284e-02
9.072380673913814364e-02
6.000095758152416969e-02
2.022928092373423303e-01
1.352332055931163846e-01
7.583692802201807970e-02
1.225832615843335111e-01
1.356617135570470367e-01
7.642883217543845753e-02
1.191814214950547984e-01
1.469981744907608301e-01
1.369090249136311888e-01
1.265293388324910950e-01
1.300187634535946712e-01
4.493565285791583513e-02
4.321319560296242590e-02
7.221495336527848641e-02
7.261971165397441974e-02
1.604183330426361132e-01
1.461788021813607841e-01
1.576340237603844896e-01
1.365987433909182369e-01
1.536434524522080902e-01
1.530072339177448448e-01
1.934693672103235118e-01
1.204108936675636621e-01
1.809320418791730556e-01
1.227089379747755282e-01
1.357108455103035460e-01
1.420898483962751424e-01
1.547047649251779844e-01
1.412723966757546135e-01
-6.487625453416362951e-03
5.615817700816273794e-02
4.594223624589717503e-02
5.467562642303896298e-02
-2.615093070104293656e-03
2.020709401340837000e-02
-1.801969642914738601e-02
1.461692280429463010e-02
-3.486939791107333819e-02
-7.307730570670709601e-03
-1.764491028148826779e-03
2.219735810070101734e-02
9.552874382106700535e-02
6.426722913456235642e-02
8.653225838706882223e-02
2.389278673294987360e-02
1.711529326427380787e-02
4.815699005401110483e-02
2.220376918390473339e-02
6.225819427265105038e-02
-2.452093179057534753e-02
1.873838619444298179e-02
-1.835303473878808350e-02
1.610622111234369033e-02
7.702558224579823809e-02
7.355908213204477575e-02
-4.882602073458940962e-03
4.678426724151392435e-02
1.548702219839455663e-01
1.455591312741154331e-01
3.692273798847420935e-02
2.796433941948313698e-02
1.639909777962286416e-02
1.626298678990560978e-02
1.555392451720286895e-01
1.714610902250853219e-01
8.201228337951772807e-02
9.305115187325517512e-02
1.347491880718561796e-01
1.291315006638780183e-01
1.376438428669151670e-01
1.441270463378019340e-01
1.423569924281264942e-01
1.494651494832485161e-01
2.250724626460561262e-01
2.146969321144111820e-01
2.189077371152608753e-01
2.121501747611282684e-01
2.034424003451346663e-01
2.072089260794090504e-01
6.311686102106432716e-02
3.129791867366839286e-02
1.400764841190084709e-01
1.298387376137175864e-01
-3.639745674293189126e-02
1.483081411558108409e-02
6.521415646825203666e-03
4.767861897387069836e-02
-3.144271842016042179e-02
4.236908532361516148e-03
-4.198684785080450399e-02
-2.494506716741496516e-02
1.263465523028091675e-01
1.408120968704324183e-01
2.311837962087140430e-01
2.090565524981369550e-01
1.921896694329617780e-02
4.534289292033137631e-02
3.159508284759952185e-02
2.479510322589659199e-02
5.704485126492371549e-02
3.312277482521513994e-02
2.755851957305574182e-02
5.425919014500828197e-02
3.866084652637281210e-02
2.584299801325188467e-02
5.342847042464721891e-02
3.823848424112293032e-02
1.171803679727312086e-01
1.215820131195164411e-01
1.225954036050209278e-01
1.262550876299165792e-01
1.255138189756319911e-01
1.425385213688891428e-01
1.293782950138579468e-01
1.498783794008944070e-01
1.392197622885032737e-01
1.542364786058700588e-01
2.261847375416753680e-01
2.238256261844210337e-01
2.197879478414186960e-01
2.126264403159046079e-01
2.079873062966378916e-01
2.144082371630625372e-01
1.513467413608262924e-01
1.521024684131402904e-01
1.538874769207847215e-01
1.521455854574823019e-01
1.190142738947382595e-01
1.234072436131038036e-01
1.336940289890816425e-01
1.371541945952276520e-01
2.101540475956416021e-01
2.124573678462327309e-01
1.987202321244205816e-01
2.014539661626427725e-01
3.611734977083925352e-02
5.892500085963475048e-02
3.809379049407864842e-02
5.208935074196296283e-02
4.907794517540713108e-02
8.019722485566514736e-02
9.303945809064570471e-02
1.376035447246622967e-01
1.633350100794347670e-01
1.381113967613892268e-01
1.485999742468002982e-01
1.547640795294355220e-01
1.424767563034706475e-01
1.511672778968392861e-01
1.402486058578706063e-01
1.297901899548679350e-01
1.381856847558353696e-01
1.406989871308682583e-01
1.321663737146038797e-01
1.210458063262876832e-01
1.358337639330780555e-01
1.342791793030949088e-01
1.314429894513092223e-01
1.505136586352046890e-01
1.498016419122310539e-01
1.523399549297994593e-01
1.584595037257083006e-01
1.393862533552086835e-01
1.439376034941588778e-01
1.250451624923487048e-01
2.139200199692996018e-01
2.103944165550305778e-01
1.978312001244700302e-01
1.953745110672453211e-01
1.518319427882132977e-01
1.535483518117825297e-01
1.555069291358334160e-01
1.552007251332083726e-01
1.480816317970526097e-01
1.272911434355541160e-01
7.152005911491959855e-02
1.007164247927232054e-01
7.451506977408188515e-02
1.032435646667419910e-01
1.393423494519702155e-01
1.303614688832050450e-01
1.170173717586516920e-01
1.426364422030451107e-01
1.504546753260965208e-01
1.844994448550780347e-02
3.933573072528654541e-02
2.193265512379465390e-02
3.424020917738126307e-02
6.106036147188206170e-02
3.979807565195001701e-02
5.668389118708011543e-02
7.083160078779478230e-02
5.725546943391228438e-02
6.878799893557173417e-02
9.926582522374287343e-02
6.278406313332540734e-02
9.540218287558578647e-02
5.830610541153247173e-02
-2.595632734729746982e-02
-1.624688212373735785e-02
1.459359734258561525e-01
1.423427948695822620e-01
1.493176899823314696e-01
1.461333170331129694e-01
2.184453797117787699e-01
2.144280245881997615e-01
2.055483724769744946e-01
2.007893681968537791e-01
3.880994627266372288e-02
3.262476344051073313e-02
1.246786081723833817e-01
1.263318324773154422e-01
7.816431631715047013e-02
7.677098706797373662e-02
1.553942864275571767e-01
1.534610975560403712e-01
1.533857614164698402e-01
1.594517019243005818e-01
1.500476602923772607e-01
1.496860495927871959e-01
1.587991759946760228e-01
1.459222061010386970e-02
2.396844426769429576e-02
1.356208841171945290e-01
1.409618819138847290e-01
1.065747154360768556e-01
1.020248309480075999e-01
1.010003739707514420e-01
9.108782423758624014e-02
7.276925481226807768e-02
1.013702565764059843e-01
1.495398503792393363e-01
1.471253740682893496e-01
1.515597006176872541e-01
1.434790281151180624e-01
1.441662920694457006e-01
1.463375598161455737e-01
1.491366466176490269e-01
1.442170433791275241e-01
1.253168807256977435e-01
1.141268483179720961e-01
1.643804518583078245e-01
1.668710501441146854e-01
1.590958631218909181e-01
1.606482699832184335e-01
1.304272047251642808e-01
1.412049512062181766e-01
1.388626703838491960e-01
1.466070162208829297e-01
9.198426461704950485e-02
8.352094946164603795e-02
6.105825509501282972e-02
9.472309483514478046e-02
1.184627234219622210e-01
1.170964985511019490e-01
4.486536469039588589e-03
2.685222604659872822e-02
1.096035618714327892e-01
1.377584708366505761e-01
1.569741040099139340e-01
1.338544387806039349e-01
1.552432750186136801e-01
1.245728673970809414e-01
1.859467488755778553e-01
1.350106583567667884e-01
1.716014927673925328e-01
-1.777619724281508454e-02
7.101156193996171519e-03
-9.774662803315417592e-03
-1.962160215062932339e-02
6.897961149869094762e-03
-4.772194486714480786e-03
-7.751531728510601543e-03
5.469307953465773857e-03
1.669743760124167697e-02
-1.031047148657734600e-02
4.582172009091086198e-03
1.835229617876035085e-02
9.204133808145090190e-02
9.424392925058894255e-02
1.097705121768622755e-01
1.393214773176199295e-01
1.062131846849731359e-01
1.051573676755780257e-01
8.617253088911050463e-02
1.242710974702943283e-01
1.423122226443020166e-01
1.273286433617000779e-01
1.094775946477281187e-01
1.045616080304024725e-01
1.262032987954622987e-01
1.447208750868085869e-01
1.363993939524533738e-01
1.586065628597985444e-01
1.275737529142310644e-01
1.264899117731404510e-01
1.522137405875557958e-01
1.974911574834604666e-01
1.854269764450015845e-01
1.618874131810092987e-01
3.233967744422202445e-02
5.553765055492115854e-02
3.187551356005957626e-02
4.434291787319582373e-02
-1.579760627941641585e-02
1.209678585735440501e-02
-2.441080217448279160e-02
6.724001444859322406e-03
1.256140380834062376e-01
1.292698471135455551e-01
1.080406403268533017e-01
1.137730641842966961e-01
1.488978879649896503e-01
1.267205670625438374e-01
1.537560218141786894e-01
1.397842205130364612e-01
1.545160845677902017e-01
1.445160569993389765e-01
1.648972517911161673e-01
1.577784893968902924e-01
2.055400853510816472e-01
2.066436307654377635e-01
1.929321336274518461e-01
1.943953473927639841e-01
1.447763253665725058e-01
1.387630322101001956e-01
1.529750474965482221e-01
1.480588179508575963e-01
1.677131531870274528e-01
1.773828752244888673e-01
1.516191513614865705e-01
1.634765616977911507e-01
1.303450296907799344e-01
1.215928254135042602e-01
1.969847109026929000e-01
1.989037077379797458e-01
1.805008110207512451e-01
1.805186593357310521e-01
1.792094611597459808e-01
1.283631449515186262e-01
1.641871747653465829e-01
1.339939270014986750e-01
1.269279029896320243e-01
1.363125894481773681e-01
1.298744087046067308e-01
1.247452338433598790e-01
1.136867791280302686e-01
1.163371501567643240e-01
1.700577534960772408e-01
1.775068654715854233e-01
1.541797637763789308e-01
1.658460248778628188e-01
1.194083877449163694e-01
1.189311963490814750e-01
4.018448044405352471e-02
4.364217988682739940e-02
9.542695321731398117e-02
1.050393433652542508e-01
1.112676083140466676e-01
1.216317663979126079e-01
1.826810501728030611e-01
1.657877895342659280e-01
1.720496570117434343e-01
1.533045673429419831e-01
1.454135762430709133e-01
8.633912432975993090e-02
1.241164928694475922e-01
1.376053306398667964e-01
8.440330253747839462e-02
1.204562847538150350e-01
1.366007985228361588e-01
1.270585624816110704e-01
3.560762905639779791e-02
4.409510385079767197e-02
1.142988170164054018e-02
6.212781042741016141e-02
1.960045096459085423e-01
1.862808426794190786e-01
1.143724485368070309e-01
9.514579747021227607e-02
1.067459784884346730e-01
9.818299621114837117e-02
7.090941629405606017e-02
9.378742051779871691e-02
7.037743574031420091e-02
9.019228285857885941e-02
6.672989038239086901e-02
6.443699514279516150e-02
7.844805923904096812e-02
6.993486211026211929e-02
6.801360116585956905e-02
7.953990571701863299e-02
1.068548238448497889e-01
1.016753539270960488e-01
8.487275239779835945e-02
9.765784555009089651e-02
6.276165231335371908e-02
5.039293984055175091e-02
1.386148768777259281e-02
8.863209750322124242e-03
1.500970017317527216e-01
1.408915918281839763e-01
1.454804165170151542e-01
1.417173921567320694e-01
1.317649890063867235e-01
1.370685021065311260e-01
4.037261823301623032e-02
4.136704084364146994e-02
4.668157265680179108e-02
3.834091940637401191e-02
1.073117840479401001e-02
4.043230364206101823e-02
1.363500902516990437e-02
3.468898376013700158e-02
1.422963819202379687e-01
1.462904479685056824e-01
1.428276875411858549e-01
1.463999597674520980e-01
1.300430501317115517e-01
1.257982996801783049e-01
1.319153489355543163e-01
1.269428832385012529e-01
1.178316566778418312e-01
1.220140024891432085e-01
6.357297643630108186e-02
2.512670893250487994e-02
9.415886648786775392e-02
6.380288328747704685e-02
9.248548875713011319e-02
6.355910358213145983e-02
7.367249673959637424e-02
7.422489840288283569e-02
1.582559627045840023e-01
1.525295548265071799e-01
1.098335228706439071e-01
1.233628690732255506e-01
1.492120611180276224e-01
1.550246453049018702e-01
7.930700958007803891e-02
7.961876511357882102e-02
7.162174307858239219e-02
8.110363438169279626e-02
1.087514804351783632e-01
1.481086378413830895e-01
1.130587185497799463e-01
1.470461220191224549e-01
1.721852155585093247e-01
1.157398320985729284e-01
1.169507787444685754e-01
-1.881872440188452761e-02
-2.143912584347272207e-02
3.920250755881686359e-03
1.085621091699535794e-02
1.938257449658370712e-01
1.993249589325836180e-01
1.797549951443709049e-01
1.849553952508910803e-01
1.636858663375988510e-01
1.619762915771647549e-01
1.313532881744092495e-01
1.249251858441345897e-01
1.674830221869348656e-01
2.392633399401024319e-02
2.553266942126208167e-02
2.989152932735219398e-02
4.169847881169775478e-02
1.475535783812467194e-01
1.258901312723439414e-01
1.499707645438207171e-01
1.228400589695883144e-01
9.355428959636506725e-02
8.205178699237226925e-02
9.624251242100705095e-02
8.555319123089469291e-02
8.699347745371738272e-02
1.238255734850020329e-01
1.296221296903453668e-01
8.484822881255348059e-02
8.040681017418813137e-02
1.193797486104243161e-01
6.417143599000711685e-02
4.215120524113469269e-02
4.726615118237701557e-02
2.257173036869968702e-02
4.616169838488597132e-02
2.279006057896406853e-02
6.510328962268660535e-02
4.015268371790773477e-02
1.693907751453565813e-01
1.446667109845271859e-01
1.584421520331935895e-01
1.609998559636774684e-01
1.371133403080941060e-01
1.525735266546370261e-01
1.578737150123569188e-01
1.366378039987490578e-01
1.471092163470053005e-01
1.193865236925090167e-01
1.199102514577956163e-01
1.135841586405259424e-01
1.365263504731938637e-01
1.012733493352240832e-01
9.648892687877340391e-02
1.537213161907967918e-01
1.538929149533768415e-01
1.529458468062094567e-01
1.474975706125150610e-01
1.406891086525806911e-01
1.352369383206314390e-01
7.153054797980677726e-02
6.894028055473286343e-02
1.903621088312522358e-01
1.755438534299221531e-01
1.653547467709332308e-01
1.588555222409873957e-01
6.454166210428247119e-02
5.638018793376904647e-02
8.014104125571006043e-02
6.525821692464998935e-02
5.733420374250498830e-02
8.289056782025916448e-02
8.621514930054077763e-02
9.428187713264278569e-02
1.425273270659642155e-01
1.375398162814666647e-01
1.309698908322812216e-01
1.404963688809980626e-01
1.272102699859973818e-01
1.367002864773047555e-01
1.013092374857037792e-01
8.172466260660858628e-02
1.024648743041679660e-01
7.684215315567657911e-02
1.448364195770943108e-01
1.454610387299870300e-01
1.394224141166333086e-01
1.407357276111395883e-01
2.135016046144496901e-02
6.154204554645687636e-02
7.239293318378933750e-02
6.440940949492239553e-02
1.480227843415006517e-01
1.554090214318814001e-01
1.530157307602114658e-01
1.621188516346912523e-01
2.042507022989228926e-01
2.105038654821408672e-01
1.907746033101283545e-01
1.973630397862910502e-01
1.067384865773431529e-01
1.128035957144349483e-01
1.023876889773516902e-01
1.164594288168867287e-01
1.096884012651953011e-01
1.239725476733750942e-01
1.032452070797447302e-01
1.117239732144586356e-01
1.762789344006682191e-01
1.571068748496689538e-01
9.665476345553046522e-02
9.216392615877005978e-02
1.567520964157921859e-01
1.557340142199697131e-01
1.494339578513740330e-01
1.463694988147174192e-01
8.837246139763776931e-03
7.190564591211769628e-03
1.537028217675067386e-02
5.598631889314249765e-02
1.624999683437424181e-01
1.621328151881024637e-01
2.152172014421227172e-02
5.678110379517624373e-02
6.756137842573287089e-02
5.759514509668607618e-02
6.514125917519703046e-02
3.902878764631195763e-02
1.635538293768900447e-02
4.491402847438792645e-02
1.285722116151054861e-01
1.292490581758354851e-01
1.128906120119839984e-01
1.255916993503094770e-01
7.988337590076802219e-02
1.062873274389729561e-01
7.649876330947250058e-02
1.013544335113827216e-01
1.150849967394259182e-01
1.150000381656888920e-01
1.188780947987314734e-01
1.195462376548559608e-01
1.209938045307677179e-01
1.487552437945005301e-01
1.411521572164701199e-01
7.208915522643430385e-02
4.761176678843492827e-02
7.323439056705019490e-02
5.045549627074046029e-02
8.243874568084408327e-02
7.156278023259764198e-02
8.871442881697479133e-02
7.711918673262922741e-02
1.276649846807034472e-01
1.394969817267523171e-01
1.263999497868642796e-01
1.410069060719273959e-01
1.879546309489213141e-01
1.720405096685818647e-01
1.467551077786708180e-01
1.446716556623546257e-01
1.765173788197873517e-01
1.639110757446994859e-01
1.489156586561745932e-01
1.441430384887117389e-01
9.861402878234290514e-02
7.789201733720652054e-02
8.274278903061933754e-02
8.453040765510871912e-02
5.539183412249577831e-02
2.082239115267348409e-02
1.102242752670645892e-01
1.180374018900585686e-01
1.536526709741967700e-01
1.534107352508967959e-01
1.538604340564055928e-01
1.448578287662837527e-01
1.509354027110303698e-01
1.532708552713042682e-01
2.216973016702491334e-02
6.202683234555947216e-03
1.625119595420244645e-01
1.433744362166375630e-01
1.567040831553639380e-01
1.469361659797305819e-01
4.497733983035320793e-02
1.658757543923655153e-01
1.281939558094127574e-01
1.373131162958902973e-01
2.204320873250190382e-01
2.093908010458520319e-01
1.746294792744389202e-01
1.809836430520601613e-01
1.215570378596279311e-01
1.231757450000151022e-01
1.113160793767623280e-01
1.006334708033673059e-01
2.022652204194720638e-02
2.566643631735328335e-02
2.955912424827114235e-02
-3.979108975028913808e-02
-3.617179567554726621e-03
-2.467035311811997811e-02
1.529236676852905596e-01
1.419587778304380599e-01
1.520703732362799210e-01
1.454220146375414247e-01
3.499787465494078736e-02
3.159093068373407254e-02
4.607198947434161529e-02
6.216422487375794503e-02
-2.281898336082838555e-02
3.853517430159269196e-03
3.568881315548064984e-03
-3.621380049532114953e-02
1.513319242171865843e-02
-3.573894830124214363e-03
1.183886924865970164e-01
1.077567208193561388e-01
9.833888530098558456e-02
3.959023255475586922e-02
1.658079496375196998e-02
4.785919501451627728e-02
1.975129605100568383e-02
2.127976391597473371e-01
1.961085659232070788e-01
2.078747017132248354e-01
1.917073294053361077e-01
2.771034313237098409e-02
-4.904453817293749629e-03
1.033381302643523736e-01
9.149052446303707065e-02
1.198131539805153412e-01
1.086955376602859458e-01
1.451532383906891377e-01
1.467730119665143218e-01
1.394404076396162095e-01
1.329851567512581878e-01
2.416626134494295058e-02
1.520333659379374119e-02
4.236863547128433272e-02
2.687847332855512056e-02
1.110286149640905690e-01
1.048206568634321850e-01
7.818861078841404799e-02
9.086970012799870655e-02
1.685984749833713547e-01
1.624045336269088480e-01
6.520509461192615375e-02
4.694409641742079697e-02
1.456619357024089012e-01
1.352778354936534089e-01
-2.008271345038275396e-02
5.768564033896721698e-03
-1.858447239778728693e-02
8.425622350494113566e-03
1.317044880947927654e-01
1.283843476164178710e-01
4.788874856203602370e-02
3.181689239801808317e-02
5.047034203213333903e-02
2.539881090222179463e-02
9.767207210317599420e-02
2.060040051840044129e-01
2.140348728725449123e-01
1.970251589965319461e-01
2.069852840455731480e-01
1.135923910380409324e-01
1.188339359842516957e-01
1.255866025505865680e-01
1.311959966822904555e-01
8.746707525929460492e-02
7.952582138078082008e-02
1.046279893367295238e-01
8.640363102961227948e-02
1.831785967476773080e-01
1.688032050666776474e-01
1.215624225384917129e-01
1.225580082770395401e-01
1.153717398826925589e-01
1.167228983083576505e-01
1.133370946266991641e-01
1.122747749234865033e-01
1.128265038141795240e-01
1.115820732154155087e-01
3.614270983181874092e-02
6.888214814278585674e-02
9.603948561523849292e-02
9.231353916358804590e-02
5.393091103190000152e-02
8.445320127475086647e-02
7.717641470744002197e-02
6.914393817626687810e-02
5.346658088968684469e-02
2.920504464184709922e-02
6.234888630435216073e-02
4.004318755537942393e-02
5.933393467755473244e-02
4.642494769559361856e-02
5.568199681460486022e-02
4.394479972684675606e-02
1.249375144934149473e-01
1.261425750984350447e-01
1.641017613444322593e-02
7.065371294478878239e-02
3.722088351480862950e-02
4.217119393447023995e-02
1.876104687723608999e-01
1.592775218835775219e-01
1.590182853544359620e-01
9.262433209075400520e-02
9.765530842749900464e-02
1.654728227278391695e-01
1.566236951657411225e-01
1.437434450433094646e-01
1.493533713191107226e-01
1.514207373831160941e-01
1.536725223400117191e-01
2.180426856536332447e-01
2.146692412421435103e-01
2.041422956064804783e-01
2.025786927968051265e-01
1.903618959936289323e-01
1.716748478112410659e-01
1.658389209521383689e-01
1.576653713534711954e-01
1.464286241402610045e-01
1.407210050710338833e-01
1.311690870627437722e-01
1.259957693827681580e-01
1.202425180344920408e-01
1.180802337414796482e-01
-2.243533797624166180e-03
-2.820801413715184197e-02
5.317406078176526579e-02
6.506131451390245735e-02
1.205662704842645344e-01
7.091578267566757410e-02
7.180238842624772633e-02
8.858977509165084918e-02
1.056884758001428448e-01
5.410934271117485983e-02
1.198466595088945319e-01
1.348439049983471416e-01
2.030561990377634518e-01
1.941517881148709934e-01
1.260619695530063589e-01
1.437574454115952693e-01
4.867581390925471152e-02
6.211850368088757401e-02
5.629561534328099415e-02
3.718365608703170372e-02
4.339826135308588045e-02
5.663748400976106878e-02
2.336112862896420200e-02
1.607212611917403500e-01
6.614921591543407309e-02
4.506204846908336975e-02
4.841624514375127142e-02
1.106624802211021719e-01
9.832736420951200540e-02
4.345272778258854607e-02
4.708073113136777843e-02
3.580804202151802867e-02
2.428396560632642767e-02
-8.535912405752058355e-03
8.752480393236915235e-03
-5.749709514374765421e-03
1.021814732459708393e-02
7.009833760420625115e-02
5.084847352955340627e-02
7.567112706702505687e-02
5.648271407114807685e-02
1.355131388279020299e-01
1.442384159521887255e-01
1.414597201122034797e-01
1.502592341194772529e-01
1.587380713020464240e-01
1.603393503744144633e-01
1.565983939966939797e-01
1.538942801025857954e-01
7.314318435096053839e-02
5.742594433560814504e-02
1.196891742796702962e-01
1.206807265104451882e-01
1.519800076010529855e-01
1.474096977414772192e-01
4.434965097149388968e-02
6.175674563552231711e-02
6.960247631795400680e-02
1.164356643575703842e-01
1.301262964009853584e-01
8.134432060907852147e-02
1.031611451472789071e-01
9.418848817269021012e-02
8.038864064584026747e-02
7.255181047120200233e-02
9.767856499972897566e-02
1.031996513606100868e-01
8.715979449626000408e-02
2.074789623257549120e-01
1.906323038257970448e-01
2.125623687469693490e-01
1.964434169596039337e-01
1.314610407781043599e-01
1.309780591710980602e-01
1.277529334087888213e-01
1.274627617385891143e-01
1.142455344768392167e-01
1.267369306394293127e-01
1.555461357982420023e-01
1.100032612118905101e-01
1.212023170754606277e-01
1.216761211032230117e-01
9.962203505539747594e-02
1.196773701787859079e-01
1.076076630524490513e-01
1.172976710106040377e-01
1.414416188652100059e-01
1.313256652379342637e-01
4.246611027363592777e-02
3.905129454779484449e-02
1.019007930985019322e-01
1.373377580931212094e-01
1.154128467498947153e-01
1.630695521714878027e-01
1.095432931770222787e-02
7.913389091763180228e-02
1.377820395336335491e-01
1.332303906550656725e-01
1.516756855925590619e-01
1.467435963013236921e-01
2.010213199984161869e-01
1.916695739670075949e-01
1.896047443080066675e-01
1.801567375092570644e-01
1.678690217803912102e-02
3.887129075172013337e-02
6.223299705418269129e-02
6.307208568168240492e-02
2.705925928621427320e-02
3.530378267331452102e-02
2.838198368207573916e-02
3.468882713608120727e-02
2.962421342388107601e-02
5.484969932303981888e-02
4.917310630809429428e-02
2.125615859066208937e-02
1.314555701607972582e-01
1.313791059322458321e-01
1.147518067992081559e-01
1.149295130816066768e-01
1.467605849888866942e-01
1.452276498470466970e-01
1.576803182959432281e-01
1.492733874621210710e-01
1.925862085887806163e-01
1.780595208872889912e-01
1.119728116161973347e-01
1.299904549678995158e-01
1.270900397721448638e-01
1.447661461507982750e-01
1.919512698255299576e-01
1.997463309429124700e-01
1.838840070245102154e-01
1.898983518871801557e-01
8.235757912504129696e-02
8.735489854061750936e-02
1.284660596694725820e-01
1.215583348401900188e-01
7.447262956005050449e-02
1.055527495069594757e-01
1.288265289140336500e-01
1.246822097010211738e-01
1.566116062462937497e-01
6.653132778143394654e-02
7.052548942771992568e-02
1.524903684136215132e-01
1.231309888461852714e-01
1.778977980310173512e-01
1.356043703577047843e-01
1.606239572676806393e-01
8.294384461275362830e-02
1.008972541484252916e-01
1.008114806159931959e-01
8.842037929403043228e-02
1.855352174933324882e-01
1.472879737007929957e-01
1.326468329330751927e-01
1.417873866065077759e-01
1.276633917487780268e-01
1.673516660621777452e-01
1.655472096435929019e-01
2.070369499020083270e-01
2.021426551601129828e-01
5.940637693116893048e-02
6.323524427163772221e-02
1.637518402721035160e-01
1.527478347319804197e-01
7.022697007339859243e-02
4.788816592083820767e-02
1.451474207182060494e-01
1.413891785458088468e-01
1.386522094669558614e-01
1.351628228250393859e-01
1.952920397949370335e-01
1.875463433332604790e-01
1.164611365149933325e-01
1.062299527647861258e-01
1.116769719215782580e-01
1.049672426482329834e-01
1.483354296542161166e-01
1.351731630763338687e-01
4.036324685089143910e-02
4.298446836506306101e-02
4.094024847251832855e-02
4.683815314577603750e-02
7.538938676264926586e-02
6.782611059600114622e-02
8.213525321562652193e-02
7.544697608537474787e-02
1.474642156467347032e-01
1.501176337601801691e-01
1.393772409982425853e-01
1.432694168567559823e-01
1.447010942346003692e-01
1.521280642582594766e-01
2.166859009885682974e-01
2.054780860037721812e-01
1.271160391562830283e-01
1.261421642927014197e-01
4.436223340289205223e-03
-4.830821367932965245e-03
2.081433855104903030e-01
1.917010899956301528e-01
1.723907708765488600e-01
1.616355576652880877e-01
5.776644647192800269e-02
4.630381554758192242e-02
2.157071353984119366e-01
2.069734749276665731e-01
1.128450090513756776e-01
1.289391567571639974e-01
1.533399135588150997e-01
1.541251007729088629e-01
1.467285011683207019e-01
1.475506670289131739e-01
1.453075474712436366e-01
1.532479301397398352e-01
1.469246980295552674e-01
9.335575340715400461e-02
1.182046117946637526e-01
1.085482725809682608e-01
1.440880758589039856e-01
1.468839497625770985e-01
1.289551100306544074e-01
1.313959900585329188e-01
1.180106264380648279e-01
1.089366932113555175e-01
1.137116355028113118e-01
1.043395061270542268e-01
8.498891006984346519e-02
8.834291619854371669e-02
1.308852769522638460e-01
1.247305359144529335e-01
1.563857293509297308e-01
1.548799685915401569e-01
1.477917269934767019e-01
1.458196872443017211e-01
6.211186888976261145e-02
6.050492427371435139e-02
1.204998263877015141e-01
8.475705997033217143e-02
1.340491888455542235e-01
1.454144881289540781e-01
1.236216839384467192e-01
1.361994482309112631e-01
4.817947706962835697e-02
3.696214031587050086e-02
3.810552424462512050e-02
1.315739290518931279e-02
4.178771762626517366e-02
5.722064509086575990e-02
7.200267874853165384e-02
1.368275218229203227e-01
9.303415669886616612e-02
1.259063932155427001e-01
1.482738805784835634e-01
1.423975296148111691e-01
1.621928646078105163e-01
1.228915408066548615e-01
1.256167705259737810e-01
1.490146942762799742e-01
1.612673992431823133e-01
1.434773298138642961e-01
1.506327606191865953e-01
1.362227808977986565e-01
1.370114253049235509e-01
7.347937676215617053e-02
7.280929397934136904e-02
1.020600155737834552e-01
1.186503965867355542e-01
1.045610134487887505e-01
1.395117183767843327e-01
1.550636974942667945e-01
1.330406351674904286e-01
1.217954404053726430e-01
1.368852739123911089e-01
1.538290538445702127e-01
7.949172540374545293e-02
1.385590569439613395e-01
9.673240046863372521e-02
1.294777393101659568e-01
1.112678723526330515e-01
1.260827733879207602e-01
1.105592220188427871e-01
1.240241653510420344e-01
1.542659428242603055e-02
1.313166857797435152e-02
1.375054771778232710e-01
1.293533800277303636e-01
1.765861253059165803e-01
1.829824577338967917e-01
1.674608114011537641e-01
1.271425165227772214e-01
7.221943348178980204e-02
7.637564811211254578e-02
7.623992068124094135e-02
7.780210218735830741e-02
8.607870098689100746e-02
7.339833110945662153e-02
7.849112133828121951e-02
8.391321705316785728e-02
2.725579036043523917e-02
3.847913118345392541e-02
1.128655077339954516e-02
1.417868755876217947e-02
3.603945748105631675e-02
4.027627152346764661e-02
1.200011981522156740e-01
1.348925247794384163e-01
1.959297050451667688e-01
1.890607378039158015e-01
1.239496228003630490e-01
1.123829357416145508e-01
4.079933854656035003e-02
3.582148358001523147e-02
1.778671482860710168e-02
2.398097090676256163e-02
1.741728409090630425e-01
1.638857408767364909e-01
1.712724942130788575e-01
1.618981701015962393e-01
5.773175792851379523e-02
7.494525210158597961e-02
8.752394978203587028e-02
5.947391318247000763e-02
7.466359923781555608e-02
4.578240261191363070e-02
6.943151621384367755e-02
8.494642490583333150e-02
1.619981526269377026e-01
1.546438901465870541e-01
1.612806731479764222e-01
1.530967382471424276e-01
1.481960655420738460e-01
1.558088441909109556e-01
1.345899193946602512e-01
1.292605221582907304e-01
1.484092427293280669e-01
1.532947902438560883e-01
1.420784109884348223e-01
1.384134531565887061e-01
1.080536836140817414e-01
1.227186323728611944e-01
1.870817809409323629e-01
1.813274714710813584e-01
1.153644144148024825e-01
1.297144887034407668e-01
1.763666417806150910e-01
1.701150923249651892e-01
1.260838676901404887e-01
1.844553254247534302e-01
1.396144489690367418e-01
1.724894582893859163e-01
6.603382219936375364e-02
8.430847398178083207e-02
8.047666681333799643e-02
8.098087432153261433e-02
1.193975467596281315e-01
1.149611376652758254e-01
9.130274816996850062e-02
8.852409938030783576e-02
1.324613645627144565e-01
1.255504833622546335e-01
1.518855676158273327e-01
1.538994209065383256e-01
1.049187317087691279e-01
9.981644378895770942e-02
9.832476169382321773e-02
9.643275865742591269e-02
1.401830935992249283e-01
1.576645860072309335e-01
1.281686849291432118e-01
1.164889033588572126e-01
1.654966491407241502e-01
1.773761910251717977e-01
1.267957861603645486e-01
1.085119886920582755e-01
1.638493019172812815e-01
1.771791588926153460e-01
1.183342919769306556e-01
1.004069178450389815e-01
1.419313036867079492e-01
1.571171162813898015e-01
1.192324867757221657e-01
1.138726893815324992e-01
