1.555217616923103841e-01
1.475371207581133715e-01
1.942066470660945010e-01
1.813159704281265272e-01
1.404701151838388118e-01
1.420890551309977046e-01
2.299035428759801936e-01
2.138820742889435134e-01
1.162336342642368986e-01
1.177687862735765090e-01
1.370325820102774594e-01
1.235004902654593811e-01
1.516263317597781046e-01
1.449821908902659828e-01
1.192964528378245709e-01
9.761002420122591450e-02
1.856260965706275357e-01
1.347167745621987156e-01
1.676996662956997119e-01
1.342424910989953035e-01
1.447503892341046317e-01
1.553153365276562781e-01
1.886366177675843636e-01
1.775357140407327339e-01
1.083938729553368258e-01
7.487119686486878867e-02
1.843398385825505137e-01
1.667631962960081926e-01
1.248024335496903531e-01
1.229538321725380245e-01
1.119409377299164371e-01
1.248510457905028376e-01
1.365798005623617972e-01
1.336915526904557117e-01
1.637745684902682242e-01
1.575053873580652408e-01
8.453056401727936098e-02
1.914187538652306064e-01
9.148857001438424896e-02
1.889800000068250774e-01
1.217541139371694919e-01
1.364275872804851242e-01
1.840660877862494160e-01
1.785879192648120450e-01
1.517901834165867048e-01
1.459431313245389550e-01
9.143606195390893698e-02
9.040456200645816121e-02
9.043820258448199978e-02
9.401208721290588155e-02
1.417623384028746658e-01
1.467447217488226374e-01
2.135216136086574290e-01
1.978657354046369776e-01
1.398719351091736174e-01
1.181215643979436625e-01
1.298172192620196119e-01
1.255447013960507563e-01
1.159768970379866232e-01
1.251071363850745355e-01
1.924349475430791323e-01
1.799318158470879503e-01
8.993012898144879530e-02
9.371547650573719412e-02
6.831734170855811861e-02
8.464669216509956851e-02
1.415093288488520340e-01
1.237964286681193238e-01
5.428669927224198666e-02
5.490892681905294032e-02
1.069581245443890216e-01
7.698839369140243749e-02
1.973080682418522913e-01
1.799959626488793762e-01
1.564781930866124549e-01
1.549245438443695444e-01
8.857152618120039955e-02
1.025228159220542279e-01
1.762832684527051164e-01
1.655766670890798375e-01
1.581508860019943397e-01
1.517674744670313991e-01
1.355455364208067170e-01
1.076044813800711153e-01
9.945808148852473829e-02
1.113276474307492020e-01
1.420709975530856373e-01
1.512370436209658775e-01
1.055778146686559699e-01
1.117725087174930576e-01
1.295934898510893440e-01
1.380059304534938525e-01
7.592801401820982454e-02
1.632775115729093729e-01
6.752525574765178007e-02
1.713526482797570472e-01
3.851539523056573405e-02
1.119646688185645667e-01
1.504211816398250412e-01
1.382784126278430725e-01
1.519053516791643299e-01
1.301552361600123164e-01
1.160694297878858139e-01
1.458419385036900939e-01
1.291713775594749980e-01
1.421360181131675615e-01
1.573403660348873800e-01
1.656050842451978200e-01
2.164585689830180737e-01
2.037158125846483259e-01
1.030355196295428405e-01
1.238855744389393970e-01
1.299668380664027179e-01
1.096946031095433899e-01
6.783863244668290882e-02
6.804007946995413447e-02
7.264024031687409122e-02
8.470416980999388723e-02
6.305904694430253948e-03
4.189152246910423510e-02
1.125841339773355904e-01
1.134606996964456910e-01
2.040979801476521249e-01
2.031111860931935631e-01
1.296793369309929556e-01
1.415499425447498127e-01
2.092098504279404914e-01
2.006970010626936696e-01
1.291429060069085033e-01
1.295895980074200649e-01
1.599626822740390364e-01
2.101538548894039404e-01
1.927176162464079856e-01
1.587973189507181082e-01
3.367330294830298693e-02
2.126522968502776723e-02
1.249553346922621933e-01
1.212744326329582428e-01
1.825107946700852968e-01
1.674659838852284865e-01
9.037782338208384669e-02
8.993968452861542118e-02
1.014139668849332321e-01
7.871520976528910418e-02
9.617027528270272185e-02
1.146905934015226419e-01
8.267883885019164381e-02
1.601595256353001984e-01
1.091334188901996322e-01
9.183490602618700482e-02
6.251712715012174015e-02
1.433524013108206374e-01
1.543668074033522630e-01
1.458309027356771703e-01
1.033856827746012924e-01
9.437277541635237521e-02
1.218898789946043781e-01
1.409621708101746196e-01
7.791097300966104422e-02
9.537655729268058880e-02
1.288382206623203408e-01
1.126044693414866293e-01
1.496823040234675495e-01
1.445683985710216890e-01
1.172899868214732078e-01
1.315272340276374130e-01
2.003871585610330353e-01
1.882884934131398014e-01
2.043251005189292979e-01
1.888816042637685155e-01
3.836724332408962546e-02
4.358923138554646193e-02
2.919764124096057081e-02
2.801543756689350156e-02
1.219547085534716385e-01
1.082246315017310750e-01
1.752468524429107721e-01
1.434137328434926251e-01
1.402039445017246033e-01
1.474230139169973031e-01
1.692847823661711160e-01
1.647095293035183983e-01
5.998077676922846518e-02
7.520750924297135709e-02
1.860166794227866849e-01
1.742599230521240661e-01
1.572372182172908639e-01
1.523189925136072265e-01
2.838791173068135141e-03
2.860610807085245833e-03
1.242660023927804336e-01
1.229907641333386342e-01
7.018485818224480532e-02
6.325250827708982226e-02
1.269667256975398895e-01
1.287834405867728793e-01
1.547315088730602806e-01
1.479858094808337021e-01
1.524870667952424041e-01
1.407643212625435403e-01
4.988855092699569921e-02
1.172773704212892454e-01
1.526714576389231193e-01
1.277955363879455797e-01
1.480432869730258783e-01
1.304688979704576313e-01
9.691693174782244069e-02
1.435830706484313990e-01
9.924835031448120404e-02
8.867564402785560462e-02
1.694665154628000603e-01
1.590200431936407144e-01
9.417988143701912229e-02
8.553047284937354000e-02
7.201932381247411197e-02
9.298264678749088019e-02
9.808503367897469793e-02
1.064798089486287819e-01
1.289254414069824217e-01
1.285395904593118199e-01
8.611980193807168560e-02
1.091886500264810239e-01
9.766812349843941032e-02
9.216826540818076618e-02
7.016224613293513268e-02
7.365295517434908290e-02
1.158932426528280352e-01
1.194071020432072583e-01
1.000383353592207286e-01
1.060636348683181990e-01
1.006692861926065524e-01
1.102974551006364878e-01
1.164574814830371258e-01
4.967073507829428136e-02
8.712521968850647780e-02
1.208905747175261364e-01
1.332539414107621334e-01
1.062804259611938862e-01
2.218337891532522754e-01
1.029275707052441508e-01
2.081206061179498024e-01
1.090982776936027243e-01
1.135963646391466852e-01
1.225874841722391084e-01
1.342747522037235075e-01
1.860628954184561923e-01
1.798800550160098155e-01
2.039102044940458713e-01
1.844601485543525543e-01
1.994895851907828588e-01
1.134263427659044088e-01
1.928482349689797370e-01
1.160389947819366746e-01
1.139474827289453374e-01
1.545010293809547242e-01
1.405198110373644671e-01
1.247780679791318792e-01
1.724727714387484789e-01
1.398513557672219909e-01
1.629762841199123014e-01
8.761427178466239807e-02
8.596922771902722193e-02
1.037547220687968924e-01
8.411933361662937703e-02
3.735338153859902449e-02
3.899603046388620819e-02
5.403539951877391057e-02
5.569551403221236624e-02
1.601647849324712783e-02
3.638874409753496686e-02
4.189239636195121741e-02
3.947409100077257232e-02
-4.320386519893609084e-02
-3.155845360498897231e-03
1.323450637854518552e-01
1.407539037791684933e-01
2.227680990044938192e-01
2.108719194285071374e-01
7.127296638299707165e-02
4.826233305540140323e-02
6.645853021737559152e-02
6.536826443127310982e-02
1.518079179912029397e-01
1.449971155754377350e-01
1.287279418613615778e-01
1.275331545161927094e-01
1.390575102519115702e-01
1.238119950806947367e-01
3.591840948575984738e-02
3.149167755844425182e-02
1.465703481402317598e-01
1.350875665559979621e-01
1.046065529314950809e-01
8.054602384957262884e-02
1.176016535474927877e-01
1.031192065558164950e-01
1.249906188667596202e-01
1.112071223120072450e-01
1.399899138291348655e-01
1.391613512101762817e-01
2.017770219186946698e-02
1.959757490642665204e-02
1.374902194679873124e-01
8.288511503697716665e-02
1.016141858216298571e-01
1.000387821667606258e-01
6.793154654844411888e-02
6.480554036942086371e-02
1.017073807161516102e-01
1.017976097895111898e-01
7.331607512266011262e-02
7.973933836885065130e-02
1.951673292220134082e-01
1.779457810463649925e-01
1.385159301414566335e-01
1.232493811497490793e-01
1.224659440507526315e-01
1.553860978942065152e-01
1.106178751216722739e-01
1.003497377857354017e-01
1.783330713004533108e-01
1.560011831401463822e-01
1.243987894428325441e-01
1.128502466466644177e-01
1.305199854219429301e-01
1.223562546904268522e-01
1.557324993435753313e-01
1.558454602971966474e-01
1.684074091722291555e-01
1.649871357969606156e-01
1.572573250252194965e-01
1.317211993332165765e-01
1.124814491449844800e-01
1.453629392420355271e-01
1.467349677425099641e-01
1.549228300581709517e-01
1.456829439702164719e-01
8.007552528725887797e-02
9.056151689078646705e-02
1.984925324898095637e-03
2.089433689341423268e-03
5.177778740236235744e-02
2.061460249403699804e-02
2.075861445279125750e-01
1.919519518915724088e-01
7.669469037647533294e-02
1.118697642920812862e-01
9.121017001985547157e-02
9.210671549890024623e-02
9.665487148400783712e-02
9.552727673675771858e-02
1.964648252561380370e-01
1.899316788463288330e-01
1.205171694601934046e-01
1.451428525933217140e-01
5.760713941772187957e-02
5.832375000010830979e-02
1.122316545944706395e-01
1.160936540870848438e-01
1.521844106790246343e-01
1.560425045362929808e-01
1.855571424036699391e-01
1.748670192104743726e-01
5.170211635355925761e-02
1.607759176683746793e-01
1.267100903044423577e-01
1.399515736169631708e-01
2.182100734658818375e-01
2.078457854603396882e-01
8.456535860191566681e-03
4.861783648590164986e-02
1.512367911021195166e-01
1.325005257367186384e-01
1.383401945395584809e-01
1.522301941765345223e-01
2.067349275130316022e-01
1.937790514768390204e-01
1.368294088182671342e-01
1.230793300555786812e-01
7.477715860940602199e-02
1.624159528408605224e-01
1.501421748601239337e-01
1.387776816264442159e-01
1.605714270960033607e-01
3.368640224842598535e-02
1.831736636083455827e-02
8.750748240341361950e-02
9.943654550612612830e-02
9.961817982201079391e-02
1.054537085960380871e-01
1.009478198072784189e-01
1.601725576777243698e-01
1.486737618263122007e-01
1.489820848150590349e-01
1.619339217764170780e-01
1.804564785157565243e-01
1.613463937189906217e-01
2.157095746693834803e-01
1.556395444347855317e-01
2.005569344160787748e-01
1.576341121690355285e-01
1.554590116484655393e-01
5.256256526742861257e-02
1.456059895726885267e-01
1.411913224580927384e-01
9.920953402416440858e-02
1.003037339254445603e-01
9.051634980346494330e-02
9.245332423938130983e-02
1.585889138681515209e-01
4.049357384843086521e-02
6.302289271365267564e-02
9.925139979750220720e-02
1.004449862196004351e-01
1.022215755830393064e-01
1.081319347809277243e-01
-1.845750844863173687e-02
7.346083404367602376e-02
1.296742718190920796e-01
1.259715989140298975e-01
8.833847752606023562e-02
1.017910101291034097e-01
7.477440235083361586e-02
2.190448747123015516e-01
2.022698130324712684e-01
6.265389068113638715e-02
8.442794585782309458e-02
8.449015315390524805e-02
7.169447485304730749e-02
6.496494354684372030e-02
6.985575475023574066e-02
1.652612263652574742e-01
1.569426006355454095e-01
1.637659292142396583e-01
2.101655021929988154e-01
1.962308707859421741e-01
8.222188402168890964e-02
1.233465159883000289e-01
1.352468506675824078e-01
1.262464135709068236e-01
7.591791881262417718e-02
6.964423644991672713e-02
6.645813085690828459e-02
8.164221745448986545e-02
1.312860687457792219e-01
1.327607572822751547e-01
1.513002466330688189e-01
1.393850486250645671e-01
9.812885446960899205e-02
1.914422029727611274e-01
1.540098273361818482e-01
1.512610015550759079e-01
1.445800436175817272e-01
3.796336054490591361e-02
4.015967796065380430e-02
4.788752165324141469e-02
4.585747127777038690e-02
1.017936481887390665e-01
1.788087564940521734e-01
1.528618388082362556e-01
1.986934306495933555e-01
1.654308075603999617e-01
1.865331685468758494e-01
1.413472806649776203e-01
1.563064275683557214e-01
2.208191594925009160e-01
2.125223644709797188e-01
6.421283911359429442e-02
7.987991987859571763e-02
9.453101520705203820e-02
9.188678174168173063e-02
1.572675073327289841e-01
1.489466971231211689e-01
1.402008781741387045e-01
1.424297417588514802e-01
-4.045818848673642283e-03
7.571119761058272245e-03
-1.029657862016180800e-02
-1.637506935508760419e-02
6.776107081132887178e-02
2.321501144431592847e-02
1.052157645590631463e-01
1.214321772235235630e-01
1.608349662235336042e-01
1.539075570006547267e-01
1.178133115047302337e-01
2.146997074165155339e-01
1.178149998575821894e-01
2.134721831881283283e-01
1.334716560858422441e-01
-2.755629758215044287e-02
2.283566861478664861e-02
5.642443429928793025e-02
6.195341358897430567e-02
1.787068859367031692e-01
1.674582805739549818e-01
1.148778982168269930e-01
1.191204083719278745e-01
8.208845307561693505e-02
9.658727415468096322e-02
1.246637497300116110e-01
1.392750657238712164e-01
1.616027419236007456e-01
1.516041620895456077e-01
1.364822318189622963e-01
1.420622739201868878e-01
1.456814725418815182e-01
1.415599481731510123e-01
1.141524418366492710e-01
1.544923471024797212e-01
1.275753381483615556e-01
1.561021840134439176e-01
-4.844898336365444547e-04
-1.089066673488558144e-02
4.386474068682018335e-02
1.718738487549032259e-02
1.559560262396520736e-01
1.484109633799341466e-01
1.152680998281662150e-01
1.969799537038239012e-01
1.846402180158674133e-01
1.822663877254896425e-01
7.510371642429228278e-02
8.290969752011753680e-02
1.028213406912445588e-01
9.340122329143900337e-02
1.095388080008299070e-01
1.184953417363939498e-01
5.614939518465802970e-02
1.311100478444345574e-01
1.272768205741147129e-01
1.326532745064542551e-01
1.081235922665200466e-01
6.435262276147954430e-02
8.510222199763316231e-02
1.575477200526982924e-01
1.491128862292981638e-01
8.840424371028451911e-02
8.776636399100684605e-02
-1.031997443858211246e-02
1.256412304407948481e-02
1.334743256166985304e-01
1.969325429428722407e-01
1.414830746780204873e-01
1.863125530422730658e-01
8.157950584393945312e-03
1.024320526162937790e-02
2.443234501964692759e-02
3.791339353207495017e-02
2.553393002702613809e-02
7.501134654151568604e-02
9.924845853471038482e-02
9.577260007929044860e-02
1.299750250402337270e-01
1.298329223574690161e-01
1.264086093006562550e-01
1.410243963402304235e-01
1.931531374646116850e-01
1.857573444451189604e-01
1.388982268149205890e-01
1.349740956238540401e-01
1.932703885350884332e-01
1.810030421940903023e-01
1.248673490222804022e-01
1.374812318796925226e-01
2.243973892202596188e-01
2.112153534696788459e-01
8.233124336548194866e-02
6.535449483958576111e-02
1.415086176204120583e-01
1.135771413483358805e-01
1.360999554610139994e-01
1.458420797656147239e-01
2.231404885030673357e-01
2.114251437597416405e-01
1.528803147851958144e-01
1.413331155813674078e-01
1.082739716148459347e-01
1.052329663864457338e-01
1.466728783599894337e-01
1.415481436867465359e-01
1.505752563144541756e-01
1.476567479809410277e-01
1.326704021483375573e-01
1.219250256498120299e-01
5.009173301238863812e-02
9.165324716931939897e-02
7.059169400881330769e-02
6.350587908472038468e-02
6.534362412141085652e-02
9.255849771499845280e-02
6.665138790464815444e-02
9.369806618153703193e-02
9.960594349937407221e-02
1.487143417132794909e-01
1.412961694615885166e-01
6.750786104764813778e-02
6.940453674990285093e-02
6.229328725545149603e-02
7.048231146214950504e-02
9.796172426678811940e-02
1.318203122243467029e-01
1.145758078415294173e-01
1.289394259963001499e-01
1.587152731949583728e-01
1.511656462268410328e-01
1.185902424422322771e-01
1.206583934203661473e-01
1.540757984889636334e-01
1.463989462202496261e-01
1.266921181274930086e-01
1.269736812317678876e-01
1.504705448281357383e-01
1.265643079974549112e-01
5.617443493509537145e-02
6.945124382828381238e-02
1.506391150263124146e-01
2.196716705379985479e-01
1.536200031856241877e-01
2.062632132685803532e-01
1.070214941375158268e-01
1.047170879542910632e-01
7.382767797774304752e-02
7.669793738158413310e-02
3.107076376612421392e-02
5.469006125976505484e-02
6.411220086488496339e-02
6.694895791442208310e-02
4.264495252689736587e-02
1.590887937265843544e-01
-5.278822262519770533e-03
-2.802604800671233080e-03
1.280577069743474641e-02
2.312455803761872403e-02
1.116019028377693983e-01
1.148063206128534797e-01
1.768553016432393155e-01
1.689907973056111179e-01
1.044035173424922303e-01
2.046011872206267568e-01
1.538888375946902420e-01
1.477926094867344775e-01
1.122719103320660716e-01
1.080036817253203635e-01
9.111711673695382929e-02
1.000686500446991006e-01
1.469056688133675015e-01
1.437063770350288927e-01
6.135236834835892245e-02
1.006778297505762226e-01
5.015060390441641175e-02
5.216918251997196276e-02
5.338339388469259122e-02
4.348872028135503109e-02
5.353755159094042426e-02
-1.770944844828782876e-03
1.802990376944823073e-02
1.270325113017242435e-01
1.493032561978025197e-01
1.404260569326068464e-01
1.196402853697739466e-01
1.368141709917078119e-01
2.237132861358675229e-01
2.167056710760675853e-01
1.494706859287157907e-01
1.448912755954177844e-01
9.595207507094603849e-02
8.463514912832738324e-02
4.942652606078501432e-02
5.235386595820654132e-02
8.829989848901530214e-02
9.364549759250490046e-02
7.988293906571745928e-02
8.037810914847383359e-02
1.827512798766382568e-03
9.329605541050280462e-03
6.818710075291216366e-03
5.577857020396006366e-03
1.264695366893676121e-01
1.192080393220810997e-01
1.027779274863050152e-01
9.220468103418073824e-02
7.578572045847151162e-02
6.013292761296936545e-02
1.628052381689722439e-01
1.543315005557731878e-01
1.320901812044908696e-01
1.220840759549498139e-01
1.484806128721183338e-01
1.392086287256641686e-01
1.680987806212727864e-01
9.689685036647453786e-02
1.069369726322942499e-01
1.628386439092159854e-01
1.495464725694446162e-01
1.847308657627660111e-01
1.207838207513744072e-01
1.828811291774258829e-01
1.273478551784965052e-01
4.889813548094612029e-03
3.543061806493335436e-02
1.800707063476888747e-01
1.662720883376174741e-01
1.696054373649023561e-01
1.664982747420437614e-01
8.665668990694024021e-02
8.688893528870866856e-02
3.879753365075282873e-02
4.153060532337429084e-02
6.324293146017885558e-02
6.853338796598879012e-02
1.031237141618412678e-01
1.095015714643484128e-01
1.146755609524308800e-01
1.094823659316986608e-01
1.730883122027150889e-01
1.467490331000519954e-01
1.422683987582587795e-01
1.636351512802489139e-01
1.371508285551575890e-01
1.567923589232830539e-01
1.464399749432844788e-01
2.989523351944985488e-02
2.558601572386052028e-02
1.618030462445123330e-01
5.758700223968701154e-02
7.133409796757944621e-02
8.039366520440298369e-02
7.798160279408337947e-02
2.150258318776608890e-01
1.979021975617039353e-01
1.551858294432559016e-01
1.543356939704202679e-01
2.155491162616827439e-01
1.990047161348977023e-01
1.512977175562438825e-01
1.567910365740557976e-01
4.818542301387852486e-03
7.270045107487734144e-03
1.476384159930882178e-01
1.395528365302524665e-01
4.720392135289947638e-02
7.018045045898912981e-02
4.745161484558418907e-02
7.643931626023957315e-02
9.400315936033626363e-02
9.269674868386142130e-02
1.191277543156973734e-01
1.340847641377325705e-01
1.916607616743050968e-01
1.842919720332158728e-01
1.474270357987898517e-01
1.314423562020549385e-01
1.159572420584167041e-01
1.156137534487598761e-01
1.253877845166840310e-01
1.085918743496417926e-01
1.227033376358217659e-01
1.614188337820331998e-01
1.415855228488270001e-01
6.525735264645797506e-02
6.384773961021106281e-02
1.353056546684532346e-01
9.527275184574920952e-02
1.017873928757009327e-01
1.020843709384732373e-01
9.413299700917143742e-02
8.902896785411697211e-02
7.667966792144810528e-02
1.984854803216550001e-01
1.847807253900445035e-01
1.465539379824953303e-01
1.334651017554513985e-01
1.778148015672006976e-01
1.648027614924424122e-01
1.608914657484542265e-01
1.595776245023734496e-01
1.421438893816267535e-01
1.360267876446203117e-01
1.485885498934712279e-01
1.321585490866382662e-01
4.944240949024217985e-02
5.728252483562540354e-02
5.329770928028635529e-02
5.402936699012394345e-02
1.082462301321549386e-01
1.048454869753828594e-01
1.333189876085504599e-01
1.268303458747692403e-01
9.615002165872066353e-02
1.482153392968101335e-01
9.957608794241644412e-02
1.430624187332804609e-01
1.196471759515028016e-01
1.616389000178276858e-01
1.624036956782011210e-01
5.832862430884192678e-02
6.681907764892898449e-02
5.731938842641579740e-02
4.994131025031341153e-02
1.334253821219981428e-01
1.446770454230556224e-01
1.914963529989909541e-01
1.785888065006227543e-01
1.667336565834334483e-01
1.222888886754748272e-01
1.320979870400676714e-01
1.277917178332300674e-01
1.434182774796555482e-01
1.357752884496694068e-01
1.510689091938006434e-01
1.501724922209791979e-01
1.563372676887581914e-01
1.255027404668071223e-01
1.957858965587062905e-01
1.790818811085476414e-01
3.851149464206989753e-02
2.011280065256917590e-02
1.706092774784529476e-01
1.222088663681841908e-01
1.252946484330134946e-01
1.200972200868734574e-01
1.251179014568039594e-01
5.909434706909733742e-02
1.091612635597252190e-01
4.667755985151381126e-02
1.116591477480725486e-01
9.351832306551299823e-02
7.145273989675351989e-02
1.233121066322074993e-01
1.139951207686645124e-01
1.133527431282898429e-01
1.136749626478641001e-01
1.086823148863653443e-01
1.066466998739741961e-01
1.416147103399132967e-01
1.264992250110437144e-01
1.108437605767315370e-01
1.053400577859741061e-01
1.102848408330188573e-01
-2.624325007758749467e-02
1.371031100654646756e-02
-2.701257438404403022e-02
-3.265543797341060456e-02
1.272954221580075568e-02
-3.142560688141036312e-02
1.303382096425019232e-01
9.544853920977340589e-02
1.292455811585889180e-01
1.289102106492161781e-01
9.442834219393625439e-02
1.255773094962885639e-01
1.566410183505665132e-01
1.281039922942332765e-01
9.360788194058065892e-02
1.048290543056385749e-01
1.527145681740057770e-01
1.388030203850521838e-01
8.802718669685161146e-02
9.890784480603703743e-02
1.004765148226401672e-01
1.297495816243144362e-01
1.140177496699154164e-01
1.453523257695470139e-01
1.285110686456781004e-01
1.398764133763862050e-01
1.903752135836588033e-01
2.022068673413225381e-01
1.870209017831009346e-01
1.749946638807848009e-01
1.883099458804583515e-01
1.727125627072078617e-01
1.094336218489906226e-01
1.150360451340563944e-01
1.454281426192525206e-01
1.313352456747862163e-01
1.273428446142255144e-01
9.463509490721713768e-02
1.301136450039970527e-01
9.500241483402459275e-02
9.253581087293222263e-02
1.211482627205647117e-01
1.074587778627215523e-01
1.313153313302277414e-01
1.660474318312675779e-01
1.727302101559726744e-01
1.530849105430288348e-01
1.590852200271282157e-01
1.100786467881005176e-01
8.943641338758542836e-02
8.881446002297894993e-02
1.246125487269169052e-01
1.038592427361509363e-01
1.120959526256841421e-01
1.130145816349602400e-01
1.354979472504730109e-01
1.352025209696127994e-01
1.062851781235642223e-01
1.193985667803978135e-01
1.330823304871075197e-01
1.133834538245982321e-01
1.221961035485931157e-01
1.069766544804702374e-01
1.201024338693919696e-01
2.495932048650824440e-03
7.695038048305392897e-02
2.864053675890307696e-02
3.398022209917526612e-03
-5.807983210519457838e-03
-8.036825739110435227e-03
2.113455006680461101e-01
2.011216798105024406e-01
2.051479219936260534e-01
1.963017078675551863e-01
1.867976567134751187e-01
1.898461207069601364e-01
1.628969033330442129e-01
1.515847762899596440e-01
1.517047172368123642e-01
1.637922844035430148e-01
1.588830985994040823e-01
1.568870133335424077e-01
1.374804477840894379e-01
1.526518059009817907e-01
1.429796634937843258e-01
1.049348495281524213e-01
1.196549814253258931e-01
1.077547714457601363e-01
1.577249501486946426e-01
1.517670774299213488e-01
1.550394685896032965e-01
1.479977187954668316e-01
1.396505241219260507e-01
1.450877892119017687e-01
3.011791358905518967e-02
9.849046337093239623e-02
4.213021125654159427e-02
7.582423330443906206e-02
6.613884249997088738e-02
1.231690465331581330e-01
8.646049426322674480e-02
7.182509800778046072e-02
1.292445947610839918e-01
9.224267612768777269e-02
1.411410648365026832e-01
1.322080037442213973e-01
1.348228759046746772e-01
1.103715134593143410e-01
9.463761977881236798e-02
8.919533886745449613e-02
9.960994402375353274e-02
5.524528235709174478e-02
7.682525422693529948e-02
1.175863392676229496e-01
1.017005856152369409e-01
1.809537673129696655e-01
1.839109086938560123e-01
1.821720634891951518e-01
1.681457457719494342e-01
1.716276498296956943e-01
1.711210755937993822e-01
-2.981425772450514017e-02
4.331965308435144907e-02
2.601320240507276615e-02
4.121817455937674610e-03
8.794976472096485698e-02
8.807104518463962362e-02
8.690725861175242761e-02
8.551186459055890032e-02
1.030865346893489604e-01
1.092149012879464753e-01
1.024045169811543254e-01
1.110874117395614646e-01
1.625051105147483910e-01
1.220541597432346498e-01
1.799676307476205106e-01
1.932230845479888659e-01
1.698655645699917172e-01
1.806204337839948382e-01
1.478932945979324065e-01
1.506724630452154490e-01
1.576664300296403420e-01
1.568868248739267446e-01
6.851489984184343240e-02
7.116845238943131369e-02
8.585696817961896432e-02
9.730209819717512698e-02
3.959534326036319440e-02
7.087457226692808754e-02
4.604104435239108478e-02
4.363230778233197216e-02
7.655559965287138391e-02
4.913894887603344197e-02
3.142517692799995377e-02
5.216088081832056383e-02
3.914945553608327466e-02
4.929799434592115753e-02
7.648463667976070079e-02
6.215780314399405732e-02
4.179498876642515764e-02
7.005958206480526751e-02
6.288713976277506001e-02
4.218179046208715005e-02
6.333058169017451167e-02
5.277597243371380531e-02
2.161112009149724136e-02
9.824325984659018629e-02
3.409495537919124408e-02
1.560791462630419305e-02
6.382854555778573469e-02
2.730687566468717464e-02
8.642204335967716700e-02
9.000752588366423002e-02
8.281907058295576163e-02
8.723421796766024638e-02
1.156953109055380430e-01
1.037037286456484325e-01
1.180587727382519103e-01
1.081793193112286500e-01
1.551712932746345669e-02
5.841956070759350000e-02
1.502167680636113875e-02
5.981595494371354238e-02
1.333451138678043157e-01
1.262549081174469956e-01
-3.480146407663228802e-02
2.412767012863895749e-02
-2.136841883474504492e-03
-3.872239090335054951e-02
2.896114707889203138e-02
3.174012164196376908e-03
2.101686038527975919e-01
2.043616879900543026e-01
2.117775264322669382e-01
1.981377416600438868e-01
2.029159240520240493e-01
1.988261084993002414e-01
1.135033902251300630e-01
9.674936190343333409e-02
1.223078772615533300e-01
1.194276184503546556e-01
9.881502675367620503e-02
1.197176399736147034e-01
1.673200632154726031e-01
1.543085707995295319e-01
1.710742299867640537e-01
3.665468287509544149e-02
5.829704105685364762e-02
4.130673949781372284e-02
6.148215987057062404e-02
1.778834885584495151e-01
1.625643458374795847e-01
1.789088029604095909e-01
3.671380960698713853e-03
5.640302971854285231e-03
-4.844151860949501461e-03
-5.026746845235952749e-03
1.674570525572278978e-02
1.413078475686739685e-03
4.321764267462846650e-03
5.700574240921283710e-03
-4.393583581028826131e-03
1.096765201664353512e-02
1.770854836937311994e-02
6.542299074843403728e-03
1.957340024012807211e-01
1.941947787801757419e-01
1.823884352801988795e-01
1.797042539077960688e-01
1.508246877678287023e-01
1.565398619324342433e-01
1.419959599562134189e-01
1.472017301359033747e-01
2.144186112805449851e-01
2.127860669515402869e-01
2.184586375107281375e-01
1.247163386493777698e-01
1.092629358775734916e-01
1.129087306650615463e-01
2.066136951439675462e-01
2.067171978264162602e-01
2.100738865430013536e-01
1.331402409692254707e-01
1.199394152320720219e-01
1.249601106497773284e-01
9.425150009063508472e-02
9.510679137579175491e-02
1.049222997441034838e-01
1.159555100043834774e-01
7.669061596074074061e-02
1.140097491709978622e-01
1.058816886851859790e-01
1.070400053146696034e-01
1.178684365721723165e-01
1.063900468823891915e-01
6.782133766074933956e-02
1.067691000586913491e-01
6.183340688987613853e-02
6.698818805208607563e-02
1.338390031485318932e-01
8.314960162978436709e-02
1.084083032204647273e-01
7.942775225253598248e-02
6.907385337002881764e-02
8.818816987222512227e-02
-5.730774125333971958e-02
-2.798024280853693424e-02
-3.670874383204205532e-02
-4.667254184049666327e-02
1.769168826014298201e-01
1.793514559783595252e-01
1.837858384336936990e-01
1.672737191892232633e-01
1.659205916474101317e-01
1.718272198239325643e-01
1.231263754038360025e-01
1.370779977334274924e-01
1.322513335914217159e-01
1.471876766168740691e-01
1.860016740221792086e-01
2.037525084875545511e-01
1.784476506789310635e-01
1.954353737953775649e-01
2.322206490888148456e-02
8.613763378661230818e-03
2.015632418190828681e-02
3.950033514708481061e-03
9.021895257638928856e-02
7.158889348182921608e-02
8.826186333744608092e-02
1.215611473845923940e-01
1.443781396640361481e-01
1.093992612181236418e-01
9.826270818009144592e-02
1.332300088621621303e-01
1.174345443495595359e-01
8.853559318723358551e-02
1.026359107706142221e-01
1.091677664266452047e-01
1.474428936249405353e-01
9.962688303044221760e-02
1.188629955629899732e-01
1.463778500443607133e-01
1.044065994569638584e-01
1.213781995589537088e-01
1.693397579068897651e-01
1.592641420161026999e-01
1.105229801147720042e-01
1.318665228352486340e-01
1.237716992217215983e-01
1.123501454080493428e-01
1.302526248792144625e-01
1.222243217878070803e-01
1.331657746386440688e-01
1.286495053803219935e-01
1.261010039286978024e-01
1.250205722214104420e-01
3.812792953938391738e-02
6.921640716559215867e-02
7.950341339038670407e-02
6.041389556341100753e-02
1.411181328867489593e-01
1.518315039122231924e-01
1.426900220003803066e-01
1.118211523186573297e-01
1.301091606731241135e-01
1.255060655111640278e-01
-6.379610980609520636e-03
-1.044826909428803012e-02
6.901744157423587989e-02
6.078538773547915303e-02
5.949561175035706501e-02
7.684375785153256533e-02
6.900246855867710194e-02
6.371391044624437339e-02
1.995105813469359723e-01
1.391787883792394986e-01
1.964598948071845930e-01
1.953106695926742908e-01
1.383847259187124534e-01
1.936369145668615233e-01
1.425133938131485367e-01
1.529467371522015562e-01
1.490222925402827081e-01
1.533824796741295737e-01
1.497856060843844317e-01
1.543652163720991011e-01
9.040561251690922007e-02
1.020392911427144417e-01
6.584352415624868116e-02
6.253383903506955221e-02
8.647289095544287429e-02
9.456647802470029285e-02
1.349219671332230717e-03
-4.026951546220438466e-02
1.530378516009963108e-01
1.488315119317928370e-01
9.421200656141592855e-02
1.254678585263710178e-01
1.479573753928025426e-01
1.533626374098982503e-01
1.448285317594427413e-01
1.521909814603592814e-01
1.534371837924614901e-01
1.486126126547688830e-01
1.439654476405769767e-01
1.380779798107978351e-01
1.011721470805910378e-01
8.415524145124557431e-02
1.117183038847498200e-01
9.999040460846202183e-02
1.029910493310779301e-01
1.215645102465557348e-01
9.818998261288715279e-02
1.220733763882310696e-01
1.303678940628215932e-01
1.330433793537209308e-01
1.228583527180305279e-01
1.325123742582098585e-01
1.469565304021555607e-01
1.370389776439470686e-01
4.017744096271314708e-02
4.352493480352373489e-02
6.008958621396224414e-02
4.406905404447425401e-02
4.683569259660382011e-02
6.540241683694669739e-02
9.937521521965189675e-02
4.111345291695935739e-02
6.867191049118107071e-02
1.008575477310161145e-01
4.020132805271640214e-02
7.107402219405653532e-02
9.206621442637252795e-02
1.260593119099767401e-01
1.139647747042899506e-01
1.848283769362836504e-01
1.758572048774481311e-01
1.730858585297044838e-01
8.999239153723041784e-02
1.385797559104145760e-01
1.142672047481330666e-01
8.443433527018107121e-02
1.060575908848583049e-01
9.822736173639803892e-02
8.173859552516794802e-03
1.576588612123664898e-02
1.711925702592622181e-02
2.109032043581914040e-02
2.609858027420819057e-02
5.233893419072714603e-02
3.412532474384560172e-02
5.599209308012668973e-02
9.606061132113455359e-02
7.739498626593054043e-02
1.435973013623214056e-01
1.225770556970468272e-01
1.403154497837661718e-01
1.210767644390111919e-01
1.410003940021836988e-01
1.306150713282093478e-01
1.226332793990146386e-01
1.231950184412798910e-01
1.247255095234596767e-01
1.244312355107136947e-01
1.245692563918505136e-01
1.282957736983119101e-01
1.577649219713465889e-01
1.828085793279477511e-01
1.673803868041930376e-01
1.541812589319617455e-01
1.691716472207503430e-01
1.611180807179721231e-01
8.461825321303904912e-02
1.170576748281901280e-01
1.112824982407489560e-01
8.527861262180681801e-02
1.163740159927619672e-01
1.099318333676406467e-01
4.049650473395037531e-02
3.837058253481238912e-02
2.813011839603491923e-02
1.679395163858648232e-01
1.123492430501392553e-01
1.576012286796221185e-01
-7.735022871854218413e-03
-2.166689719409049461e-02
-6.668945499896470480e-03
-1.852036260220767463e-02
1.053152827668158431e-01
1.089578121045258613e-01
1.116058216022110111e-01
1.189091065527176638e-01
1.295389450742924220e-01
1.178826369213858832e-01
1.125588517077981549e-01
1.322095750230600775e-01
1.331043092514932469e-01
1.464389700064993305e-01
1.091569436805703286e-02
-9.715406360984394502e-03
3.794507816066943102e-03
9.451719025452073528e-03
6.583319551816725623e-02
2.132529061619860625e-02
1.087436744594280219e-01
1.611374616015069927e-01
1.341953167509780942e-01
1.371786724138930602e-01
1.332082731999198189e-01
1.337726183146267234e-01
-4.108857395655648483e-03
3.221438859912563457e-02
-1.763452836217053787e-05
-1.954704928212311137e-04
3.526909246431605971e-02
3.290406311688024842e-03
2.905044780666148074e-02
2.050462921046977693e-02
2.963653542474183056e-02
2.723691131793789383e-02
2.740871789112690748e-02
3.041848596498715127e-02
6.590695576555569146e-02
3.325803425791454965e-02
6.028592685369309201e-02
5.370988445309226450e-02
6.497110813255645156e-02
3.641276747387828250e-02
5.562172370067378774e-02
4.200500403740416167e-02
1.287614837512719712e-01
1.133290408281393685e-01
1.156233657690707017e-01
1.181225831421527372e-01
1.052382281566615341e-01
1.037624374624112611e-01
1.421588081472270337e-01
1.261329719351258760e-01
1.368147923715792580e-01
1.577624207080782770e-01
1.555350671453525069e-01
1.589571217221732724e-01
4.673980087776485187e-02
7.415599848694635898e-02
4.002609132379794654e-02
4.703097845362169682e-02
7.089119178080996453e-02
4.123307731802510617e-02
8.579451966807537244e-02
9.822165135588953322e-02
1.081556312121826346e-01
8.882848007095665854e-02
1.024303838714159393e-01
1.101504716415824259e-01
1.006514682113048148e-01
1.277319532476201558e-01
1.404395740112646396e-01
1.312799384970732008e-01
-6.690697372807535501e-03
-2.032104648169609507e-02
-3.941419401697487598e-03
-3.543164447819702884e-02
3.246336382226899277e-03
-5.283627628701054700e-03
1.117683264438712205e-03
-1.176561966646778347e-02
1.563279356058530911e-01
1.705987942620371678e-01
7.885354155507472151e-02
6.643880829906846641e-02
8.822695755773946047e-02
7.368273952009789241e-02
1.582033614181663772e-01
1.944762958926459784e-01
1.565421949628080511e-01
1.921728438455831411e-01
1.337019168498941313e-01
1.362797948332833964e-01
1.319350846698141844e-01
1.390198821744856872e-01
1.427491888013835697e-01
1.398228197619558189e-01
8.696685672577832149e-02
8.723245685064430488e-02
8.366577995907989451e-02
8.183173763397288969e-02
-2.612631372745331804e-02
-2.557305233901871130e-02
1.405502888882659562e-01
1.189012012248360645e-01
1.460222297772933719e-01
1.048226892284108702e-01
1.308900370783578904e-01
1.326589529066477258e-01
1.957733379243576377e-01
1.910626864938161362e-01
1.842944392286854083e-01
1.789294643831961795e-01
1.266534826871365260e-01
1.138945640509114454e-01
1.247536698897349361e-01
1.079699106452926272e-01
1.775953007580373388e-01
1.872214999250048362e-01
1.647306742233644039e-01
1.747090556174148157e-01
1.500207552588303239e-01
1.624125360274239760e-01
5.472871136237576761e-02
6.992724712372931639e-02
7.704617753863143848e-02
6.830613996644729902e-02
7.627152256039909650e-02
8.760377178582559599e-02
6.502146538046196800e-02
5.061897036261870514e-02
2.158782905477829861e-01
2.056010719767023265e-01
2.186775020045753082e-01
2.002322143230509943e-01
1.900889615469374960e-01
2.051389884546195586e-01
1.241064727262734119e-01
1.229432216422476770e-01
1.524439479967725775e-01
1.531278340814907213e-01
1.265487056917919684e-01
1.237717599988835404e-01
1.649610837399240471e-01
1.555851271378372314e-01
7.960842410805089864e-02
1.059425660916534367e-01
8.751070234329791364e-02
1.447735864509048787e-01
1.447672906873466447e-01
1.406554816142092934e-01
1.554681515450027085e-01
1.538934833050634443e-01
1.533756293256721970e-01
1.634050269341398853e-01
1.601419347184961928e-01
1.654724811921570726e-01
4.521170743142999271e-02
4.717409338840317795e-02
5.475632371064719645e-02
1.488427833363747087e-02
1.011458992236351911e-01
1.224855222820974004e-01
1.333913877125393055e-01
1.165947497530789995e-01
1.119471517873246308e-01
1.246714014862958936e-01
1.929727486596860553e-01
2.026988511374711310e-01
1.888472812017741032e-01
1.974483687873513083e-01
9.693178851332993895e-02
1.078393966121017344e-01
1.072648979769368072e-01
1.155536499021199287e-01
-3.069542624063704636e-02
7.878884189933512555e-03
1.574787950388225333e-01
1.779670536712370521e-01
1.714955438648283204e-01
1.658900168230975913e-01
1.443167019677442375e-01
1.574448715057581161e-01
2.145696584686215547e-01
2.083388973090692375e-01
1.975054597255626321e-01
1.878386005086248034e-01
8.125247670007572365e-02
1.420617252586937190e-02
7.924330939717344480e-02
1.415640809323472603e-02
4.212502274667337399e-02
9.134345826985530714e-03
4.675932951614184679e-02
1.091702404490892640e-02
1.984571161590339972e-02
-4.317870934002778632e-02
3.356533723840718353e-02
1.964070068220221885e-02
2.244654254593081433e-02
1.413907290581151339e-02
2.170361878996450999e-01
2.153833242367774459e-01
1.988582706611552453e-01
2.060371353447574549e-01
1.455283731233153743e-01
1.144167308294619240e-01
1.463663059728549654e-01
1.415418723029894521e-01
1.091245462345422218e-01
1.354914823088085862e-01
1.656047939713180261e-01
1.575749164762536014e-01
1.457646464633613748e-01
1.454682489503736076e-01
1.464309295021145318e-01
1.609656394074950314e-01
1.571782571088412295e-01
1.404014500252409314e-01
1.205300062028912406e-01
1.319957018209217681e-01
1.685669937180612477e-01
1.399143725372289648e-01
1.273325942014553458e-01
1.281997050564930574e-01
8.566855313550224282e-02
9.532033099305427248e-02
8.697097868576368629e-02
5.731420435403879188e-02
7.285229860139395830e-02
5.683748381480832612e-02
8.132163209333001519e-02
2.056938435918703179e-01
2.089601477573951038e-01
2.005292375638280389e-01
2.035071540887061492e-01
1.406443871613055063e-01
1.428682593526823807e-01
1.543343782852564239e-01
1.361402075070753948e-01
5.853387718873777346e-02
4.630909975605989118e-03
3.967253398693749988e-02
1.210342688993480426e-03
9.488314403164410660e-02
1.071567790974723988e-01
1.025407336802689473e-01
1.013308340925886397e-01
2.018335339804078754e-01
1.860054038191296388e-01
8.719784782016241909e-02
1.017771318219688192e-01
1.718536857287103203e-01
1.788121474668451505e-01
6.533276413092378720e-02
1.015612813858843277e-01
9.410352446280403904e-02
6.598256580959395434e-02
1.224188944492370507e-01
1.284693032543091085e-01
1.144606384396089638e-01
1.146509113929667784e-01
1.065368051336690880e-01
5.879100239200645006e-02
7.028274468542339282e-02
3.754925977065168979e-02
7.595014293180614440e-02
5.865447593986634206e-02
5.800112694999624147e-02
9.283559291328503937e-02
5.830597891922299075e-02
5.639996522736594881e-02
8.944013012573236165e-02
5.495242365607584667e-02
9.492797772303085413e-02
1.061214961291004621e-01
9.775074285500798266e-02
1.046360450543056819e-01
1.123948539839548094e-01
1.031186439875297900e-01
7.010872374556505193e-02
8.090662417427778308e-02
6.594912492591732678e-02
8.047244239527716336e-02
8.889496148863372527e-02
1.245108466625441529e-01
9.832869845633590566e-02
1.314943433657829730e-01
1.129154661003316518e-01
1.351299200033041770e-01
1.175780732403967216e-01
1.008761565565964441e-01
1.251419216354503483e-01
1.072784171937529174e-01
1.223086051168310734e-01
1.111351449439949846e-01
1.413825477888042970e-01
1.424475631591130553e-01
1.493853484950200261e-01
1.517661809808217022e-01
4.389941651855759630e-02
9.399949423581253904e-02
4.991292355754790855e-02
9.317869039405239640e-02
2.428566833006250841e-02
5.430994850978446142e-02
2.278164157884962973e-02
4.876295793680632956e-02
1.884713376246952288e-01
1.950451804629983465e-01
2.795091574773519993e-02
4.689428369926219864e-02
3.359878440041907249e-02
3.144259139162690342e-02
1.592508348684673336e-01
1.565197626019614041e-01
1.438001688858927818e-01
1.580737884933134663e-01
1.080218570050733989e-01
9.274452412992696682e-02
1.300406894085305576e-01
1.545747922781430805e-01
1.922787649027386525e-01
1.861217187618071645e-01
9.196004709625750506e-02
1.073322344151135393e-01
1.458522357632193456e-01
1.449706573045023983e-01
9.981057595923399639e-02
1.278399231125459390e-01
5.888462664022010157e-02
6.232177834025412477e-02
4.867185697746243683e-02
4.827657725398812327e-02
4.831043301097878023e-02
4.774961177893698866e-02
6.749968288615391943e-02
-2.452873215087123665e-02
6.553768905303064551e-02
2.296000770864907523e-04
1.961400746482988844e-01
1.783415896308645499e-01
1.930470883178721508e-01
1.736813885475894104e-01
5.132934736784205282e-02
6.344533856138893924e-02
6.163673388833995626e-02
6.823711125812954859e-02
1.151317975500349283e-01
9.749056404020325917e-02
6.817132886094107169e-02
1.042285889951699157e-01
1.537528097609462407e-01
1.428134767356442625e-01
1.480378526897050406e-01
1.381543433791998510e-01
1.513694346947219160e-01
1.355026769106515427e-01
1.502474873229197039e-01
1.482355739425113839e-01
1.362403362389955908e-01
1.393061050691674629e-01
1.688305055455889270e-01
1.680056899966907435e-01
1.775489960061711614e-01
1.282448007274954449e-01
1.216523202459289382e-01
1.235859274160391735e-01
9.555038056826281601e-02
8.435719547247419459e-02
9.547908438500295192e-02
8.301582291033114680e-02
6.270206378449066920e-02
4.506027244607806875e-02
6.177733842412622134e-02
4.316092832709964022e-02
1.672457287428611439e-01
1.608829143287333063e-01
1.314285227845696513e-01
1.259147405225391758e-01
1.435007651975990228e-01
1.420918015155544778e-01
1.410663359967512243e-01
1.364330831462568505e-01
1.422665604490715996e-01
1.318607752505930319e-01
1.339765731743772503e-01
1.202370592873267530e-01
1.255997494743256171e-01
1.397229891860753970e-01
1.200767844110842281e-01
1.238140021951762149e-01
1.084345017562940439e-01
8.628253090219638322e-02
8.830579401190495614e-02
1.071406158687750465e-01
8.468476948928443937e-02
8.609195025275082069e-02
1.766444997520486004e-01
1.318510812306907254e-01
4.899190996551133770e-02
7.731542454111919871e-02
4.745293199687456581e-02
7.980100496381997699e-02
8.074218701617100202e-02
9.429593227697320723e-02
8.602532672414463233e-02
9.493495174922000901e-02
1.475324144118909941e-01
1.454538705729911119e-01
1.472791610616272784e-01
1.373497039048631740e-01
1.328297239441348643e-01
1.379116037574862619e-01
1.187678274088691116e-01
1.134403145651578099e-01
1.217642826603364536e-01
1.111311744091331016e-01
2.012069555402216658e-01
2.014737208940428070e-01
2.000379146178009326e-01
1.866668702673770774e-01
1.857348694269528866e-01
1.856266251680164237e-01
1.455383838067918212e-01
1.458998980942040335e-01
1.373542605733567845e-01
1.363566324644546746e-01
8.729898668148883267e-02
9.246638973962653663e-02
8.778418927928574589e-02
9.434508307452879605e-02
8.304056843982643432e-02
5.472026782421683666e-02
8.531906664482125091e-02
5.328073881052134558e-02
1.981174001593643819e-01
1.989678863129522579e-01
1.816884170400003551e-01
1.828528820803688448e-01
8.879012952539296066e-03
6.351666524617887062e-03
1.372252466288821464e-02
8.067757195000484563e-03
2.978031666787484683e-02
1.469850953621423470e-02
2.972573866283514596e-02
2.398258727217638872e-02
1.209650468414195379e-01
8.904812778715523458e-02
1.476087047308432543e-01
1.462655755246258238e-01
1.320821897818713064e-01
1.029171744750086021e-01
1.449847777416479466e-01
1.382237191505890916e-01
1.382169721668938811e-01
1.440759859177290214e-01
1.484454139565561936e-01
2.015667171237261468e-01
1.750640216730429688e-01
1.903574658491962723e-01
1.892551377495668152e-01
1.652946129935044806e-01
1.792421502809408984e-01
1.505187781370753985e-01
1.553574318166222323e-01
1.599885971801475459e-01
2.426359002424505890e-02
2.577008522676562871e-02
3.434865870656832187e-02
-1.422371768301306134e-02
5.907245647241583103e-02
1.458960319412380170e-02
5.755097606485817807e-02
1.863865362173476245e-02
1.389152777971814356e-01
1.325201521029290841e-01
1.223363549590894966e-01
1.390451897088392785e-01
1.243771883537291290e-01
4.256536316770585804e-02
7.949850663704050024e-02
6.778668024867580411e-02
1.869522788292010407e-01
1.747712547311603137e-01
1.047658787852353141e-01
7.565201494327622456e-02
8.343100828341354358e-02
1.471549733037580687e-01
1.400529410975678013e-01
1.419867715544728681e-01
1.604752897721780924e-01
1.536729964662661707e-01
1.525888052999722078e-01
2.203798364571431523e-01
2.116166931218017300e-01
2.152837797465699254e-01
2.093007390681529689e-01
2.010211496254188657e-01
2.033456815352686908e-01
9.430842207820723522e-02
8.452965817934771087e-02
1.449693071483171003e-01
1.620685271575504349e-01
7.521814359518001758e-02
7.589628914475080035e-02
8.146985906728243521e-02
6.983881221291253494e-02
1.624427152700514410e-01
1.723940506978979548e-01
5.780669680214522294e-02
3.444576908195340348e-02
6.235067373965265392e-02
2.855848490813721677e-02
1.682529574017388452e-01
1.771384604613062963e-01
8.041551517772937974e-02
2.898104282865134398e-02
5.865928726228913925e-02
1.010981265618074582e-01
8.336361039415748908e-02
2.125978676169318904e-01
2.116267631385455594e-01
2.117928360769075757e-01
1.957425738683672145e-01
1.938005039803741558e-01
1.947486721780544439e-01
8.620835405758559000e-02
6.841425277573917607e-02
5.444784686410568397e-02
7.390774941534383746e-02
8.026293248238047795e-02
6.886886188812210707e-02
6.056500660382548723e-02
8.106716682610098923e-02
6.886134637264811065e-02
6.174085925898344096e-02
5.577483091535104243e-02
2.694585021789198606e-02
2.378230388539252088e-02
1.233006177929977243e-01
1.274278416447080786e-01
2.126830649891266467e-01
2.063315716791117305e-01
1.940374324748554979e-01
1.903643801831523541e-01
5.656538328679194816e-02
8.527696305460132076e-02
7.277186998994995826e-02
5.111675572689623054e-02
5.358254149347960876e-02
8.236129791971390224e-02
5.880206464547707568e-02
3.337902454404759883e-02
1.711618352899075546e-01
1.753493026087699636e-01
9.855885361629589114e-02
6.915736580415408896e-02
9.540405609790368613e-02
7.041049394046974830e-02
9.165476652220858056e-02
1.101140833602428926e-01
1.023056997464906193e-01
1.209954459990604247e-01
7.384389089505313808e-02
9.512278535514655242e-02
1.563640624722889005e-01
1.552241914929503308e-01
1.529817927439349190e-01
1.494939296367072401e-01
1.494506272157015148e-01
1.476189688840082448e-01
1.308621224409839134e-01
1.332302685251119112e-01
1.452493969795546902e-01
1.442363354556345512e-01
2.177656366061551385e-01
2.174028335837626946e-01
2.051935988146203482e-01
2.051909488687491123e-01
6.601439397176037116e-02
8.850911938195425710e-02
1.104633774561779025e-01
8.552170511443649148e-02
1.117616277598846852e-01
1.367239999436853370e-01
1.222769592796406068e-01
1.069628135537624702e-01
1.292133606636252097e-01
1.208906795345232182e-01
1.236667956572163607e-01
1.120710918237275561e-01
1.350414188196937815e-01
1.306463839569423080e-01
1.181193344084542629e-01
1.402931705984855615e-01
1.462285643504982746e-01
1.509350184844799048e-01
1.503504652318959078e-01
1.440462827198520923e-01
1.265131078532257536e-01
1.268684415418422085e-01
1.092756952447760110e-01
1.460515264333880625e-01
8.058535197465595268e-02
1.422863574358533556e-01
1.065142304477909446e-01
1.861123641783094668e-02
2.443036964207780451e-02
-2.739750972397153594e-02
-2.309046903688852584e-02
1.516214674433800369e-01
1.326770420621108393e-01
9.700231778255048731e-02
9.396220730762086526e-02
2.875485888757848066e-02
3.971334951848268235e-02
1.108455473531494255e-02
3.938248803687791760e-02
1.517254325187993892e-02
2.405102268153730058e-02
3.767528720394829056e-02
1.555404943201098115e-02
4.114513095363844103e-02
1.336256934051593404e-01
1.381266612471923061e-01
8.239963345938385031e-03
3.429352482510013289e-02
6.923081949515320736e-03
3.957351200465330371e-02
3.071987117822936285e-03
3.317019841602732860e-02
2.805782041067675890e-03
3.548396032854924526e-02
8.664016000473075130e-02
8.731936992372688056e-02
2.010651943545944675e-01
1.089611405365938784e-01
1.258751353603903556e-01
1.219735916738864806e-01
1.113635029796336690e-01
1.296791050055563221e-01
1.227120723892685950e-01
1.606512368904577936e-01
1.418346678907901059e-01
1.492907388209132324e-01
1.346503618316858553e-01
1.591038512416190487e-01
1.408322109049684467e-01
1.056015701571325766e-01
9.907881278894305199e-02
4.006801338790759275e-03
3.618822653277389140e-02
1.267255561113815945e-02
1.226674381657876234e-01
1.134017430014834654e-01
1.163695221758237752e-01
9.955677268265838986e-02
1.241660919703811011e-01
8.075863138093675175e-02
7.382176714548796537e-02
8.387176601449763957e-02
1.801422840842755169e-01
1.774607763365733670e-01
8.385554761634361753e-02
8.096853792730139554e-02
1.538984029913033069e-01
1.511978213437901175e-01
1.544841534532492289e-01
1.564077000968588094e-01
1.533007933106249610e-01
1.554495273968339031e-01
1.017352476808980610e-01
1.240705431951691778e-01
1.023266423384788376e-01
1.580360580512139013e-01
1.830557883808484609e-01
1.618085124940505382e-01
1.080701401835170022e-01
1.351452092027601581e-01
1.098760475707111633e-01
1.524416676685332872e-01
1.725585461369947837e-01
1.569440687746469221e-01
1.265063148675870941e-01
1.409053763148702398e-01
1.669379683933712166e-01
1.702257964831329629e-01
1.569712950750148106e-01
1.633503088153410721e-01
1.568702340649663352e-01
1.622231153490723554e-01
9.221898365604550007e-02
8.780813093301330363e-02
8.560585328124079019e-02
1.398203064179255606e-01
1.416838448085688262e-01
1.329069477526636234e-01
1.353590205748616826e-01
-5.295627362770865230e-03
7.423519443389900267e-03
1.095627316158754834e-03
-4.776732418790699715e-03
9.367390254785620818e-02
5.737404322551689639e-02
2.128408995165369938e-02
1.002399123011357973e-01
1.134479955751159785e-01
9.832143464621140305e-02
1.208715984412777472e-01
9.067549842560047868e-02
1.009097948153701713e-01
1.070579777416703210e-01
1.287396360147472774e-01
1.248454003335005419e-01
1.212217604682075539e-01
1.200670508605253400e-01
1.296498574586557873e-01
1.306275876618412379e-01
1.305949619421066243e-01
1.429419125395303691e-01
1.436631250152190786e-01
1.429936513103974294e-01
1.941478505379447272e-01
1.891452018246698452e-01
1.957016099903983453e-01
1.858003107008743826e-01
1.833568334077869122e-01
1.892934875246559123e-01
1.299042571218661235e-01
1.418020870312476922e-01
1.361609603215248321e-01
1.458577027027305184e-01
1.111475344705247503e-01
1.505575612669054486e-01
1.187105804979395884e-01
1.553068410813596978e-01
1.506346598546403903e-01
1.310127579134328646e-01
1.237700480468428149e-01
1.363339772903824909e-01
1.305435843894630632e-01
9.972777464230249411e-02
1.278079334709242010e-01
1.056486826095691112e-01
1.192012833730914934e-01
1.229151741944278231e-01
1.997037341961094836e-01
1.310128928641302315e-01
1.899123777041490935e-01
5.974384725450967298e-02
5.904152108862720932e-02
3.959832976845961694e-02
5.797791971145208056e-02
5.386388240898172530e-02
3.959282164783294033e-02
8.215529702953400237e-02
8.641250166865363513e-02
6.974677436890587556e-02
1.011149410612889460e-01
8.619545947468935931e-02
4.967044423751781207e-02
7.842696196683007770e-02
4.927066098076215289e-02
4.250039860071729708e-02
5.167693537866376724e-02
4.925598855255912401e-02
6.808947358631436964e-02
6.734007066609450087e-02
8.704562614259860054e-02
3.635073025448301576e-02
3.508440337387436908e-02
1.072539428482651713e-01
2.110311137044666718e-01
2.039420015185001156e-01
1.279590143848896855e-01
1.277149988502528644e-01
1.166039479426302650e-01
1.196933777593194997e-01
1.124969782964668624e-01
1.018598671840927339e-01
1.047262783165516936e-01
1.672255119055380546e-01
1.425189828187434782e-01
1.492264521268103217e-01
1.745525103260161803e-01
1.449882730156050736e-01
1.533636686375867419e-01
1.310603886494147718e-01
1.369791860645096226e-01
1.362362055948145023e-01
1.251972105539084223e-01
1.264966327844440908e-01
1.255226297189615814e-01
1.411513071201976610e-02
3.861953482968064066e-02
1.059798782084059310e-02
3.483100552907877206e-02
1.626492139068993759e-01
1.564497756423708641e-01
1.502885951134091125e-01
1.482843631461189526e-01
1.458937857167292018e-01
1.480489315836626685e-01
1.153336123985047729e-01
9.973701586478653236e-02
9.962447781277794512e-02
1.223463272422646020e-01
9.955802892139642424e-02
9.771163599445008285e-02
3.990938542491834912e-02
4.403717162368494392e-02
1.200459163113467981e-01
1.084358940377481012e-01
1.285010969040379925e-01
1.145784455641945115e-01
2.182714389822840440e-01
2.156181493407499095e-01
2.131396150507818277e-01
1.993389011767591479e-01
1.046933967957750095e-01
9.970390674023191235e-02
1.520178483945491543e-01
1.758595985306556642e-01
1.434675927012310330e-02
1.155982567918991018e-02
1.085935274068225709e-01
1.113897916504939106e-01
1.227520382478972105e-01
1.254777056798006829e-01
1.831891956807079336e-01
1.906551378080404424e-01
1.769055132913262551e-01
1.822036008270490337e-01
1.210099634813522063e-01
1.638520975325921114e-01
1.349369596561296458e-01
1.564959882531114232e-01
1.442543728330612784e-01
1.468208908601861540e-01
1.371912903397158046e-01
1.436992849524473259e-01
1.051748099507607837e-01
1.043081947009733140e-01
1.219698969363010310e-01
1.241761994318048845e-01
1.488137275858053554e-01
1.398107317261310933e-01
1.269932953805839870e-01
1.298343091286601192e-01
1.446017306435818939e-01
1.474019423509259352e-01
1.450143435703756256e-01
1.367712990751676905e-01
1.371116893422013594e-01
1.399202991286195852e-01
1.235407067663242264e-01
1.402962174367717585e-01
1.824539826388433539e-01
2.064862258358275693e-01
2.254981386634261065e-01
1.979099480352995988e-01
1.982597616690533471e-01
2.521433296897669304e-02
1.178884004316430312e-01
1.321249282319681140e-01
1.280007310567022327e-01
1.342388346876317584e-01
1.292112529484669980e-01
1.215827762211825341e-01
1.386032911531227263e-01
1.458209551901603340e-01
1.458738055959084290e-01
1.404179947680835039e-01
1.398583155077403883e-01
8.977704518674767264e-02
1.167166879464740931e-01
1.019707200403393715e-01
1.285312205085074322e-01
4.524910506352324002e-02
4.383461736408264531e-02
6.557881536539492129e-02
6.608975815738891979e-02
5.924785213811008949e-02
4.955044789884725798e-02
5.620885175031391928e-02
4.863091441314327384e-02
8.403634908346335752e-02
5.982083894617558351e-02
8.678300004366149012e-02
5.606804440745315199e-02
1.602179745969512792e-01
1.740936944050696933e-01
6.265167767441319480e-02
9.134466573028431069e-02
1.185629861499129939e-01
7.386089137936698024e-02
7.948140743648506035e-02
1.229467843320143222e-01
7.826834017620012962e-02
8.630000372747693993e-02
1.333433565501813134e-01
1.252221309334305976e-01
1.634170346278050467e-01
1.806274146168121153e-01
1.460383608280888257e-01
1.401789365443167623e-01
1.560354088334960365e-01
1.691674018912970590e-01
1.620390503371390289e-01
1.702200466821690017e-01
1.518810084414507211e-01
1.613737341344407550e-01
1.316472152736971879e-01
1.433123556847867019e-01
1.418147999722851049e-01
1.520137038727728818e-01
1.841968585664566782e-01
1.849356247980395718e-01
1.776593797012518405e-01
1.626255415359841583e-01
1.699058517583201811e-01
1.592891819289269095e-01
5.730444699818543208e-02
7.400638442774387649e-02
6.422949569213570742e-02
7.945185848681200758e-02
1.415394796207594119e-01
1.370041809708990865e-01
1.305785453857547518e-01
1.287248739087326621e-01
8.810140460269867690e-02
1.115978498863896690e-01
1.338096580566981997e-01
1.444525290241601978e-01
1.417171912009738410e-01
1.141380083042531912e-01
1.315288863244470363e-01
1.235903692044065250e-01
1.488606888067102174e-01
1.507734593314130900e-01
1.419979055710119675e-01
1.440034742148775804e-01
1.216452711321449193e-01
1.230665410138177124e-01
1.307519703747799800e-01
1.292601381743474775e-01
2.167763229257309021e-01
2.199752591120657241e-01
2.121399720558957702e-01
2.120420335435526937e-01
9.165212261653785109e-02
8.514811843405027669e-02
8.233853752412170768e-02
7.135655914531835453e-02
1.384848786773966445e-01
1.220998303560609094e-01
1.492226288555896507e-01
1.344823978394835418e-01
2.271227599597814839e-01
2.262529890109015451e-01
2.138485794031330101e-01
2.136463492475436377e-01
4.389068461059759951e-02
5.123885289208422733e-02
4.735249315502190748e-02
5.193852203396872452e-02
8.651606973942872758e-02
5.428018061474112338e-02
9.064878256766567555e-02
5.994039617506373430e-02
2.021532294797582507e-01
1.351283316127853962e-01
7.574022872861189970e-02
1.224851704569409061e-01
1.355566850840028426e-01
7.633004761570116870e-02
1.190787507091240482e-01
1.467967174942708675e-01
1.366940540187315256e-01
1.263031484251647407e-01
1.298094074344458559e-01
4.495508918966395484e-02
4.323048022851615213e-02
7.223233133212055013e-02
7.263881415560463628e-02
1.602874111264551427e-01
1.460149906134907138e-01
1.574853925776643904e-01
1.364184177875321924e-01
1.534778769509046181e-01
1.528603698027803659e-01
1.934278084460358538e-01
1.203679287143034904e-01
1.808873424570301425e-01
1.226654461669055424e-01
1.355969202645054827e-01
1.419763112880066680e-01
1.544806917060440321e-01
1.410333898363719807e-01
-6.567626687030913082e-03
5.608180135297322760e-02
4.584412324480173495e-02
5.461633611723196169e-02
-2.646631635524018377e-03
2.018581541767000900e-02
-1.806606893063499378e-02
1.458206609680694904e-02
-3.492071549202382247e-02
-7.374543007501487175e-03
-1.835390438998953620e-03
2.217389559283050593e-02
9.548900072241071901e-02
6.423926291826935475e-02
8.653771187467790282e-02
2.389528202884085017e-02
1.708576697446016410e-02
4.813880817147832974e-02
2.217897597893161640e-02
6.224133004146970710e-02
-2.457206800535613120e-02
1.870444630430718666e-02
-1.841223675952819230e-02
1.607406159075084121e-02
7.697080183648587204e-02
7.351281405388213064e-02
-4.964484438875165287e-03
4.670914278642517709e-02
1.546523095196524478e-01
1.453338720259771122e-01
3.678524363395500874e-02
2.781337989415848602e-02
1.634640760553606603e-02
1.619417666769933442e-02
1.554523697545192040e-01
1.713643926520145022e-01
8.190021842711889266e-02
9.295405942620965645e-02
1.346395001859016505e-01
1.290282141324982090e-01
1.375431087981449640e-01
1.440191064088256478e-01
1.422579538421613887e-01
1.493678714808295283e-01
2.249748656974364658e-01
2.145957207401030797e-01
2.188042363393063183e-01
2.120444341878776617e-01
2.033363589844978392e-01
2.070987134492548731e-01
6.304044822175645935e-02
3.121577879686097262e-02
1.400337097806720332e-01
1.297897083413831754e-01
-3.646790657266100327e-02
1.478831269827193123e-02
6.502510316347128588e-03
4.765107635190421465e-02
-3.149654986748061380e-02
4.174171330706460438e-03
-4.204908367448289414e-02
-2.506618187806358006e-02
1.262175018664448423e-01
1.406905898281702039e-01
2.310851757037638843e-01
2.089424958151206713e-01
1.920012752326948069e-02
4.529861081245548787e-02
3.157338275298599006e-02
2.476715033475967997e-02
5.700970317385725683e-02
3.308271792714285314e-02
2.753367832212849989e-02
5.422996509558566242e-02
3.863640800508175849e-02
2.582059770491701434e-02
5.337503538011102722e-02
3.821141232454872139e-02
1.170565473711921711e-01
1.214718506088151434e-01
1.224892126281110771e-01
1.261600286974582374e-01
1.253837488310745318e-01
1.423990801783444615e-01
1.292484151010189208e-01
1.497437957279424692e-01
1.390898859146664779e-01
1.541115424783286725e-01
2.260795223183143243e-01
2.237173554494938377e-01
2.196745774802831008e-01
2.125131785268124796e-01
2.078591700384943286e-01
2.142930653792395612e-01
1.511903905900020828e-01
1.519307895536616548e-01
1.537393071492880181e-01
1.519816679642013724e-01
1.189329581266110741e-01
1.233100257882441819e-01
1.336120352521959764e-01
1.370592565605230073e-01
2.100518398830610034e-01
2.123570441727747060e-01
1.986128212855549358e-01
2.013480532447164684e-01
3.610906561029454676e-02
5.891963497228148300e-02
3.808567566302144963e-02
5.208985052378171249e-02
4.899217123168470717e-02
8.011033381765771122e-02
9.294815536119353794e-02
1.375306405032961365e-01
1.632860329311239533e-01
1.380381492271373911e-01
1.484241135242789500e-01
1.545805138529902922e-01
1.422866253399492076e-01
1.509726451206354070e-01
1.401279286379976674e-01
1.296862355870781192e-01
1.380879832435380761e-01
1.406071089398597818e-01
1.320457660049208504e-01
1.209419682533618146e-01
1.357367289987139181e-01
1.341830324132240460e-01
1.312848820992999210e-01
1.503581638239889773e-01
1.496487816853002140e-01
1.521992491275085124e-01
1.583064868494151178e-01
1.392222027350451807e-01
1.437588983704576329e-01
1.248562945095292726e-01
2.137715069431476989e-01
2.102602814248624441e-01
1.976667220943852110e-01
1.952263999148564355e-01
1.516758873571243948e-01
1.533886438168319266e-01
1.553547224029922791e-01
1.550438396363743587e-01
1.479142566071159903e-01
1.270851329332476354e-01
7.146617646837304105e-02
1.006425976089927177e-01
7.446067435666300915e-02
1.031693330078582577e-01
1.391658550504424330e-01
1.301649776417493631e-01
1.168092370665819862e-01
1.424435239932042574e-01
1.502500959446994855e-01
1.844361559831221228e-02
3.931230975089931162e-02
2.192317239315624486e-02
3.421634442314405722e-02
6.100116325905061143e-02
3.973862358343854123e-02
5.664522890657545245e-02
7.077535851057563387e-02
5.721570520841752494e-02
6.875270340019989934e-02
9.918601650256041180e-02
6.269863244356708998e-02
9.532224949262302349e-02
5.823312629673788043e-02
-2.598800354368479767e-02
-1.626052706527023745e-02
1.457794658757584905e-01
1.421925241357304137e-01
1.491649894479887550e-01
1.459884760861681618e-01
2.183292461759941683e-01
2.142950867721800656e-01
2.054207084057053379e-01
2.006435304932241981e-01
3.871147428866778678e-02
3.251854898124812571e-02
1.244844526211462687e-01
1.261444913327629536e-01
7.813576794556738314e-02
7.673743005760803870e-02
1.551825432534584270e-01
1.532902417889915603e-01
1.532067834352026092e-01
1.592817475943702210e-01
1.498783317842001250e-01
1.495086480630995196e-01
1.586366025393518009e-01
1.454583872792056774e-02
2.395190442503028483e-02
1.355324553673314669e-01
1.408911648417387197e-01
1.064476652874316032e-01
1.018836380708117995e-01
1.008670658731137260e-01
9.093529323156128441e-02
7.260023948175138575e-02
1.012394012439557234e-01
1.493212143263605851e-01
1.469165625730887992e-01
1.513432829565530824e-01
1.432546357530095071e-01
1.439560363260798947e-01
1.461167700665254865e-01
1.491436554206308496e-01
1.442170590223474380e-01
1.253061642802408004e-01
1.141158470015296994e-01
1.642491506052894401e-01
1.667578589784207699e-01
1.589523535603922233e-01
1.605271100093223491e-01
1.302962200435049123e-01
1.410652193268631949e-01
1.387348528046365159e-01
1.464728925759162248e-01
9.199247625476300594e-02
8.352812600009411337e-02
6.106384307717429433e-02
9.473494176741042994e-02
1.182344245069981287e-01
1.168658092028761752e-01
4.397066007995623950e-03
2.682310568323233516e-02
1.093961368949325080e-01
1.375825243192912162e-01
1.568311552047636226e-01
1.336771839497052361e-01
1.550926904133264894e-01
1.245371449825372206e-01
1.858997454635908375e-01
1.349772209417259006e-01
1.715539654794655811e-01
-1.780175198627426125e-02
7.100278308297256445e-03
-9.794358782511244574e-03
-1.964591247079795419e-02
6.888534708790620791e-03
-4.786748594400636742e-03
-7.773507927205278514e-03
5.453299004329961730e-03
1.668937198046258757e-02
-1.034185187521445559e-02
4.553212886448646315e-03
1.834054860010686863e-02
9.197867502874930434e-02
9.419006084786601951e-02
1.097341641373381499e-01
1.392613888298152858e-01
1.061446106247396909e-01
1.050984467354521557e-01
8.614056883300083567e-02
1.242109491272175154e-01
1.420961339939266210e-01
1.271056763235649534e-01
1.093110377527422850e-01
1.043977117386112874e-01
1.261940741118577347e-01
1.446835743996351675e-01
1.363794699757278073e-01
1.585663325052707462e-01
1.274230107300800274e-01
1.263389282199935404e-01
1.520749116637108989e-01
1.973732872845221087e-01
1.853006950625617488e-01
1.617520716057347097e-01
3.233920635638336954e-02
5.553703817382960733e-02
3.186463880986246944e-02
4.434121013471246930e-02
-1.581783039675900907e-02
1.207800217195344021e-02
-2.444985942017935746e-02
6.695801451254358022e-03
1.255194760403449961e-01
1.291698552321736693e-01
1.079494343341202006e-01
1.136751075619397700e-01
1.487913853202039172e-01
1.266232025624003943e-01
1.536620855704838584e-01
1.396892036743587195e-01
1.543829427569854140e-01
1.443958388957618799e-01
1.647662278307758521e-01
1.576581460385395594e-01
2.054266782980919970e-01
2.065291461469128953e-01
1.928126309460315990e-01
1.942727913301682263e-01
1.445413850422215540e-01
1.385266481246480996e-01
1.527479880756510144e-01
1.478310593178690791e-01
1.675018483608560760e-01
1.771755253583253420e-01
1.513905355112667162e-01
1.632527298584321995e-01
1.302167496683683257e-01
1.214443208715495492e-01
1.968374302421574962e-01
1.987619119736765971e-01
1.803365797025621720e-01
1.803573371392787617e-01
1.791731689433117003e-01
1.283361235080613671e-01
1.641482330699803871e-01
1.339669140607612774e-01
1.269299777267139662e-01
1.363154085653007774e-01
1.298703729282699171e-01
1.247450057289862524e-01
1.134956282241698089e-01
1.161504832923363761e-01
1.698756477009152333e-01
1.773237183626857616e-01
1.539766477129122235e-01
1.656475970423733624e-01
1.192885611961626291e-01
1.188402909334043966e-01
4.006842390663621634e-02
4.351099673263559425e-02
9.536347391887817215e-02
1.049723089706703777e-01
1.111982741565330085e-01
1.215609495910019017e-01
1.826091988280925671e-01
1.657258214261033979e-01
1.719747940645222628e-01
1.532407120381167331e-01
1.452775727882064383e-01
8.616907263009174200e-02
1.239530534378487509e-01
1.374501160347804118e-01
8.421205955380725583e-02
1.202747616435869416e-01
1.364648619159909981e-01
1.269011406790014895e-01
3.552274599760268936e-02
4.400049317250512987e-02
1.130667786953475085e-02
6.201466450076648790e-02
1.958299743242644386e-01
1.861006151516481077e-01
1.142574732986989805e-01
9.504601979290859537e-02
1.066094861465759908e-01
9.805992679256521349e-02
7.083937125307231131e-02
9.370920637786854523e-02
7.029788273358798800e-02
9.010573504159025138e-02
6.667444740034340900e-02
6.438553391925767866e-02
7.841113947750157076e-02
6.989087384984515872e-02
6.797469040690623521e-02
7.951155957816687103e-02
1.067170733643171276e-01
1.015210683990918211e-01
8.477708949878230704e-02
9.754608794650085346e-02
6.264454376227912569e-02
5.028716627008361639e-02
1.382367812412601399e-02
8.821162541316497283e-03
1.499134833971455250e-01
1.407056176852710117e-01
1.452895589803422094e-01
1.415332503935483599e-01
1.315764813122574373e-01
1.368753866600533053e-01
4.035051770775791025e-02
4.133996477246484891e-02
4.664414716764671981e-02
3.830132456972776961e-02
1.072287064564579791e-02
4.039665515761162867e-02
1.360071355905021623e-02
3.466853134395231351e-02
1.421123570486626242e-01
1.461078974000646902e-01
1.426493629175039357e-01
1.462180209003668130e-01
1.298778897950494116e-01
1.256339621386489414e-01
1.317529989181652483e-01
1.267792530650898586e-01
1.176549634184457099e-01
1.218439419684450159e-01
6.357409571577679608e-02
2.511947172968828981e-02
9.417889804799166320e-02
6.381650953442322138e-02
9.250447693073243771e-02
6.357417085772773535e-02
7.368429419374199207e-02
7.423509962353519454e-02
1.582562880096566871e-01
1.525299365027307785e-01
1.098090466899064171e-01
1.233473991162577776e-01
1.490469469720999973e-01
1.548527755021283925e-01
7.925149824416895250e-02
7.957169739878643122e-02
7.156745237053747932e-02
8.105777144820866531e-02
1.087316162486686999e-01
1.480806817184495139e-01
1.130386413644733357e-01
1.470202949018327432e-01
1.720327168968921183e-01
1.155596996679994770e-01
1.167696810102970550e-01
-1.885470245048989982e-02
-2.147660618284235462e-02
3.900392428507007143e-03
1.084270663098979050e-02
1.936300349426096357e-01
1.991357666238189883e-01
1.795453279671591351e-01
1.847514313925506246e-01
1.636777222067443693e-01
1.619731313878487455e-01
1.313461997044952367e-01
1.249102216802177728e-01
1.673072066219034038e-01
2.383535679486066192e-02
2.542253591195623927e-02
2.982358287404931335e-02
4.160574931072739957e-02
1.475543470486803677e-01
1.258919162217125576e-01
1.499709799290620538e-01
1.228376022509352350e-01
9.353243073778753913e-02
8.201913306718076890e-02
9.621841535779279697e-02
8.551906630621484984e-02
8.681857787584004726e-02
1.236412794381054336e-01
1.294344200117326371e-01
8.477213573423077186e-02
8.031850654488002783e-02
1.191881506801297230e-01
6.415263909296331502e-02
4.213762018940105797e-02
4.724429147130587009e-02
2.255727503742278178e-02
4.615639765370303793e-02
2.278447020318357871e-02
6.507896713885590045e-02
4.013830404396841189e-02
1.691818227817517006e-01
1.444332939713159070e-01
1.582162261816954241e-01
1.607791395643700938e-01
1.368670641114797526e-01
1.523401416190606761e-01
1.576794524722663904e-01
1.364383443689621556e-01
1.469201610291449300e-01
1.193027279487453157e-01
1.198267822037356045e-01
1.134221866503626885e-01
1.363547354941100076e-01
1.011879136416407726e-01
9.640378549324611634e-02
1.535543251189087632e-01
1.537083701225354648e-01
1.527813810754892476e-01
1.473133472867967919e-01
1.407007839430947094e-01
1.352416759804610236e-01
7.150261101743800307e-02
6.890897711861145025e-02
1.902115703638125876e-01
1.753761045994046419e-01
1.651386136405788019e-01
1.586322179370489305e-01
6.445964682766240628e-02
5.629504322103216080e-02
8.008115926783904159e-02
6.518470957383477871e-02
5.726278908594317762e-02
8.284206797410921530e-02
8.611206395589394991e-02
9.419149107294987056e-02
1.423053221438818627e-01
1.373082588416187355e-01
1.309705727857265467e-01
1.404841364533655768e-01
1.272074482466494516e-01
1.366936879463236110e-01
1.012743906837368368e-01
8.169243315827756646e-02
1.024282417452496430e-01
7.680596708945561235e-02
1.446197713425592668e-01
1.452466343676591387e-01
1.392038498926124190e-01
1.405183769470891020e-01
2.134077340355462413e-02
6.154900522209270919e-02
7.240102039666698741e-02
6.441479710445736917e-02
1.478759191378759830e-01
1.552634884397990911e-01
1.528725301300529194e-01
1.619775700458781220e-01
2.041350898190599505e-01
2.103737803307788035e-01
1.906498554408398716e-01
1.972216063237459682e-01
1.065837266143680045e-01
1.126426878301038104e-01
1.022435460176631672e-01
1.163022570183549764e-01
1.095218378482954585e-01
1.237976472105679210e-01
1.030741166017765387e-01
1.115455769787411233e-01
1.762779962998351491e-01
1.570981275722795334e-01
9.661699807929109707e-02
9.212094804328113673e-02
1.565326257538769972e-01
1.555207125108264143e-01
1.492053840129783926e-01
1.461446497153540969e-01
8.761653294707849593e-03
7.164458150456730692e-03
1.532622927686722383e-02
5.594229968920410440e-02
1.623311893980046161e-01
1.619715856528854692e-01
2.150690489017022949e-02
5.676226720047598817e-02
6.753534736819061246e-02
5.757116377470161694e-02
6.511908593092124997e-02
3.900898349022340755e-02
1.635370956466282097e-02
4.491021705299889921e-02
1.285715357273718995e-01
1.292519906642277394e-01
1.128893218236764057e-01
1.255929320333098731e-01
7.979749583487351361e-02
1.062183291593965934e-01
7.639582224672103461e-02
1.012675596612061940e-01
1.149932737140751116e-01
1.149136423216050307e-01
1.187815134323839950e-01
1.194587083841765485e-01
1.208082024893511186e-01
1.485303960279343582e-01
1.409205224797317468e-01
7.205431809681686617e-02
4.755545112958729781e-02
7.318466064735000554e-02
5.038554885010219919e-02
8.238841334899622837e-02
7.149027343038069637e-02
8.865569415394050634e-02
7.703737645568052572e-02
1.274444665174227220e-01
1.393013197603291675e-01
1.261781635047414252e-01
1.408194808583544677e-01
1.878108169543952211e-01
1.719119463393648239e-01
1.466034574474812391e-01
1.445161356777197592e-01
1.763583899567800484e-01
1.637688614024776224e-01
1.487764586291172864e-01
1.439982506287453279e-01
9.857733361475902456e-02
7.785747738479695257e-02
8.271042177285638231e-02
8.450113081535791382e-02
5.530915797995949318e-02
2.072000724883722028e-02
1.101510705521945160e-01
1.179868191552931045e-01
1.534846131243178535e-01
1.532385877128409069e-01
1.536984222878476636e-01
1.446881001648103737e-01
1.507637461508543331e-01
1.531102290654075548e-01
2.215401835631766736e-02
6.154244842152799440e-03
1.623926426412060919e-01
1.432314791923438579e-01
1.565717454461770797e-01
1.468037250994568832e-01
4.486194714874804090e-02
1.657833539217667129e-01
1.280998930554193838e-01
1.372221987764960793e-01
2.203393703370098711e-01
2.092941914144475779e-01
1.744332534297297066e-01
1.807893376252668605e-01
1.213764730330644248e-01
1.229985495487423697e-01
1.113141683846196189e-01
1.006282643337679528e-01
2.014612872806911467e-02
2.560948146821563284e-02
2.954024008727041892e-02
-3.982831941913361068e-02
-3.654094838819589835e-03
-2.472399245596142506e-02
1.527496780995224179e-01
1.417818870189326841e-01
1.518910149502236129e-01
1.452379067727624651e-01
3.499347673311512669e-02
3.159052036733957236e-02
4.605619448837496022e-02
6.214768051746125815e-02
-2.285512762600422701e-02
3.764497997568797862e-03
3.535351011036228300e-03
-3.628127646215938834e-02
1.505989519873455335e-02
-3.622297869051174356e-03
1.182046485197118108e-01
1.076673818921846104e-01
9.823830449601216042e-02
3.955551120352127775e-02
1.655526466037759298e-02
4.783185092686779299e-02
1.972284895722993189e-02
2.126608644494920042e-01
1.959574839384933820e-01
2.077192973748553384e-01
1.915358856793156206e-01
2.767620104852595506e-02
-4.998166602016389931e-03
1.033384215085674657e-01
9.148894745641465709e-02
1.198078958682631256e-01
1.086969965214642370e-01
1.449759002970819888e-01
1.466015350616630408e-01
1.394397286773403632e-01
1.329794380113695496e-01
2.410626804279703689e-02
1.519007803183936023e-02
4.233360439841173106e-02
2.687854398611346993e-02
1.110292168489734749e-01
1.048245465285938538e-01
7.818997988402166810e-02
9.086417125974420583e-02
1.684034104097436868e-01
1.622184286334138470e-01
6.521965572995473692e-02
4.694891619560818963e-02
1.454701255741960575e-01
1.350812803568650078e-01
-2.013136759086997865e-02
5.721787654315912096e-03
-1.863474075975216429e-02
8.379304920112387936e-03
1.317076017203113736e-01
1.283835763310317013e-01
4.785836157724653039e-02
3.178531776310672408e-02
5.043656247249866942e-02
2.537176486215840868e-02
9.752240510061981060e-02
2.059287989289818044e-01
2.139608785421022730e-01
1.969473387247699658e-01
2.069085086912774707e-01
1.135054082492694405e-01
1.187487855523705754e-01
1.255031129652566801e-01
1.311184196328316620e-01
8.747794312868682753e-02
7.952850383250824329e-02
1.044439524600560831e-01
8.622109923051415881e-02
1.829881779554489163e-01
1.686113937417283715e-01
1.214704044035910535e-01
1.224663340742917911e-01
1.152619871486129655e-01
1.166140884269265682e-01
1.132351379418386345e-01
1.121726436165654678e-01
1.127158256598566610e-01
1.114733740561962422e-01
3.611273592579462149e-02
6.884826566946058990e-02
9.600661664070950230e-02
9.228952615469572518e-02
5.389394517818434788e-02
8.441444603420605874e-02
7.714530711016896747e-02
6.912331596326434791e-02
5.343158996130657756e-02
2.918665055335223357e-02
6.231295380456014499e-02
4.001895181085834974e-02
5.929866645733384428e-02
4.639751466650649664e-02
5.564319576996191313e-02
4.391882562361967834e-02
1.247451419835150233e-01
1.259563145626005354e-01
1.639268328246084108e-02
7.062857173517650411e-02
3.719954879123867769e-02
4.215624558584738640e-02
1.874231466585495054e-01
1.591153323066206715e-01
1.588647935644692533e-01
9.251523876697348436e-02
9.756304810467385236e-02
1.652608737901892499e-01
1.564015881330321212e-01
1.436014173832501906e-01
1.492015310317467147e-01
1.512836841166324553e-01
1.535230919981548370e-01
2.179121817949467022e-01
2.145368995458553640e-01
2.039988737828105636e-01
2.024351047503768208e-01
1.902038903208504161e-01
1.714944274112629730e-01
1.656673122182534541e-01
1.574948874775237984e-01
1.462255891770081750e-01
1.405216736895183727e-01
1.310751453838675806e-01
1.258861871350268336e-01
1.201336530423528365e-01
1.179603083382145812e-01
-2.279696246663300355e-03
-2.827316787601501236e-02
5.315425257934590364e-02
6.504222543397490675e-02
1.205212147165679593e-01
7.088384244223842889e-02
7.177510544581891527e-02
8.856106720403808530e-02
1.056424970537140351e-01
5.408085659835186465e-02
1.197781070065048192e-01
1.347772942472897084e-01
2.029755048367735404e-01
1.940675757927017298e-01
1.259734571168938388e-01
1.436650336770311787e-01
4.856579939593579087e-02
6.202017206212646211e-02
5.613232158901557134e-02
3.716818110441770517e-02
4.338265444608548765e-02
5.661141130050700160e-02
2.334794171087750669e-02
1.606549464462663501e-01
6.605045237858425677e-02
4.500990457986349391e-02
4.836147374402212373e-02
1.105346135924213380e-01
9.812864400700500866e-02
4.346337717673021822e-02
4.707740793965222575e-02
3.579499648527796618e-02
2.427024353575391383e-02
-8.570418911825250508e-03
8.702298169830190513e-03
-5.799321420297286200e-03
1.015139805722982229e-02
7.007310524297996612e-02
5.082904382304129914e-02
7.564989801268605374e-02
5.647238846875851648e-02
1.353788971377663797e-01
1.441076732969737151e-01
1.413384465213030905e-01
1.501332511305426831e-01
1.586473504456006600e-01
1.602294432283346004e-01
1.564952717002230653e-01
1.537695385100851797e-01
7.311336467823990881e-02
5.736920100155672164e-02
1.195627052368185006e-01
1.205544971754481942e-01
1.518734983958637264e-01
1.472909434084897773e-01
4.420053262814915840e-02
6.176202150700215582e-02
6.960839352067732522e-02
1.164363342863577178e-01
1.301254147799064953e-01
8.127871709012243762e-02
1.030895962948758099e-01
9.412678151992434628e-02
8.033249776706333223e-02
7.249039803139566140e-02
9.760823073247135162e-02
1.031396713557093253e-01
8.710105364803388817e-02
2.073293728693551552e-01
1.904662052111920634e-01
2.124308947890819477e-01
1.962972728637815412e-01
1.312488129027454542e-01
1.307852394192463019e-01
1.275306009456106393e-01
1.272574795432299399e-01
1.142437453942880127e-01
1.267429429852446610e-01
1.555392669689329710e-01
1.099718636711745079e-01
1.210133146982946134e-01
1.214781436648159629e-01
9.961358503650348528e-02
1.196798558915947858e-01
1.075985938614273246e-01
1.172964536072748504e-01
1.412580061504491724e-01
1.311206902534148011e-01
4.230972524089016140e-02
3.886742525911358881e-02
1.016958709470205807e-01
1.371849733647163561e-01
1.152833382316186123e-01
1.628785026781292833e-01
1.085232916321539169e-02
7.908027667649415726e-02
1.376707371204443364e-01
1.331264291559614288e-01
1.515611894240077862e-01
1.466369504462103346e-01
2.009142997632637206e-01
1.915578062760997236e-01
1.894945138442311050e-01
1.800423739757726349e-01
1.677075597337582616e-02
3.884959452075803510e-02
6.219393603277492688e-02
6.304562540639560564e-02
2.704697372427364993e-02
3.527090050763598966e-02
2.836196222377498563e-02
3.465764435678411748e-02
2.959702720147124391e-02
5.480901294654347972e-02
4.914867736045899077e-02
2.122839485627758468e-02
1.313567954772650037e-01
1.312835617386448051e-01
1.146587858373894903e-01
1.148394205357266412e-01
1.466655873286758227e-01
1.451251066968394232e-01
1.575817436329013110e-01
1.491665487385182565e-01
1.923893290503332631e-01
1.778486249754851756e-01
1.119009555831763647e-01
1.299160832079547523e-01
1.270166974517534519e-01
1.446954802710566090e-01
1.918743444751835892e-01
1.996639116537435032e-01
1.838038577955730668e-01
1.898113190217895763e-01
8.225827142965548566e-02
8.727630799352593949e-02
1.284701903911387999e-01
1.215661175618551054e-01
7.445859856099194818e-02
1.055423281702260602e-01
1.288209110026057314e-01
1.246723841612116246e-01
1.566046726248195575e-01
6.648247741373489172e-02
7.047957644647885600e-02
1.524784898451159998e-01
1.230283061394843169e-01
1.777978051537370263e-01
1.354948517120797280e-01
1.605228525376681259e-01
8.291393031026150773e-02
1.008611328066697788e-01
1.007550911827737039e-01
8.836561518100653767e-02
1.853324331103410882e-01
1.470828263123709068e-01
1.324226331499777920e-01
1.415702429110060057e-01
1.274275845629785353e-01
1.671508087107443363e-01
1.653502609242084864e-01
2.068647024712135518e-01
2.019519706812948345e-01
5.935749596387843857e-02
6.318260484503955554e-02
1.635533935502245795e-01
1.525495150099625830e-01
7.024254598202094024e-02
4.789192758153098389e-02
1.449192349752967124e-01
1.411526827230532577e-01
1.384169304866156580e-01
1.349182038524578131e-01
1.950996031515004336e-01
1.873483517259713071e-01
1.162757819427028827e-01
1.060278363940084789e-01
1.114735240196074867e-01
1.047510977770021029e-01
1.481241066278519980e-01
1.349552036174627156e-01
4.035313830992786482e-02
4.294962934086226508e-02
4.091353684240796318e-02
4.679067165534613049e-02
7.534461718594298585e-02
6.778795375250870614e-02
8.208032391822960017e-02
7.539680833244441494e-02
1.472307263788326936e-01
1.498873217014521642e-01
1.391344468424993430e-01
1.430303940083911818e-01
1.445569175800115458e-01
1.519901146323429930e-01
2.165631764755966415e-01
2.053453865641605980e-01
1.269647896805974618e-01
1.259774538522702436e-01
4.397718299886985149e-03
-4.883892157846866575e-03
2.080215445983031042e-01
1.915771756890289890e-01
1.721812132706369014e-01
1.614130125933331550e-01
5.768024987426665501e-02
4.619788285036034031e-02
2.156274599098122469e-01
2.068930370571556432e-01
1.127419756450134813e-01
1.288480443734607017e-01
1.531120961744253939e-01
1.538938874173453875e-01
1.464915053335247019e-01
1.473122621010488076e-01
1.451135436578652460e-01
1.530294721010548586e-01
1.466973638126153889e-01
9.317540670790738777e-02
1.180259594582077215e-01
1.083820436504493723e-01
1.438820341884924914e-01
1.466836049780150808e-01
1.287445390810530998e-01
1.311894042671692961e-01
1.180247093103362621e-01
1.089563145153456258e-01
1.137221671117693428e-01
1.043553212267056968e-01
8.499079650478420789e-02
8.834746197355231034e-02
1.308102706477574650e-01
1.246363909363898681e-01
1.561605665902173201e-01
1.546618131727165446e-01
1.475584617444101188e-01
1.455923695775340199e-01
6.201875341663656838e-02
6.040595420203639238e-02
1.205053276973390847e-01
8.474599446874049591e-02
1.338706554952763805e-01
1.452595704888281769e-01
1.234208575400052299e-01
1.360253422988021987e-01
4.812764655079096454e-02
3.688350238842901668e-02
3.807787319979132751e-02
1.314282419990426588e-02
4.176323696010487974e-02
5.718202842763685234e-02
7.196916292212535149e-02
1.367684797077342307e-01
9.299123790072542917e-02
1.258455056044469333e-01
1.480575647586823695e-01
1.421719718006846100e-01
1.620110487565205593e-01
1.227789650069331800e-01
1.255049172491870257e-01
1.489160419841611960e-01
1.611747013766895442e-01
1.433729562944951186e-01
1.505302790327125440e-01
1.361098870567834240e-01
1.368992139450056489e-01
7.338296588286172262e-02
7.270858024736379099e-02
1.018748695726237885e-01
1.185906391752092615e-01
1.045130087867700841e-01
1.394517793312042564e-01
1.550070403299325106e-01
1.329791828699144474e-01
1.217437602837204702e-01
1.368239738985507770e-01
1.537698268685976644e-01
7.943592837595349343e-02
1.384973950154376465e-01
9.666935982203192501e-02
1.294153905058915421e-01
1.111199327002154458e-01
1.259478326178554430e-01
1.103959686595365197e-01
1.238785566463392052e-01
1.537204263926122451e-02
1.307897765518754689e-02
1.373122207814967410e-01
1.291404708810857949e-01
1.763799058510062689e-01
1.827781265061272920e-01
1.674273344297365351e-01
1.271228638129562327e-01
7.208206194037825032e-02
7.621877178916094953e-02
7.612711924151101262e-02
7.766625109778652059e-02
8.599434658122334652e-02
7.330074041290218778e-02
7.838648899232357470e-02
8.382944967993094521e-02
2.715640812092168926e-02
3.838131022044220797e-02
1.126036299360113138e-02
1.414145290441663413e-02
3.599279342316678842e-02
4.021282850176572526e-02
1.199376824578198414e-01
1.348298944196835991e-01
1.958575019975886400e-01
1.889848261723175160e-01
1.239520408186602501e-01
1.123822702156245107e-01
4.072557785321064688e-02
3.576193279737838182e-02
1.768511014050305405e-02
2.389278763620270377e-02
1.739572948212843584e-01
1.636604997716498977e-01
1.710545031122880366e-01
1.616687222101981236e-01
5.769964475839527845e-02
7.490792814385305309e-02
8.746410674589126522e-02
5.943219578736812225e-02
7.461150913071894208e-02
4.574574264312973593e-02
6.938999540487492124e-02
8.489763333568772774e-02
1.617700510881620868e-01
1.544084356879980580e-01
1.610550063929643005e-01
1.528606956745529877e-01
1.480905642930650523e-01
1.557117934842809359e-01
1.344651942971122893e-01
1.291361191694989641e-01
1.483040535708761432e-01
1.531921116161163443e-01
1.419557831160954131e-01
1.382909158614193113e-01
1.079787743825096208e-01
1.226432747780385885e-01
1.870104063091699298e-01
1.812529658773781305e-01
1.153026373845077168e-01
1.296522157245870721e-01
1.763006011124519656e-01
1.700457337035116978e-01
1.259810828705818786e-01
1.843413781141122754e-01
1.395084013866310924e-01
1.723741847311154041e-01
6.597950004987414296e-02
8.425339645964688429e-02
8.041774948613862606e-02
8.091670484994072099e-02
1.192713911638071389e-01
1.148211069915398563e-01
9.116282581098963944e-02
8.836706410639474929e-02
1.323445209773672915e-01
1.254333030194453580e-01
1.517960176404104244e-01
1.538173755136584553e-01
1.047519304532951862e-01
9.964180619768990554e-02
9.816320801024668030e-02
9.625242355142822614e-02
1.399901124994559209e-01
1.575015376674791800e-01
1.280649088878498265e-01
1.163904375478135300e-01
1.654008589402125584e-01
1.772768511873958619e-01
1.267017432516230890e-01
1.084247830635648863e-01
1.637468703179292273e-01
1.770753999519811828e-01
1.182505161869183974e-01
1.003303050137682589e-01
1.418461091433801391e-01
1.570242762476272425e-01
1.191660941571965199e-01
1.137865161720396090e-01
