1.474090532833291778e-01
1.388511985618170186e-01
1.863607200976906686e-01
1.725316820989286626e-01
1.357019719273488412e-01
1.361296891262513131e-01
2.248908431009518094e-01
2.083304557018761383e-01
1.083437686341219980e-01
1.091130291525574253e-01
1.285914589561370502e-01
1.146135272899834190e-01
1.494179077177556492e-01
1.416461434426829202e-01
1.139061092953475851e-01
9.122966189540737680e-02
1.823895934595620161e-01
1.334264799630485443e-01
1.647328895124749726e-01
1.320534904459054193e-01
1.393719591073593334e-01
1.495279559233993749e-01
1.839732443165867648e-01
1.723110320113633298e-01
1.018238058993332779e-01
6.593049585064053586e-02
1.773626324176374447e-01
1.585041464565690172e-01
1.201630878527242402e-01
1.174879360401482470e-01
1.055296883007263015e-01
1.187923886716244909e-01
1.352537388754045944e-01
1.325674401702895133e-01
1.541547043642852721e-01
1.472900629322274613e-01
7.929156374549867214e-02
1.873713523870632336e-01
8.541559560814458718e-02
1.855089496540407723e-01
1.201584425570548370e-01
1.342393210650524304e-01
1.809634681288686542e-01
1.754650028421432528e-01
1.429220959113650935e-01
1.365888806490524743e-01
9.193622467747199212e-02
8.953384900605078356e-02
8.657850732550673167e-02
8.920451131698581282e-02
1.345324245689994147e-01
1.392903868340292228e-01
2.070991928055006537e-01
1.904844424900573041e-01
1.379711011573959145e-01
1.130533372976821049e-01
1.273244844390357955e-01
1.200785840026345058e-01
1.121610984338811540e-01
1.200041695568943717e-01
1.891915838216458035e-01
1.767481236843623793e-01
8.451268741295729636e-02
8.684760640038728663e-02
6.233043880262614106e-02
7.833564001055307036e-02
1.329826600931084402e-01
1.150439036607782961e-01
5.054490913072866992e-02
5.190816159185077799e-02
1.036629267363917972e-01
7.258975773775734608e-02
1.919885192469683033e-01
1.734886078293566003e-01
1.497624857823793010e-01
1.479687672139630150e-01
8.348471725435144264e-02
9.688145568738715241e-02
1.673850676326194831e-01
1.562115749138459631e-01
1.506662123950604226e-01
1.431852312379461589e-01
1.341920213397314043e-01
1.069139221760986580e-01
9.856445577000967628e-02
1.102352288107492917e-01
1.406885432558284410e-01
1.500536044494842070e-01
1.037539396658690993e-01
1.096373004627163306e-01
1.213263967072712168e-01
1.296243223826372415e-01
7.006503982427156330e-02
1.587402313057822700e-01
6.074569620992669589e-02
1.672765746465723069e-01
3.221629838775768445e-02
1.065341823988145836e-01
1.441731779974121941e-01
1.312293792294242090e-01
1.471112497306680256e-01
1.236613589316833267e-01
1.166400328364179811e-01
1.432640941075060959e-01
1.289199989167477689e-01
1.395815758308509846e-01
1.517865142130374601e-01
1.596364441822909208e-01
2.108374455964965588e-01
1.974166603388850805e-01
9.980620035096415821e-02
1.202342819147104308e-01
1.263879572982907207e-01
1.058489386708395263e-01
6.682600694019981413e-02
6.664287983042709029e-02
6.941339522311114341e-02
8.050270782143349735e-02
3.085820921616929307e-05
3.911180617188102226e-02
1.065714943063106601e-01
1.064196114591990372e-01
1.977813320689127130e-01
1.973399434257910312e-01
1.265126162658039011e-01
1.380324491150761168e-01
2.049439211051340692e-01
1.965442180174559461e-01
1.223067922058523049e-01
1.221184894773244267e-01
1.528422885313957258e-01
2.038760260179969808e-01
1.852613980597790644e-01
1.512726986159755316e-01
2.887819054684362050e-02
1.365123173400782652e-02
1.184227521718509701e-01
1.134072596649046555e-01
1.814073438702897278e-01
1.657517192017269603e-01
8.681810389265495753e-02
8.693373035524971926e-02
9.363418064023255882e-02
7.688777205863672748e-02
9.356180532056815324e-02
1.119112698496784047e-01
8.207102450535530558e-02
1.522248374018868311e-01
1.088555098714741459e-01
9.133657240890546980e-02
5.756631398832905838e-02
1.386095189204507028e-01
1.448908049150057775e-01
1.357794665741387796e-01
1.025498386977373444e-01
9.300959524074327300e-02
1.140542639891832938e-01
1.321764014975208290e-01
7.614598649336863645e-02
9.288376737417892992e-02
1.267694453733166915e-01
1.104853129406672685e-01
1.417235886440257608e-01
1.357271588335721701e-01
1.136963048097185125e-01
1.271798051387280082e-01
1.960368690357092714e-01
1.836074266649783682e-01
1.961241206554734662e-01
1.797756373797640972e-01
3.931007284476586289e-02
4.422967897077726557e-02
2.657714707728240158e-02
2.323682015774803170e-02
1.136744738289811874e-01
9.945851452464628262e-02
1.692507086144120765e-01
1.342209722112458758e-01
1.343358813397605156e-01
1.412561172980926205e-01
1.654780862121603968e-01
1.602040255515764511e-01
5.534479874393274934e-02
7.065777983737642209e-02
1.772842475389060368e-01
1.650517312610099430e-01
1.503910107686780850e-01
1.445007898726582141e-01
-1.829175998567553240e-03
4.574493489665617195e-05
1.183356288471840156e-01
1.158232282411263969e-01
6.399969156581937491e-02
5.768330300578602965e-02
1.236935433006570023e-01
1.261991824310147448e-01
1.460748356269346293e-01
1.385954392396345769e-01
1.438711038492304362e-01
1.316324782098941271e-01
4.472328092120581716e-02
1.121424092339398243e-01
1.508557348710560519e-01
1.264046048871344252e-01
1.464637813837825209e-01
1.289994225522471949e-01
9.615556922635656867e-02
1.405990080196778125e-01
9.726337629124708062e-02
8.463936265358440458e-02
1.603775018189688428e-01
1.493087674148675381e-01
9.062416872383345645e-02
8.073184487846341018e-02
6.875149851682085811e-02
9.082242412862399916e-02
9.441802876168496617e-02
1.048149287177086858e-01
1.208706017424927975e-01
1.197979638571371741e-01
8.598156099825107757e-02
1.067717286768498086e-01
9.664393061295503684e-02
8.960673831359536323e-02
6.606063373168709341e-02
7.103800435450934037e-02
1.117652718518091642e-01
1.147836609754055021e-01
9.212487848460690354e-02
1.036569604996541577e-01
9.736064892268755933e-02
1.056574253149304560e-01
1.112846805230014446e-01
4.448346749640225833e-02
8.319997047590801942e-02
1.159396634579744345e-01
1.278944534418771650e-01
1.006822375264368047e-01
2.167275072701515259e-01
9.612988482250231503e-02
2.033924530679005471e-01
1.030919305580505624e-01
1.087738170151886091e-01
1.210770917570705013e-01
1.321289669288026325e-01
1.822540725542140250e-01
1.760022001651006807e-01
1.967738415791962237e-01
1.762056724368482319e-01
1.959653164849524676e-01
1.099390660931006541e-01
1.895342919187988362e-01
1.119254794568664696e-01
1.068138540170677497e-01
1.467249286650917917e-01
1.318709957059383819e-01
1.202749950827739778e-01
1.675178393898709150e-01
1.347847011794949534e-01
1.580830983297411285e-01
8.613482041371700593e-02
8.611509670287315066e-02
1.027931143620634952e-01
8.488750024046352871e-02
3.724052040167220162e-02
3.794410323473716706e-02
5.127984471175595776e-02
5.127175241385942966e-02
1.465642136686499605e-02
3.421244387559248951e-02
3.954855754204404661e-02
3.622337123113912594e-02
-4.619752526388111458e-02
-8.757002010009789714e-03
1.259363425090830324e-01
1.340778916812383759e-01
2.171618200607957905e-01
2.044782923994476476e-01
7.049627520066197028e-02
4.552491323133665835e-02
6.609869573642027096e-02
6.122476222568334209e-02
1.475429039737021220e-01
1.399631571859587531e-01
1.228941974125225406e-01
1.212782633529836396e-01
1.299876913884087937e-01
1.145882655331764005e-01
3.329695568899734143e-02
2.883317786336768093e-02
1.413130618037100328e-01
1.281199125304279818e-01
1.039177119933552135e-01
8.008430251573234182e-02
1.125908752303380334e-01
9.618192548246554119e-02
1.202434155181685144e-01
1.066224315734092959e-01
1.368236889544419688e-01
1.358548861437894328e-01
1.811887557028720591e-02
1.792101863919032603e-02
1.304986067381126436e-01
7.646227770806827972e-02
1.008154661601012858e-01
9.935447168542908825e-02
6.620217765945989041e-02
6.283702854524361725e-02
9.674408592002305129e-02
9.605754921792815371e-02
6.845743565106900130e-02
7.626837112554699094e-02
1.884292619594782059e-01
1.698922405279220671e-01
1.356618379979045441e-01
1.227951178720674275e-01
1.208863999233530107e-01
1.531312087327396931e-01
1.058395269313898573e-01
9.453075329240857860e-02
1.759079703569718656e-01
1.538554013712174484e-01
1.222803584727561038e-01
1.098330904607682373e-01
1.235582272407608900e-01
1.146144997197437315e-01
1.483266374295527934e-01
1.481264858668904782e-01
1.599092680692963953e-01
1.567833287932955677e-01
1.485100078971812454e-01
1.304795906298220343e-01
1.112829296790262962e-01
1.387297421727683167e-01
1.397366391345746250e-01
1.466818825584512709e-01
1.369194329419879674e-01
7.942268774422749089e-02
9.015029061188435666e-02
-3.868433199513145160e-04
8.368302671437832731e-05
4.792923860521719481e-02
1.572046549175569463e-02
1.999927190885944783e-01
1.833430845300053902e-01
7.503138639898353224e-02
1.103882138051877210e-01
8.898323226291326993e-02
9.041146395300762861e-02
9.141723282567619513e-02
8.866331046387548875e-02
1.912230307888834469e-01
1.851520693755276670e-01
1.188234982893353608e-01
1.436568530878919725e-01
5.456111619963009696e-02
5.439642771960030709e-02
1.080893713420152669e-01
1.112308367770645373e-01
1.458674262482214101e-01
1.493914649695604613e-01
1.800056251593564194e-01
1.684576759856956374e-01
4.357793873175104526e-02
1.549954796216430619e-01
1.227773677890833526e-01
1.356738576977409572e-01
2.134527876701795557e-01
2.028025967054820078e-01
4.301006622398326901e-03
4.476751918608293940e-02
1.501751802322002227e-01
1.311754748931262260e-01
1.336958577457089403e-01
1.472707159281099187e-01
2.016520142458668452e-01
1.882631370348530342e-01
1.352196649776383208e-01
1.212148283733029547e-01
6.879156651105851339e-02
1.550791926743301519e-01
1.408458353701205201e-01
1.289570290657464924e-01
1.517596601545626034e-01
2.808129382307801222e-02
1.245954344180697469e-02
8.421383290130325661e-02
9.572591029260901774e-02
9.440175026329583607e-02
1.013454146645483139e-01
9.258636914862779232e-02
1.517984193406169691e-01
1.391225347326664197e-01
1.426897571531547948e-01
1.561414618105323171e-01
1.762086405107000098e-01
1.553309574864910336e-01
2.095394641827885984e-01
1.490348397308217943e-01
1.934314600156173958e-01
1.505433618677910479e-01
1.484842426607207722e-01
4.534649938834130894e-02
1.370128942862773869e-01
1.319261949229296182e-01
1.000241385285551010e-01
1.007592021604052784e-01
9.081008877067155149e-02
9.313290961914842681e-02
1.493415343288430064e-01
3.639167830381861285e-02
6.025144378528676792e-02
9.756292213924465384e-02
9.940356757832467804e-02
9.583212835328817902e-02
1.012121478035144517e-01
-2.355171508996991084e-02
6.991141479886898991e-02
1.229318351030155854e-01
1.180110889913534855e-01
8.283162353762031638e-02
9.751869670592111516e-02
7.036528189452473381e-02
2.125725303336554739e-01
1.950807008731395842e-01
6.286304852253568609e-02
8.327442846935245724e-02
8.386170959450146845e-02
7.020310434486055906e-02
6.083644857434797326e-02
6.698185190258565402e-02
1.566064260913783979e-01
1.507873642698089045e-01
1.572113521203660214e-01
2.046713384964355120e-01
1.899403333469071864e-01
7.551973638306819225e-02
1.154465452909412271e-01
1.288847933314782035e-01
1.183651657415245861e-01
7.657686684268416588e-02
7.141651207931870582e-02
6.520305886609790991e-02
8.008349038396236907e-02
1.243998918785354790e-01
1.254208465186766042e-01
1.431744183935410586e-01
1.307500052235524290e-01
9.076776448461065794e-02
1.853557524351483188e-01
1.467061052191853954e-01
1.434452765913034333e-01
1.360920934060122767e-01
3.745696890354534292e-02
3.879544246778789118e-02
4.602245018986966807e-02
4.426675887410035093e-02
9.608360957891999565e-02
1.728474483461733269e-01
1.480891926339764353e-01
1.938385419420993738e-01
1.600450802462844713e-01
1.813192083738551230e-01
1.356098669823117830e-01
1.502619046500801581e-01
2.154483833931410131e-01
2.064431946527321982e-01
6.233200208930889802e-02
7.768435884532455538e-02
9.261934523438784816e-02
9.033960321086736966e-02
1.513747858224617215e-01
1.412385608106143664e-01
1.340830131480438281e-01
1.356350717871277478e-01
-5.572792143355721414e-03
3.099426860774003468e-03
-1.214335528820958791e-02
-1.859256666868373820e-02
6.518795841614170861e-02
1.775541851673922283e-02
1.026167358536385077e-01
1.181029914993997343e-01
1.576628587649082924e-01
1.506866409192020584e-01
1.102120815591127734e-01
2.103973290810433605e-01
1.131500479933225251e-01
2.091769532874106219e-01
1.285177408803467869e-01
-3.350957223420832076e-02
1.924726360321949922e-02
5.004969606020174405e-02
5.738648910521637614e-02
1.697221837317335058e-01
1.576836971536811904e-01
1.080542728598044566e-01
1.117249107575085387e-01
8.206805850761551835e-02
9.604723040329762873e-02
1.200687495854743658e-01
1.343675243266392594e-01
1.577795570773894152e-01
1.474979056992477000e-01
1.310511554377487287e-01
1.362398154628744196e-01
1.423165533879436340e-01
1.372983420569622581e-01
1.136641373658720672e-01
1.512818908034086751e-01
1.263755579135082407e-01
1.528186613916272252e-01
-2.669828032537461832e-03
-1.472241690273759333e-02
4.169438592218401712e-02
1.398501238486761673e-02
1.464984117092798244e-01
1.382718330921486050e-01
1.066724913924601836e-01
1.886378270855972039e-01
1.822410511926003396e-01
1.803624445357892292e-01
7.084181023359795160e-02
7.826041829208596479e-02
1.011330899144140261e-01
9.090150017926634796e-02
1.054934529639898616e-01
1.140668517474325294e-01
4.858607029554195406e-02
1.234137250448338330e-01
1.184026213882223150e-01
1.275497283592814668e-01
1.019140956420774152e-01
5.837283935266816826e-02
8.153321995182237492e-02
1.503479917892271700e-01
1.411568676925861465e-01
8.389234206265060168e-02
8.235738721824815978e-02
-1.219049336266794618e-02
9.117640983193500345e-03
1.312672477372782420e-01
1.935632764046353316e-01
1.388578898515951954e-01
1.830635203371289155e-01
7.023957918081569912e-03
8.552211720767432385e-03
2.230268632778600879e-02
3.528472903967342506e-02
2.053370106429735359e-02
7.133179929758090565e-02
9.468733641603742368e-02
9.039434352039159293e-02
1.228892074815085417e-01
1.213887875230743318e-01
1.234026253491794511e-01
1.375767862867019187e-01
1.890594171281693991e-01
1.816069881144545262e-01
1.304312638886557241e-01
1.256614122079965090e-01
1.846973047426952175e-01
1.717242440499267830e-01
1.186901864440421672e-01
1.311107831718757444e-01
2.196229425059815776e-01
2.061799858928002049e-01
8.282128062524868328e-02
6.564647768213086043e-02
1.359179032097372342e-01
1.072001063735301546e-01
1.315731735588752116e-01
1.407398684758582597e-01
2.179044075969434613e-01
2.057619624000121272e-01
1.456073027042182333e-01
1.327217391237010269e-01
1.019955854771384673e-01
9.755198053186234231e-02
1.424971998461335709e-01
1.362029122568847450e-01
1.448757398340535518e-01
1.420243932901270045e-01
1.314509464431161123e-01
1.199154550666743924e-01
4.913460678994008984e-02
9.125458761123526885e-02
6.959121534696768863e-02
6.320546134797180859e-02
6.248702439527695218e-02
8.914684891674305722e-02
6.532181659644108185e-02
8.958722967716355179e-02
9.111455859355313547e-02
1.392481588774903134e-01
1.311901628382043938e-01
6.716708662005169139e-02
6.650265933894106141e-02
5.963116619189206408e-02
6.926542781337828580e-02
9.721694532703437086e-02
1.289420717126387450e-01
1.129848018584475311e-01
1.259630633253060739e-01
1.509243037156756950e-01
1.430462059549258147e-01
1.175535406003917760e-01
1.192846967792453722e-01
1.452089808398528137e-01
1.369238182952247918e-01
1.186125762261985989e-01
1.183202317772610035e-01
1.489711940943514723e-01
1.250264112716433507e-01
5.354193708539807528e-02
6.613662550361028292e-02
1.443739902889227544e-01
2.138593430855189881e-01
1.468861919784659742e-01
1.998032570747672598e-01
1.060129666354001354e-01
1.040754298665826083e-01
7.163488230228529097e-02
7.509468055393854480e-02
2.784299121509340932e-02
5.095031928351129863e-02
6.136798470655439874e-02
6.521853678262024001e-02
3.646315001674976103e-02
1.548221424183403028e-01
-8.022167812461108993e-03
-4.916160429422951339e-03
1.074114099819852008e-02
1.996423255496109286e-02
1.103164429146193254e-01
1.139067808729839065e-01
1.679032959845754569e-01
1.615609426969551177e-01
9.784024327277864030e-02
1.978768715328988737e-01
1.448618344102339528e-01
1.379992427751640383e-01
1.048485889377835933e-01
1.002299525150123771e-01
8.659017273632801937e-02
9.678420542673846216e-02
1.379670205400680416e-01
1.342746760582254617e-01
5.592669304233154060e-02
9.486271385800752742e-02
4.993664560690704718e-02
4.991650550980068768e-02
5.307665573942335624e-02
4.105870946547977157e-02
5.080316149848745216e-02
-5.671292807838373973e-03
1.092495502470810197e-02
1.217884866067501237e-01
1.416988932497697529e-01
1.321015326137973678e-01
1.147923753297438454e-01
1.319049058391638940e-01
2.189593952451658332e-01
2.116263396791316920e-01
1.480549999173052245e-01
1.438194027387117990e-01
9.372463757089982694e-02
8.168136709972094456e-02
4.775284177541574276e-02
4.990874334485489311e-02
8.497360280126890764e-02
8.938530887063228514e-02
7.965076676716353887e-02
8.033883217826326417e-02
5.953178940664266257e-04
8.766449152009735471e-03
4.841886374827816461e-03
2.317124633739608801e-03
1.253646233822355294e-01
1.179407229053502787e-01
1.009713397649950190e-01
9.009367592080802511e-02
7.032596618453867965e-02
5.561801399737378859e-02
1.536203142788635789e-01
1.444360418482776298e-01
1.267191909505338832e-01
1.149983032755512308e-01
1.471971959271647923e-01
1.374678385190758467e-01
1.593174840408310144e-01
9.381111998257828100e-02
1.031767093819309783e-01
1.599223094216222496e-01
1.464423234572037325e-01
1.812836655317256185e-01
1.196416196745328786e-01
1.797663085894616042e-01
1.252869510752067372e-01
-1.086229087100349446e-04
3.177464876413910871e-02
1.726666981186804894e-01
1.575179887028402559e-01
1.649280764023477452e-01
1.624363550005894219e-01
8.123330859034624818e-02
8.034423355990563675e-02
3.773775346025490252e-02
3.966807684576408727e-02
6.040315815490213819e-02
6.455300487298964995e-02
9.857800922749068717e-02
1.042869206291447831e-01
1.123257720324902648e-01
1.058868277883041470e-01
1.649354681469472339e-01
1.379002941552726902e-01
1.327592921126830028e-01
1.592419044853767285e-01
1.315287042890384006e-01
1.519047878980918365e-01
1.405328207755972836e-01
2.788950922274499242e-02
2.359166515900520261e-02
1.523790017145665587e-01
5.770926961468317989e-02
7.026590720227267328e-02
7.897773829727793016e-02
7.738017387518164591e-02
2.081636203591417655e-01
1.899567153257936125e-01
1.485639882878127538e-01
1.461733436492458349e-01
2.081982637196290731e-01
1.906875003437846217e-01
1.445234622665869384e-01
1.494162087976479703e-01
7.993175122379264641e-04
3.057852304471709790e-03
1.404776173469845790e-01
1.315736027260665519e-01
4.500543114497200514e-02
6.731897836117144152e-02
4.493474685237629218e-02
7.515767990336678916e-02
9.472171322190159337e-02
9.317284221424837476e-02
1.159214550904524715e-01
1.303347130127455178e-01
1.878220658399228915e-01
1.803600427468933232e-01
1.410089639835767905e-01
1.232742874768959218e-01
1.088112289224344165e-01
1.071503912764191629e-01
1.168383774453903012e-01
1.053921360620923009e-01
1.186428074235753166e-01
1.577411738672631347e-01
1.378666907646351469e-01
6.128199160584219679e-02
5.894011812501995934e-02
1.273651529150131023e-01
9.327649804461680960e-02
9.767540473498860509e-02
1.002444441810413367e-01
9.020908534361125886e-02
8.908359124147173513e-02
7.741194002717782796e-02
1.900413833336998537e-01
1.754065592190854894e-01
1.387487120443918198e-01
1.247771097673864155e-01
1.691662056649129997e-01
1.550247662779941915e-01
1.559233586242982361e-01
1.537273302375844752e-01
1.360689021440932567e-01
1.297327068071087997e-01
1.397898261624301586e-01
1.230824922968456470e-01
4.492561867397713155e-02
5.288606441353022047e-02
5.126262287519960104e-02
5.233089977809392973e-02
1.031417329148155010e-01
9.867702830282759630e-02
1.296904346334463443e-01
1.220802375828511088e-01
8.871771242596396267e-02
1.447279536321716964e-01
9.639138804501667934e-02
1.398147077786998371e-01
1.157781802108732161e-01
1.547026285651355026e-01
1.551737971359868073e-01
5.809855937107083479e-02
6.536704029377037040e-02
5.555907055979349835e-02
5.109056594319933559e-02
1.288165938654529108e-01
1.392875340328160183e-01
1.865357430487475099e-01
1.733242073698579022e-01
1.654298632901306521e-01
1.205238511444183536e-01
1.272270951178193776e-01
1.216208318869851923e-01
1.377400156944103560e-01
1.303878419634950936e-01
1.472848797900042084e-01
1.467727790971900537e-01
1.543190230822669151e-01
1.232782385234643258e-01
1.894150729989178550e-01
1.714175757511507692e-01
3.330838198319988758e-02
1.676329568473935647e-02
1.681841588973534418e-01
1.204005853722819180e-01
1.225182619173156018e-01
1.161096328035177566e-01
1.200953597990129795e-01
5.340723352131328955e-02
1.046499272505009293e-01
4.036877118210729226e-02
1.045707829488411594e-01
8.826009455568514794e-02
6.952969492480022551e-02
1.214621323944939102e-01
1.121060240435919758e-01
1.121541586937361834e-01
1.131962165120446590e-01
1.085367262600952926e-01
1.054107681793026163e-01
1.397473453839004620e-01
1.241661554540295087e-01
1.101406029035820189e-01
1.052747508466796433e-01
1.106029555106315398e-01
-3.209558448683935694e-02
1.052727887831919791e-02
-3.108772239667906626e-02
-3.430192820110904844e-02
1.064463730791123837e-02
-3.303591447567473527e-02
1.253269440169293980e-01
9.059952249759607723e-02
1.242915338151207721e-01
1.236171764917953497e-01
8.975634639290756833e-02
1.201914947598873573e-01
1.539830694883722040e-01
1.261399027828718211e-01
9.336882835254854685e-02
1.036187613433823262e-01
1.499604437835792559e-01
1.373015100545355582e-01
8.899878812853245780e-02
9.854238867920291078e-02
9.639879540084571319e-02
1.257956032580775096e-01
1.094595100584752623e-01
1.408005025167877455e-01
1.233801153676786361e-01
1.354062412973118246e-01
1.854178687504428602e-01
1.976315364203396485e-01
1.824992352793795014e-01
1.695286584756482418e-01
1.833061659328385773e-01
1.677846251508806064e-01
1.077564839216297449e-01
1.131384453956417319e-01
1.439545408346213085e-01
1.293842451598124776e-01
1.223505876056236868e-01
8.993512763184408065e-02
1.249865461328128480e-01
9.021723353156189951e-02
8.923977891278225827e-02
1.186340337984071458e-01
1.033121853228224224e-01
1.274773128891112939e-01
1.627205499982797288e-01
1.698335211568476888e-01
1.495137990146300500e-01
1.559340703214030510e-01
1.057270614576802242e-01
8.476023628336634697e-02
8.541206575865870065e-02
1.201470519184820313e-01
9.941384087376961554e-02
1.082748689172834400e-01
1.109755451366035567e-01
1.336740081440956907e-01
1.323219771924066812e-01
1.039263419410758754e-01
1.166849872232106483e-01
1.298318824312608144e-01
1.079180018211365610e-01
1.174243516365713058e-01
1.001023185538400667e-01
1.142727858923331535e-01
-2.063707973221194300e-03
7.491061305439894458e-02
2.535246756533755808e-02
3.237206674004983620e-04
-9.712861805253636058e-03
-1.329097461010424544e-02
2.054946660747790088e-01
1.957787105952674966e-01
1.995891380657721093e-01
1.894566760002961148e-01
1.805032358876346443e-01
1.833273209596895659e-01
1.562223335619634390e-01
1.454401496847477770e-01
1.452554284065339929e-01
1.567261903069260554e-01
1.523385302606759528e-01
1.500062559205320167e-01
1.349480965824959577e-01
1.509120431691188813e-01
1.408466550800095696e-01
1.032030525748135891e-01
1.182052008168608254e-01
1.061937373005346491e-01
1.499857627323430975e-01
1.433271995074367200e-01
1.470075710930312807e-01
1.396640097519043222e-01
1.305595042671744144e-01
1.365633465002597247e-01
2.524910902440237817e-02
9.537470117766057298e-02
3.615508307216627748e-02
7.070393573641886587e-02
6.059718044995961866e-02
1.178334306098460932e-01
8.051348247723492946e-02
6.578039567495337636e-02
1.231881650788259341e-01
8.563967123115558133e-02
1.324200192684604760e-01
1.236014125505753292e-01
1.263511821670137425e-01
1.078555522997982352e-01
9.242039765798562567e-02
8.637382325373310632e-02
9.659295966870566630e-02
5.306968637521955467e-02
7.402362579202223514e-02
1.148613708603107714e-01
9.968696172566765545e-02
1.728786081337026215e-01
1.755297842404913988e-01
1.738344176758130355e-01
1.590578221599103503e-01
1.626422524412519943e-01
1.620420187364984554e-01
-3.120234668766684247e-02
3.978035693506781073e-02
2.314021521458207650e-02
-2.920341772623120773e-04
8.444409168190117332e-02
8.491112972868014586e-02
8.269519708130711189e-02
8.116881025017809448e-02
9.851073735674586995e-02
1.042061711517310169e-01
9.716080170635135738e-02
1.054860660103523057e-01
1.600822644073083001e-01
1.214341513023382141e-01
1.747333698141371183e-01
1.879148801007374248e-01
1.639308932734780122e-01
1.745503165856837346e-01
1.422208728437732161e-01
1.445702315164104634e-01
1.515554924161529038e-01
1.504372140837466898e-01
6.380484059756250104e-02
6.614538977118467056e-02
8.041101167189436405e-02
9.190647156749404134e-02
3.579959541539661644e-02
6.630415158367930495e-02
4.249204704363980512e-02
4.108786982741369220e-02
7.369488600578028015e-02
4.695499973281928863e-02
3.048208132116640365e-02
5.181944684280518493e-02
3.955657929877252205e-02
4.858522440010425159e-02
7.516722325464569865e-02
6.167621147838447254e-02
4.085329624951338640e-02
6.878947205328872494e-02
6.216412735201497231e-02
4.157214500800408830e-02
6.261422940517336055e-02
5.183949562318290738e-02
1.948381134714990276e-02
9.551832014839385654e-02
3.086476930650466216e-02
1.314706864427919730e-02
6.022542350025542057e-02
2.394222659935011516e-02
8.227580059511425958e-02
8.591422911375820592e-02
7.758147494411785083e-02
8.232825982394320619e-02
1.104053280770824069e-01
9.818985734115774633e-02
1.119864545261858579e-01
1.021940993345060167e-01
1.421299808255412425e-02
5.592039742808452979e-02
1.439993365145960345e-02
5.725124813677336111e-02
1.247548654841134225e-01
1.171747897996316956e-01
-3.570246710792191608e-02
2.083574188259696217e-02
-5.380114491218265793e-03
-4.005658856953109304e-02
2.685301556054857028e-02
1.074102972470455247e-03
2.042304648569520376e-01
1.991618247859041069e-01
2.059068526589402648e-01
1.929132647404432910e-01
1.986653092125394149e-01
1.929806949934534666e-01
1.075599154793141360e-01
9.159168327653868791e-02
1.175866830709301619e-01
1.128499505723121188e-01
9.237805703547029290e-02
1.131971335375810961e-01
1.579081550458649730e-01
1.449291499461547450e-01
1.616574690571359885e-01
3.251452299336388824e-02
5.470672446576680531e-02
3.860740858377000734e-02
5.901129151973538711e-02
1.691623688757489252e-01
1.537907985602889049e-01
1.700973966099710855e-01
2.698970632210748676e-04
3.437887373652566501e-03
-6.580772066978005097e-03
-7.245739924401052405e-03
1.514194987955904889e-02
-1.229618651397571330e-03
1.620568035983235237e-03
3.662354247751391494e-03
-6.464036474801588932e-03
1.043906857812624059e-02
1.385886700707931324e-02
2.537227450067822392e-03
1.875158782070198982e-01
1.859594945210043537e-01
1.732555599881225872e-01
1.703098573585509756e-01
1.422512966459809902e-01
1.483817794874494056e-01
1.328658820553529352e-01
1.387442941130875296e-01
2.103759154993967706e-01
2.089555852141001813e-01
2.142429842854107480e-01
1.216113078782453255e-01
1.050500967392875573e-01
1.086304413466337854e-01
2.026680754853636690e-01
2.029723296940172950e-01
2.057688231770190557e-01
1.295788855035381881e-01
1.153837283247187845e-01
1.204242861701312062e-01
9.246669611450360204e-02
9.296338335186793422e-02
1.026377526305471688e-01
1.155227592262777353e-01
7.698096195517060980e-02
1.148782015213155872e-01
1.041645517691909689e-01
1.050239090031039463e-01
1.155308336920244650e-01
1.067686839101376073e-01
6.893867668905054313e-02
1.085434163552447123e-01
6.097854011324466833e-02
6.570744046873838728e-02
1.314358737515684827e-01
8.204544525790066767e-02
1.054450121694237436e-01
7.889381979032031311e-02
6.700701268913569764e-02
8.623039592888570581e-02
-6.218066320492740551e-02
-3.127078278973084019e-02
-3.963687975286084991e-02
-4.771066946461192948e-02
1.679805143174052107e-01
1.705827571333925485e-01
1.752193043391377381e-01
1.579758887628738562e-01
1.563627125060338408e-01
1.625344906510989007e-01
1.206749030644806986e-01
1.350066442475854889e-01
1.293058435497924097e-01
1.447803508776424886e-01
1.820115467770138384e-01
1.996003877025126494e-01
1.750801329081732860e-01
1.915097401325139559e-01
2.151001618333195364e-02
6.821300127609508657e-03
1.804867518045850244e-02
2.478184446594311908e-03
8.774658193205282786e-02
6.799245808337511798e-02
8.624763027486140321e-02
1.180468160217906237e-01
1.418817440558457210e-01
1.065602290332166857e-01
9.661724964760354251e-02
1.309323064902044309e-01
1.143752278943418327e-01
8.631066863041338133e-02
9.922191550905035129e-02
1.062359897092886168e-01
1.410049768894623134e-01
9.299517378967774028e-02
1.112398231792310205e-01
1.390015189251707917e-01
9.706343152241450611e-02
1.130926462742477961e-01
1.601602230721335396e-01
1.494744024336683574e-01
1.024764705297590700e-01
1.229096270566658877e-01
1.157292708411495757e-01
1.035990064135853261e-01
1.206259397306578274e-01
1.132942742518559670e-01
1.264371319269101679e-01
1.229200789914919462e-01
1.179734431937383143e-01
1.180417050662972700e-01
3.733225177550000828e-02
6.720297701151278780e-02
7.890179197406001210e-02
5.865962654427796241e-02
1.392539175178895139e-01
1.501143061434705439e-01
1.409207086663085973e-01
1.094381246041647299e-01
1.283882775865120840e-01
1.236030670123712816e-01
-7.444750061281279509e-03
-1.180138987721728386e-02
6.363049821568789177e-02
5.497587718520936112e-02
5.334220629652967893e-02
7.116523207807638751e-02
6.332786520327002289e-02
5.678252628113491379e-02
1.954436523563724548e-01
1.343696879290546820e-01
1.932755202894700930e-01
1.918963592881460789e-01
1.341321386300868834e-01
1.910910339933608315e-01
1.361440241933712658e-01
1.459696094449711434e-01
1.425629077048528037e-01
1.464723671541772743e-01
1.422891554588477658e-01
1.472533887840498934e-01
8.378525162993362418e-02
9.470757346202489380e-02
6.064811943942511469e-02
5.782279688777373916e-02
8.108292506737828365e-02
8.821117173628201247e-02
-1.775352469130054905e-03
-4.363684608469082377e-02
1.505885174232315937e-01
1.474300210386644550e-01
9.138604691058087315e-02
1.232375934052973993e-01
1.406902108765351878e-01
1.468558182260806255e-01
1.368755682448884736e-01
1.449432427107839039e-01
1.457431593527387381e-01
1.403427576470518690e-01
1.355793444406257486e-01
1.292605144440484577e-01
9.657015102915696148e-02
8.034059472203614050e-02
1.069631059476568585e-01
9.593306669592130409e-02
1.006311345105603966e-01
1.196719281630964221e-01
9.576781194011033116e-02
1.193991943935731742e-01
1.287456456782052616e-01
1.314131941675416582e-01
1.210058361803410809e-01
1.313987249000561908e-01
1.457263277330477225e-01
1.355879232013385005e-01
3.927622884709428691e-02
4.321479093653604608e-02
5.947398359539528279e-02
4.227084030546787718e-02
4.558208390084740602e-02
6.364745545867678267e-02
9.644142848676599822e-02
3.812057685064734747e-02
6.571586559084402479e-02
9.708150774344802281e-02
3.530510609977548231e-02
6.676744106996217176e-02
8.519634149611395035e-02
1.185571578091964562e-01
1.068694246138849474e-01
1.774421375714689275e-01
1.668005193738806291e-01
1.655127380455237163e-01
8.584179261103212777e-02
1.334790299454644280e-01
1.102851022775538231e-01
7.981434839553773475e-02
1.004720781154883474e-01
9.315957849448955330e-02
6.598951190064948624e-03
1.491302649763522926e-02
1.506642644341129288e-02
1.955252373467409807e-02
2.333943631555251974e-02
5.018568424331901895e-02
3.041956935646145804e-02
5.309649072074498766e-02
9.297646728577656228e-02
7.271002692126672662e-02
1.370909850747535907e-01
1.156905445837222157e-01
1.334220008120244605e-01
1.137287019553883671e-01
1.335521780798849534e-01
1.232992430539317091e-01
1.152087649071475012e-01
1.157258646327538054e-01
1.178885268535680569e-01
1.164733853992327567e-01
1.163851792351119074e-01
1.210788556563914820e-01
1.548387069364652313e-01
1.797031974539236299e-01
1.644967588920636936e-01
1.512188361034743078e-01
1.663563432031679445e-01
1.587870182246169659e-01
8.096642161189371301e-02
1.146032778959941295e-01
1.084950269272878659e-01
8.081746908957281039e-02
1.130354817402633716e-01
1.063409075396686970e-01
3.427360654082101804e-02
3.052963897431915097e-02
1.959768053552347900e-02
1.636710270196419792e-01
1.056009860424413638e-01
1.539054505445424381e-01
-9.811164880273240407e-03
-2.256834275934780504e-02
-7.510214072272525937e-03
-1.874385251395857543e-02
1.010273803513322272e-01
1.044644914722918649e-01
1.070950989432195716e-01
1.142031666772035242e-01
1.267108706597559753e-01
1.156935230893961081e-01
1.094971027786303952e-01
1.296928189264512365e-01
1.251714324122943645e-01
1.385895133833988935e-01
1.122390425356129331e-02
-1.093811755341736122e-02
2.479494526616078491e-03
6.447576396937196655e-03
5.852822790367332578e-02
1.565938319331725004e-02
1.049119490657517140e-01
1.583469738766360713e-01
1.259207717041856134e-01
1.293284222702459352e-01
1.242165736822376798e-01
1.251768315814554278e-01
-4.837237832233396220e-03
3.289683298957904456e-02
-1.464008283395924932e-03
-1.560788392985620410e-03
3.500804337403031624e-02
1.456861359426831230e-03
2.788886812470217635e-02
1.777329631618890238e-02
2.847974290833908684e-02
2.481660482003625670e-02
2.362835426319574023e-02
2.753319201582669212e-02
6.647230437953530191e-02
3.357882983244483283e-02
5.929375225408640981e-02
5.349586965216339418e-02
6.528971540758868319e-02
3.639221910161168083e-02
5.430621313146480333e-02
4.177532084152561775e-02
1.244195554895798361e-01
1.095362943027605451e-01
1.122536640501562710e-01
1.148078247421134707e-01
1.025687727579709524e-01
1.013366060629223436e-01
1.398128916692619739e-01
1.222820877153497493e-01
1.332570533556193537e-01
1.553800389037026386e-01
1.521653617488059329e-01
1.553051507287308841e-01
4.419543869244642320e-02
7.144803535786330151e-02
3.725889335569221306e-02
4.314119312274353191e-02
6.689933733458300336e-02
3.733239255217931513e-02
8.203580611353333829e-02
9.352163305670942173e-02
1.046784080357177349e-01
8.426529800039801732e-02
9.708475525581525267e-02
1.059427703395963566e-01
9.894107971870687301e-02
1.264940070955859475e-01
1.389498527586767451e-01
1.294556550099493775e-01
-8.089271171395604615e-03
-2.311089502648083771e-02
-5.647553651739628880e-03
-3.668293317725819513e-02
7.364310692915922770e-04
-5.902842539496753853e-03
-1.996818953299663198e-03
-1.318929922326176306e-02
1.472165916206984448e-01
1.616988607440171810e-01
7.394982811659331357e-02
6.188081327857604397e-02
8.290880898773066165e-02
6.840854696910945998e-02
1.559483287405518948e-01
1.921816500043644904e-01
1.548977091311392607e-01
1.903084173479116514e-01
1.291093277481391577e-01
1.303698653731324708e-01
1.271417670151329116e-01
1.354596928516644538e-01
1.377752867899014189e-01
1.360579020933011252e-01
8.364727174768253615e-02
8.485548192414540947e-02
7.969793304038717829e-02
7.878446912293859961e-02
-2.830580014024662930e-02
-2.742501934366583724e-02
1.346261206181350034e-01
1.135542381002004469e-01
1.405958445940642676e-01
9.862325498586334283e-02
1.249199128391727115e-01
1.273797259706380691e-01
1.928877998081576506e-01
1.882976559214843415e-01
1.813520019415663098e-01
1.759544209776779666e-01
1.243369312154664480e-01
1.113062636875429695e-01
1.219094498265693716e-01
1.048228772722828855e-01
1.686515658965799247e-01
1.785437558239991729e-01
1.549262570382659854e-01
1.652518236195643919e-01
1.408358138148540495e-01
1.531701491326231956e-01
5.219875149747674192e-02
6.810191714587532363e-02
7.474901724651351886e-02
6.603789892135374096e-02
7.459475507249214987e-02
8.581414957804658905e-02
6.231380705017320470e-02
4.884537213823475499e-02
2.091078402917445900e-01
1.991256126412707939e-01
2.124049621211162031e-01
1.925699880222852822e-01
1.829357727353147500e-01
1.978680129212860295e-01
1.221876222201010720e-01
1.209961146927255732e-01
1.509019134605779078e-01
1.521187378791960254e-01
1.245916465649762189e-01
1.216200848796441664e-01
1.628468633014914235e-01
1.537522829224109155e-01
7.154196948084839969e-02
9.780400052995079363e-02
7.938180308706052624e-02
1.358347661172811527e-01
1.357279413692708270e-01
1.313408779214847166e-01
1.477943909742531203e-01
1.459056948139160204e-01
1.454115702653904219e-01
1.549349512532714745e-01
1.505610321247387584e-01
1.573300482681501411e-01
4.477019240330060851e-02
4.632235768261287745e-02
5.383962048125148087e-02
1.415506531255809712e-02
9.423429218999571089e-02
1.162065618021388136e-01
1.265938714000562904e-01
1.092489297107281099e-01
1.034245523863636940e-01
1.161270783673384599e-01
1.893198595746911905e-01
1.985006857617522824e-01
1.855282473546402411e-01
1.934977734090363999e-01
9.211489603914935209e-02
1.031401254431912745e-01
1.017453822995746798e-01
1.101534809696647771e-01
-3.466776554138301103e-02
6.768184907974433492e-03
1.501022295746892166e-01
1.701694446725677268e-01
1.642612678834733664e-01
1.570287005503749334e-01
1.349825449185598214e-01
1.485761084067774296e-01
2.078119532530840197e-01
2.012054513034015890e-01
1.897991241182643007e-01
1.796047117573629504e-01
8.327814027923011175e-02
1.177669047056197071e-02
8.135211543976617055e-02
1.204167431008938347e-02
4.034601233055322422e-02
8.221157284134601034e-03
4.541935424556054618e-02
9.800450180725762961e-03
1.604877843996082090e-02
-4.499821805121288071e-02
3.145676652913789034e-02
1.704940850035391309e-02
1.788572204397080589e-02
1.004113072383595005e-02
2.111398275026844518e-01
2.091342160233860825e-01
1.917772397976272025e-01
1.988081244971365846e-01
1.411333140298758337e-01
1.098572219852525789e-01
1.424974079820175987e-01
1.359929553024799287e-01
1.036151800043820514e-01
1.301906703153301315e-01
1.578321300660551207e-01
1.496575956438693511e-01
1.372375066892835005e-01
1.403805381972579314e-01
1.407183623803360539e-01
1.566735222051257592e-01
1.523989439376846888e-01
1.321929281284894009e-01
1.114670441177355031e-01
1.230792061399724885e-01
1.616141034890236083e-01
1.387144749026887336e-01
1.268165525072874888e-01
1.276102201590056107e-01
8.558977463130973407e-02
9.378633336739471138e-02
8.572055807458724142e-02
5.134887362706595793e-02
6.698580693179997936e-02
4.911814387817153155e-02
7.466975317588664396e-02
2.012379889834341740e-01
2.048137476337722473e-01
1.967057950895519935e-01
2.000574473572496181e-01
1.347286855031707420e-01
1.368986693034173474e-01
1.484451043457157005e-01
1.297823411469018473e-01
5.731029185401292914e-02
2.012991840848253871e-03
3.915950712085057572e-02
7.451704942451198429e-04
9.412008746093630807e-02
1.058075179936905780e-01
1.012310525952034856e-01
1.009940812839950769e-01
1.958822586486825557e-01
1.802178791873604302e-01
7.949724447103090341e-02
9.427137262640257476e-02
1.641567899367271377e-01
1.710037975225487394e-01
6.508388932087681711e-02
1.018726999616678119e-01
9.341932931629569337e-02
6.485702477253044163e-02
1.174638938323694648e-01
1.234386091063427587e-01
1.082291476974019534e-01
1.078783887481888776e-01
1.020776331224692440e-01
5.385301022115682873e-02
6.504890905778427934e-02
3.069237835993929298e-02
6.873282975418162910e-02
5.150600358820760921e-02
5.571872541322813593e-02
9.071961109843937332e-02
5.556023368406129426e-02
5.329969538792981437e-02
8.644775808034559084e-02
5.140121741964927271e-02
9.114297683238377357e-02
1.019364146883859068e-01
9.400746251867632408e-02
1.000717519309311382e-01
1.074726191105476319e-01
9.836610974721046730e-02
6.413103080835408365e-02
7.565603888613710304e-02
5.827632540510518933e-02
7.266353232624395142e-02
8.630955401093712287e-02
1.216019988040944050e-01
9.646537352501709239e-02
1.295644413588413202e-01
1.070019743331008105e-01
1.290558966950572928e-01
1.121130172089980503e-01
9.306810902844137035e-02
1.174338454952301991e-01
1.002453167396990530e-01
1.183152038167226000e-01
1.056418002150968372e-01
1.319639562832564117e-01
1.334968647591301405e-01
1.410268498384423808e-01
1.439031513067255408e-01
4.084510489822315571e-02
9.082155471950596748e-02
4.688510533691448573e-02
8.998861154119007499e-02
1.882359603812933102e-02
4.841559004389620058e-02
1.628959143973560467e-02
4.004331262172804856e-02
1.812929856070056023e-01
1.881519182900026343e-01
2.397467058406396040e-02
4.252808329343099603e-02
2.728438914207101038e-02
2.514562326358780672e-02
1.519895845713664928e-01
1.490964523735677505e-01
1.353521202703895643e-01
1.494070183293338683e-01
1.044110589718233451e-01
8.980512253151311242e-02
1.268314473501624962e-01
1.512900634378891718e-01
1.866735997174037709e-01
1.810429994480213800e-01
8.628210640442736390e-02
1.015944582502310706e-01
1.443470909838217020e-01
1.434390252607654348e-01
9.823020460677456267e-02
1.267675527028147842e-01
5.591258762458981707e-02
5.985712893179608030e-02
4.542514298408924928e-02
4.456933451277782926e-02
4.495336123469950707e-02
4.404475949061250478e-02
6.558312374066929684e-02
-3.025240578375202119e-02
6.487350168128104555e-02
-1.056111729523057183e-03
1.932896215180356925e-01
1.766367317995367614e-01
1.907774322775145359e-01
1.722316396758812318e-01
4.742413690879092314e-02
5.860491770569142833e-02
5.741541785095912592e-02
6.284752090653196455e-02
1.144206159532593498e-01
9.698297260899335637e-02
6.816058807036155798e-02
1.048649939629895250e-01
1.452726993229991326e-01
1.338395651177955170e-01
1.388350097226082047e-01
1.284867817674011925e-01
1.455806710382822611e-01
1.302639429609216692e-01
1.446748795359311668e-01
1.421192887749293254e-01
1.301875326121386123e-01
1.332405188672759477e-01
1.672018774564499044e-01
1.660179412939247756e-01
1.758908983089567668e-01
1.265870672834520372e-01
1.198095990960603985e-01
1.219159686595005510e-01
9.264596255818889625e-02
8.093000601235855740e-02
9.167860480093609210e-02
7.874339516258432869e-02
6.076916759494128961e-02
4.241474690731312364e-02
6.108450364133197891e-02
4.207639032773964616e-02
1.644599652690213187e-01
1.583644570238399440e-01
1.295078019412232995e-01
1.236770569065252928e-01
1.360274536810406609e-01
1.343120795618508723e-01
1.337048795810794333e-01
1.279754508347510089e-01
1.340562754464882933e-01
1.235417855486742600e-01
1.330803619440779073e-01
1.195877555684347476e-01
1.241902821151787961e-01
1.389910591314352795e-01
1.195234443209669262e-01
1.223225160897193076e-01
1.068281303952949707e-01
8.413091484826469568e-02
8.632481124399438155e-02
1.055218764058999670e-01
8.233460213224239044e-02
8.400304888113137303e-02
1.739287231345693352e-01
1.305557547321839762e-01
4.532260061714129401e-02
7.476184489832564395e-02
4.517819689363614111e-02
7.889697863897159047e-02
7.676360315299923798e-02
9.101442851855409688e-02
8.153400320179923777e-02
9.077141669687799341e-02
1.380025012661354467e-01
1.361708868181215892e-01
1.378273814262497843e-01
1.273378692254382993e-01
1.232251239907079104e-01
1.279158109285341294e-01
1.112879377570106382e-01
1.043604594148784398e-01
1.137796145814117532e-01
1.010900422451537634e-01
1.933734792476656528e-01
1.941463102332667556e-01
1.928388954242349906e-01
1.778489080163620228e-01
1.772892346387721918e-01
1.774580375739099047e-01
1.375082623040091434e-01
1.379716869107447952e-01
1.285573859373093097e-01
1.278016240063671871e-01
8.686670057001624756e-02
9.094349164815612729e-02
8.715760359575128180e-02
9.273188142286377389e-02
8.155867710580554097e-02
5.302937577194536539e-02
8.413568187714838553e-02
5.141405505299979917e-02
1.913669348275316429e-01
1.917282054460361373e-01
1.737088522938941837e-01
1.744090669619995093e-01
7.244797575057197042e-03
5.081148860605282959e-03
1.190150224701292531e-02
6.700014895685749323e-03
2.809025006518607592e-02
1.242004736466930520e-02
2.659306591764647870e-02
2.008305917233069171e-02
1.213154412607340971e-01
8.836910575803963441e-02
1.445477327834992776e-01
1.431003247236013742e-01
1.316859756480504295e-01
1.014895887635809263e-01
1.420909608114546419e-01
1.353866401129978081e-01
1.335548209857534419e-01
1.394235840357846978e-01
1.438209996920374323e-01
1.967481764945682721e-01
1.696923169309911827e-01
1.858805698669633577e-01
1.838755351644331126e-01
1.597447543993211483e-01
1.743872507230806168e-01
1.453407113400893014e-01
1.501146310479150037e-01
1.547413506321398957e-01
2.158240035668618564e-02
2.495764649952070605e-02
3.080621408517906709e-02
-1.824644372735569758e-02
5.920254859911013023e-02
1.267119066209763251e-02
5.775886904314465886e-02
1.728133341589531760e-02
1.309404309566967461e-01
1.246906396886553331e-01
1.152114136148362222e-01
1.320304459207088943e-01
1.187580643201988778e-01
3.658082664195933670e-02
7.315053221859925403e-02
6.226321045433862861e-02
1.795537347144587625e-01
1.664448535828145226e-01
9.795763261810261358e-02
6.888093125667582584e-02
7.722153569914114168e-02
1.422548012442495513e-01
1.349547249622989886e-01
1.364661407190998488e-01
1.552337689378672780e-01
1.483339621521058138e-01
1.467608630055823038e-01
2.143968020016284171e-01
2.060203827704490676e-01
2.100134876717884846e-01
2.026209329827348971e-01
1.949228715324793360e-01
1.975043175943317630e-01
8.959757660756906272e-02
8.083362892765387497e-02
1.420494079676418719e-01
1.599062341430133316e-01
7.661711784304592321e-02
7.462281926165310886e-02
8.206707143351321676e-02
6.872037000680045193e-02
1.566123016776908849e-01
1.654814232558795561e-01
6.118558435770606041e-02
3.267725143394979020e-02
6.515501542401884449e-02
2.794365045817668453e-02
1.612150296244297676e-01
1.692469927304892929e-01
7.254859799274783472e-02
2.168724305410517708e-02
5.126653173876778713e-02
9.461081094213631693e-02
7.616726827005766698e-02
2.053229570633433310e-01
2.048914834420123010e-01
2.050848142393330575e-01
1.874360621881216438e-01
1.859868245805419429e-01
1.870068843023062199e-01
8.058714974795586072e-02
6.223390953280506788e-02
5.283445082306800766e-02
7.219451746303412465e-02
8.047168352221917287e-02
6.968457298801673805e-02
5.827235018857657156e-02
7.922595841709496878e-02
7.040017408283245903e-02
6.361449231109297942e-02
4.973841760633819498e-02
2.105381235203868107e-02
1.762275301626331850e-02
1.192592571340829466e-01
1.235596838064228764e-01
2.050043876984042612e-01
1.985350087366446470e-01
1.853237278459763382e-01
1.816326650189548364e-01
5.510559761529091466e-02
8.303750546221599915e-02
7.058425409295986108e-02
5.015639110240061732e-02
5.214265488366541523e-02
8.034537081894939370e-02
5.563055558946446155e-02
3.101367253261027440e-02
1.648500728747253063e-01
1.679850265794244624e-01
9.101277258352576116e-02
6.116145967604177253e-02
8.870098043181859349e-02
6.388318591802510937e-02
8.410635548028201625e-02
1.024192242572280337e-01
9.661561123808529161e-02
1.151256386938403209e-01
7.381992232688046329e-02
9.479895100271155950e-02
1.484544761216262387e-01
1.476072593960177370e-01
1.451446450181370085e-01
1.410244104714005742e-01
1.411752425367982788e-01
1.392343387763499696e-01
1.260649640959134732e-01
1.280230955050625785e-01
1.400922311496569095e-01
1.385901590585938425e-01
2.127721754686861533e-01
2.122052816502371375e-01
1.996941925712211741e-01
1.994518937313184692e-01
6.578219795340488341e-02
8.839264999650948973e-02
1.102417794539019974e-01
8.599871518470066090e-02
1.093379130735425975e-01
1.342210702075783690e-01
1.189478986158520740e-01
1.039118269780215376e-01
1.256202187560410688e-01
1.170381908640058949e-01
1.186670651980710617e-01
1.071192464796242166e-01
1.303037344029161215e-01
1.253283774069429979e-01
1.126992251629752168e-01
1.352279203351084702e-01
1.390873785280284380e-01
1.434075716663290312e-01
1.427681174785622453e-01
1.360152735974544669e-01
1.209793836826299901e-01
1.210941996521130992e-01
1.043548474673932080e-01
1.424565069493723413e-01
7.725237892307619536e-02
1.389778684132766395e-01
1.029711009676899242e-01
1.599556945502276020e-02
2.395747319024047264e-02
-3.157315220511779097e-02
-2.621316885379103984e-02
1.499819455441753768e-01
1.310516801712497958e-01
8.893733860580126105e-02
8.603194331805788519e-02
2.219979865423917648e-02
3.932085714576698254e-02
1.050685073119369227e-02
3.808546280918995164e-02
1.405332848770324272e-02
2.349527104418068155e-02
3.536975794701450321e-02
1.464880753054952599e-02
3.814168626773419696e-02
1.275567906571515309e-01
1.323788488124331419e-01
7.108822016251368191e-03
3.469557914318341374e-02
5.005437870806326087e-03
4.013616937748241270e-02
1.730013353217753954e-03
3.153354340611535384e-02
3.803025257290674224e-05
3.267794862249754489e-02
8.284312871091073505e-02
8.290606921059802403e-02
1.949027859225131998e-01
1.025782890049726642e-01
1.188564734571384424e-01
1.159515947222077015e-01
1.046230001355089312e-01
1.226127642415606872e-01
1.160761956038076914e-01
1.540682510798909166e-01
1.355331354943676014e-01
1.429122327184168817e-01
1.282883984704736025e-01
1.525736247532920309e-01
1.341485241758657299e-01
9.775147772791305256e-02
9.230925909443329913e-02
-1.549341133522177342e-03
3.063094618094586163e-02
6.438787735558754166e-03
1.180335597432999595e-01
1.091267589697732243e-01
1.126841268729889683e-01
9.135592791429415771e-02
1.153284788469069178e-01
7.273079422334205457e-02
6.588735606817872070e-02
7.628387012526870181e-02
1.759501635979076051e-01
1.739658576985619598e-01
7.831982911113355428e-02
7.386442453306014955e-02
1.469569889558926812e-01
1.441471925379547991e-01
1.476019544273551864e-01
1.492382521377350890e-01
1.457885328023579841e-01
1.480290486682096507e-01
1.004531857339032858e-01
1.230352113548681264e-01
1.012656430556083537e-01
1.545964014409687559e-01
1.799703456760026465e-01
1.583115898591117010e-01
1.060383617985327515e-01
1.334883292659143905e-01
1.080167219979288884e-01
1.491001642271386207e-01
1.697117250060783678e-01
1.537127961159751866e-01
1.207154527366472302e-01
1.347825037702503059e-01
1.614527569859825207e-01
1.647658527983622001e-01
1.511066655626245314e-01
1.571126225996007930e-01
1.506779258162518620e-01
1.554367627502494242e-01
8.479277787666193722e-02
7.998131739917246907e-02
7.754399278410328833e-02
1.325409207928303357e-01
1.345591049508890191e-01
1.249963386540440258e-01
1.275523318554420138e-01
-5.205025217573998157e-03
6.749313951197448772e-03
-1.080799562393833452e-03
-8.979727600748728389e-03
8.559367045723505207e-02
5.774803646562301496e-02
2.058334187147008165e-02
9.816543734071490890e-02
1.127189315059529268e-01
9.400393172963056321e-02
1.165385507105822088e-01
8.815299000855539302e-02
9.898114692965680195e-02
1.024729725798908669e-01
1.240289103461880427e-01
1.162082389330963555e-01
1.126903886343203487e-01
1.114247442421032047e-01
1.270016425634083734e-01
1.286628716033909603e-01
1.282356670328202441e-01
1.398987247664862932e-01
1.413120128737812009e-01
1.400882094161429725e-01
1.901475251633204799e-01
1.850304695944125222e-01
1.914538918120387012e-01
1.818883344799729074e-01
1.793164839270916522e-01
1.852021242044556149e-01
1.207949497888794743e-01
1.323660813469895725e-01
1.270132841411622249e-01
1.403917959475749211e-01
1.052865054384591881e-01
1.462745644075073292e-01
1.140419555030918880e-01
1.506507482486179605e-01
1.451995915624385014e-01
1.258345683702859208e-01
1.189635976076574841e-01
1.321241482372652598e-01
1.269086765991449817e-01
9.462480371980518112e-02
1.225336177888668165e-01
9.963751896924848139e-02
1.128189215030006576e-01
1.206168735131437492e-01
1.961193875801652553e-01
1.281852369867574892e-01
1.862430383292304481e-01
5.696622374585667836e-02
5.630691794246598519e-02
3.553159282516445833e-02
5.583700031867314811e-02
5.176179114451473495e-02
3.609636085281927448e-02
8.097614012311465936e-02
8.271128397479773908e-02
6.760478148365851869e-02
9.690119930589213837e-02
8.556166170082127320e-02
4.923797437258638915e-02
7.845954045554622003e-02
4.643188074589016390e-02
4.033502561234355438e-02
4.842316760048186175e-02
4.907424019786302272e-02
6.848631653926762208e-02
6.639077763511001817e-02
8.321631825976938401e-02
3.319887465134028354e-02
3.255683582381653507e-02
1.024206750978981367e-01
2.060982183526767209e-01
1.991816617114365306e-01
1.228184137897338490e-01
1.259107018477768070e-01
1.151166101854601276e-01
1.178658384583312485e-01
1.113917468797978594e-01
1.011056985667137254e-01
1.035930040106119165e-01
1.636996620917602618e-01
1.391824810510381427e-01
1.459691371998604326e-01
1.711505232086349693e-01
1.418846942254745613e-01
1.502463957018051188e-01
1.297294406678698442e-01
1.354432150525972101e-01
1.347463597350673503e-01
1.238144676925254650e-01
1.253413999451103711e-01
1.244089190111796195e-01
9.003517346256924986e-03
3.623709471829104911e-02
7.088057523565272772e-03
3.277293148552077456e-02
1.555088269519609157e-01
1.486009682183666858e-01
1.431580913427104862e-01
1.394421162137927939e-01
1.373477341211445102e-01
1.383787426560301459e-01
1.143886035337426110e-01
9.965421707371634186e-02
9.696794190449489759e-02
1.193230030327377122e-01
9.923306631611485129e-02
9.739115428086515813e-02
3.792463110226110268e-02
4.230706693167943927e-02
1.141224612433302948e-01
1.023042621218335779e-01
1.221229677084319093e-01
1.079222939469817732e-01
2.134247026523742319e-01
2.104674656009844769e-01
2.081344204671552733e-01
1.932786184108550853e-01
9.828026964762114071e-02
9.387322851747531560e-02
1.440376497794270128e-01
1.687334576291419086e-01
1.279422941041282770e-02
1.008700800604093832e-02
1.066994755274803114e-01
1.083409843637915398e-01
1.201862179726853330e-01
1.219469092567480872e-01
1.792281745829991113e-01
1.867857586678481896e-01
1.729000735464106264e-01
1.780058179347566716e-01
1.214366350778277454e-01
1.604181294017158477e-01
1.346306998729292770e-01
1.530022641704235631e-01
1.355096925096871130e-01
1.387463030487148530e-01
1.276465489294766886e-01
1.352938301327928361e-01
9.953022007395645465e-02
9.855838650171849791e-02
1.170215523600962593e-01
1.182589921376904912e-01
1.475753222927402020e-01
1.385533054986866075e-01
1.251623071658238273e-01
1.284519695640629344e-01
1.351624542022175635e-01
1.384627136380780499e-01
1.359169510925427315e-01
1.274684888524520721e-01
1.274042869533669742e-01
1.306603056848135713e-01
1.156839366231997707e-01
1.323544023451374840e-01
1.748804035422502068e-01
1.999744620634122116e-01
2.196662346304702196e-01
1.919465374957504966e-01
1.920531885039845066e-01
1.858514968624844915e-02
1.124008512749143929e-01
1.261094020037702435e-01
1.225380977232121693e-01
1.278367808012979556e-01
1.230733805608502374e-01
1.138447596590015515e-01
1.304787853813245968e-01
1.370436952543461762e-01
1.365975877469370603e-01
1.311738291357261721e-01
1.301853115597095267e-01
8.457858903650208870e-02
1.111353768328652847e-01
9.832736273963912921e-02
1.247522469675400453e-01
4.514835107106371370e-02
4.334616010071235676e-02
6.642196110983297763e-02
6.742932593221673265e-02
5.879810501574148779e-02
4.929665975427401092e-02
5.553901110440572636e-02
4.727350172922307331e-02
8.107820327609403799e-02
5.708621472667531338e-02
8.284722451346662742e-02
5.271506077672433177e-02
1.546445851754487677e-01
1.691044897311383688e-01
5.551293595348204268e-02
8.495883295885942044e-02
1.144527275614817263e-01
6.927784084253947594e-02
7.473166432075070698e-02
1.198549367720193326e-01
7.464873638471850037e-02
8.270430930437193406e-02
1.282912558301011752e-01
1.204891228138808973e-01
1.590814003440060298e-01
1.767264703335945653e-01
1.406062530064067784e-01
1.350107030597468005e-01
1.514496177995546256e-01
1.647820611704568228e-01
1.571536526947899803e-01
1.647901297446157098e-01
1.464228838561561497e-01
1.552967983436183697e-01
1.256187248023534209e-01
1.376100255030651975e-01
1.354717262880821005e-01
1.460115352197920158e-01
1.786281076435073945e-01
1.786990991668349626e-01
1.713592682609932361e-01
1.552720519019083478e-01
1.622235306912172548e-01
1.513345651696516581e-01
5.291585146039823329e-02
7.051674089810920643e-02
6.093671952419568716e-02
7.708389757618673566e-02
1.342543713739488831e-01
1.298382769951270388e-01
1.224626847236047061e-01
1.207322714365225425e-01
7.943580275313003036e-02
1.028411643279643628e-01
1.249167101106721800e-01
1.353785359397433330e-01
1.329157106691035983e-01
1.053090792793499042e-01
1.222047494458556732e-01
1.145772148491183695e-01
1.409493176586349150e-01
1.427546908996599750e-01
1.335629133948484648e-01
1.354473712658204876e-01
1.160512904354967512e-01
1.180980866630037956e-01
1.249674595648903319e-01
1.237871040829005564e-01
2.119972676467001826e-01
2.151152231101486068e-01
2.072314482562297167e-01
2.068723298937943655e-01
8.693020845711860178e-02
7.959862870834739923e-02
7.577127990885669517e-02
6.379229608194378343e-02
1.341360735556159922e-01
1.160121525646547469e-01
1.442470741056213202e-01
1.285871170789766038e-01
2.222574735959761960e-01
2.212940811427124010e-01
2.083403663107425141e-01
2.081478805201790461e-01
4.246428456516698063e-02
5.023247467484943940e-02
4.524779452054020212e-02
5.011870438659948856e-02
8.286312340889244454e-02
5.120034847611132367e-02
8.572930063130089484e-02
5.547284283757185352e-02
1.952111289076530476e-01
1.299213538757943154e-01
7.111829503094002636e-02
1.176771746772896921e-01
1.296935494405468958e-01
7.092254209865807291e-02
1.134919805426398975e-01
1.381832040975982112e-01
1.275026491442687315e-01
1.165633599972439038e-01
1.207957243718842805e-01
4.656885962716082739e-02
4.436202724552021359e-02
7.325568692617605293e-02
7.358493878422914247e-02
1.553343243064235768e-01
1.400257040250592611e-01
1.522364726431458259e-01
1.291647763638021362e-01
1.470289350772250314e-01
1.469275901220191416e-01
1.904851731253330016e-01
1.181681323841281966e-01
1.778143946376291029e-01
1.200391983029704401e-01
1.299514789064017128e-01
1.357388436809995325e-01
1.450575582779276840e-01
1.306289177697621817e-01
-9.724691836597118555e-03
5.269167935457534646e-02
4.050654134919472182e-02
5.077858060656728623e-02
-5.427860943848232707e-03
1.785839677682437079e-02
-2.155023066045610655e-02
1.156331175152295124e-02
-3.991598263374826483e-02
-1.346599490345787992e-02
-9.320480098814356781e-03
1.808861599120200128e-02
9.070689343327552334e-02
6.271381372413492583e-02
8.720284946678298621e-02
2.357127959503226011e-02
1.316629734800865877e-02
4.627251013809036834e-02
1.949694093709238019e-02
6.177613114001299921e-02
-2.996437760188468830e-02
1.494040013662093457e-02
-2.606594466218881481e-02
1.199193941233543670e-02
7.316396003363057066e-02
6.914224740016221282e-02
-1.362500084505993345e-02
4.176527007204980380e-02
1.454908173575020502e-01
1.356072448018060539e-01
2.895825730287370642e-02
2.005410871251336880e-02
1.406883865265030203e-02
1.201219265391010801e-02
1.499010347536445797e-01
1.661154064481410175e-01
7.637299951508613738e-02
8.768197905281416293e-02
1.299074643172002663e-01
1.244761641542207475e-01
1.333624163440738641e-01
1.386652516722980122e-01
1.373696620150350878e-01
1.447055753511264364e-01
2.200123726971448812e-01
2.096785310905289745e-01
2.137943113570500708e-01
2.066234875647347258e-01
1.981397642016723970e-01
2.017089702607019197e-01
5.869807805182680749e-02
2.573393514902578769e-02
1.370071055334041998e-01
1.269991130381425970e-01
-4.478058439649530015e-02
1.139229563747476068e-02
4.174427454612120170e-03
4.613456403958664936e-02
-3.507213984240479393e-02
1.002114661784108979e-03
-4.619609017336207685e-02
-3.291486503359036808e-02
1.205012205121007429e-01
1.347800522893877750e-01
2.261808010111333589e-01
2.031576518412810117e-01
1.736691874642549982e-02
4.289992008358849140e-02
2.977183470692381165e-02
2.448010753044138274e-02
5.571692074427721242e-02
3.267711269706666255e-02
2.795139444148100547e-02
5.344826618186683531e-02
4.057142681165232245e-02
2.363436582355562740e-02
5.013828394769366537e-02
3.577726379377881016e-02
1.123501201031581187e-01
1.169298164558766340e-01
1.190669807499831062e-01
1.228280561569107948e-01
1.195677806891820433e-01
1.363976015603761693e-01
1.234653736306437488e-01
1.433468411509573326e-01
1.326877701710284518e-01
1.482274510498860498e-01
2.208775053798545385e-01
2.185082438477995992e-01
2.142428964564500882e-01
2.069582720862522540e-01
2.016182304386627266e-01
2.085825888272952178e-01
1.444254871084071357e-01
1.447651454913434499e-01
1.467861998899627207e-01
1.444996827176784626e-01
1.150944647485349914e-01
1.188818034897836384e-01
1.292308098171228159e-01
1.322418865929943788e-01
2.051796319714848660e-01
2.073665457325119255e-01
1.933997366544770447e-01
1.959767746538740862e-01
3.497758787780012174e-02
5.776846617536946643e-02
3.687620911247167094e-02
5.158604086927215393e-02
4.271723840488003687e-02
7.488595752428268970e-02
8.709473569691313088e-02
1.321851429128111099e-01
1.600449028700152432e-01
1.327552723722107697e-01
1.421763792545115979e-01
1.473835723763127492e-01
1.348278727503028074e-01
1.427964433323974935e-01
1.343809712443749527e-01
1.245511159222373321e-01
1.344386309454469741e-01
1.368827114050852611e-01
1.266000641003870164e-01
1.160558394466027626e-01
1.322011679743400059e-01
1.300173067793576609e-01
1.249342095609276559e-01
1.437352872273478799e-01
1.427586551388864700e-01
1.456310761911516483e-01
1.530521030049863118e-01
1.333394842729193341e-01
1.366748011801449947e-01
1.172147975518414986e-01
2.073110106261377705e-01
2.043822581153324769e-01
1.901140444918414385e-01
1.884114500605914844e-01
1.450232832094082713e-01
1.466998354116258729e-01
1.482973506414531906e-01
1.478713836464192466e-01
1.419915435217276034e-01
1.186948254959241528e-01
6.975492346042051761e-02
9.665226014905375918e-02
7.267166230964737517e-02
9.905272909072168619e-02
1.331150390637031167e-01
1.224707319068657624e-01
1.079516118742475661e-01
1.339797436874746728e-01
1.414452144162491598e-01
1.897784039606804224e-02
3.802278605998085648e-02
2.267103123502233614e-02
3.203306653290862588e-02
5.657999656664055438e-02
3.512799679250169782e-02
5.243042989523455377e-02
6.710693945785485559e-02
5.443745451852086831e-02
6.529141288161048606e-02
9.508645374161495134e-02
5.860085461438558491e-02
9.066034597676712881e-02
5.425062547348137587e-02
-2.807254582867263135e-02
-1.670024253768262468e-02
1.392934993405418598e-01
1.358417071017385402e-01
1.421516816800926231e-01
1.391618632320882343e-01
2.128436165844838635e-01
2.081360660976639687e-01
1.992825301945289618e-01
1.936117560222754552e-01
3.397491080949326808e-02
2.602317336738399836e-02
1.163413551292424575e-01
1.185586451781764639e-01
7.568885154493297518e-02
7.382671885248197341e-02
1.461648930422116688e-01
1.458876294008361885e-01
1.456412059909310275e-01
1.517936855808441621e-01
1.421090818848599613e-01
1.415834729658914382e-01
1.510463548254509236e-01
1.021282224486010949e-02
2.318730986573251662e-02
1.322086388164195603e-01
1.387352990239446304e-01
1.010022726531469295e-01
9.601135544497664542e-02
9.453554705743355546e-02
8.386556512024163912e-02
6.548510887753335175e-02
9.527475440270595508e-02
1.405194071834282854e-01
1.389808371581364166e-01
1.426371110588331159e-01
1.338555878481652861e-01
1.354942178339954839e-01
1.368190675902174192e-01
1.484752375909134947e-01
1.428618274258029452e-01
1.238204300163095184e-01
1.121214708887075528e-01
1.589015903435683497e-01
1.621772802158290561e-01
1.528242810449000066e-01
1.554094881027101305e-01
1.246353586043909001e-01
1.351177609790800149e-01
1.327494054770783916e-01
1.402066243785287103e-01
9.190053051111425619e-02
8.351642916813631357e-02
6.119667985694691309e-02
9.548718482243144512e-02
1.095320854010367606e-01
1.073171447704558273e-01
-2.509532038334494081e-03
2.530607213754546697e-02
1.005373847025331779e-01
1.305448724885178435e-01
1.505201352680798077e-01
1.259621897249097733e-01
1.482298426223349619e-01
1.226869106729812364e-01
1.824250003732769132e-01
1.329280170649946302e-01
1.683932810682518821e-01
-1.887251219926219456e-02
7.663329251601208592e-03
-1.054702422349505959e-02
-2.068860425729878230e-02
6.539251188591571444e-03
-5.556251768966375716e-03
-1.046566044482933298e-02
3.689380592951498582e-03
1.562817521633918030e-02
-1.372312790913749955e-02
1.419676041057109026e-03
1.666645337331715965e-02
8.941783408520301291e-02
9.245951923588562049e-02
1.082581331397814428e-01
1.362937933173660743e-01
1.027328535206451926e-01
1.026988320258383491e-01
8.477369534841215637e-02
1.210984357083433327e-01
1.331743450385948213e-01
1.177504856201887079e-01
1.029123589887587925e-01
9.782002041702610173e-02
1.257506874407029185e-01
1.418033426022669574e-01
1.350906327626651415e-01
1.557507243017322573e-01
1.211341479460164156e-01
1.197488379725390878e-01
1.465736833916992943e-01
1.921317859516443738e-01
1.795344463961966730e-01
1.557651725806576126e-01
3.211382658298377740e-02
5.474631024691103964e-02
3.022952778119118375e-02
4.352185441721306836e-02
-1.645057788682436489e-02
1.161670379410511579e-02
-2.643362567392923412e-02
5.613793138817099911e-03
1.210148919908222848e-01
1.243126802817729054e-01
1.036836259159917562e-01
1.089545652806780951e-01
1.450721149215871975e-01
1.228198825118151372e-01
1.506820107509869999e-01
1.360763440453801598e-01
1.491536550113312098e-01
1.396609161645691044e-01
1.590725069269939007e-01
1.524088436348541020e-01
2.004668858135661424e-01
2.013948856831859202e-01
1.873922226102054667e-01
1.886016669768219578e-01
1.343296215653651260e-01
1.284257236963513293e-01
1.430582438230470765e-01
1.382504546837403647e-01
1.588611264588303262e-01
1.685311788928408050e-01
1.417005538873779558e-01
1.535569550152540430e-01
1.254097644035110926e-01
1.150820217948034935e-01
1.904526603655844197e-01
1.926160325977705756e-01
1.727589693072349719e-01
1.728769914928384444e-01
1.761822747730413252e-01
1.269617671137785453e-01
1.613621252492838665e-01
1.321213592829675321e-01
1.256176186574367304e-01
1.352567988402536558e-01
1.285692376418875460e-01
1.239162898988982048e-01
1.048778428657061446e-01
1.076686231184096065e-01
1.625551165962465239e-01
1.699720842646941232e-01
1.452843798644305739e-01
1.570826410001687212e-01
1.129234332228752358e-01
1.139101587306571711e-01
3.465060379459177636e-02
3.729288421600001485e-02
9.248305894100035396e-02
1.019023835424239383e-01
1.075613106970459976e-01
1.177439797432235785e-01
1.792289164200888685e-01
1.630199412719560981e-01
1.683963973577598805e-01
1.503948076230328113e-01
1.400296974408798967e-01
7.936978908689268364e-02
1.172733604549492242e-01
1.307265619603917017e-01
7.585638432349593729e-02
1.122310209597160297e-01
1.313754569978940745e-01
1.201936073057820603e-01
3.166433797208276918e-02
4.016304410432571664e-02
4.892062890725948701e-03
5.647095144864158062e-02
1.878968818029562171e-01
1.780038057644123817e-01
1.097125082423888870e-01
9.074178461274554075e-02
1.004318849960428861e-01
9.203285751367536183e-02
6.683600461310430785e-02
8.931527688736964898e-02
6.535319996776761675e-02
8.473614719291303055e-02
6.412922339149630668e-02
6.203293428485113364e-02
7.647215860394877829e-02
6.830529482720236467e-02
6.668282351108990869e-02
7.834137119447952269e-02
1.011576032098266270e-01
9.463939268514973135e-02
8.038342091558940694e-02
9.184902896717109244e-02
5.677569047933141849e-02
4.620169792751924881e-02
1.251855408819530120e-02
7.489033975537975896e-03
1.423033765261632333e-01
1.328166163010402745e-01
1.373033648936416440e-01
1.333578759510595235e-01
1.232275677393194907e-01
1.284662543107741584e-01
3.994184326045991523e-02
4.081833445611979250e-02
4.472612824143937932e-02
3.552433070347194716e-02
1.046270332403667798e-02
3.870664908104737983e-02
1.183283898301973162e-02
3.375846401597912272e-02
1.347689411984843988e-01
1.387607114200178904e-01
1.349444238683961961e-01
1.383284001204337088e-01
1.233804925376335015e-01
1.189563083241823305e-01
1.246177889509390013e-01
1.193138756857841376e-01
1.110510265115338818e-01
1.147329663893988105e-01
6.307021209677589335e-02
2.413168791920669229e-02
9.519487498842481299e-02
6.379847233148305818e-02
9.319430886452938212e-02
6.350269518668372193e-02
7.357750582392838523e-02
7.428521997173130609e-02
1.572114628066212938e-01
1.513248890514127254e-01
1.076987083645159077e-01
1.217170994329311584e-01
1.410777192324030038e-01
1.465914385626130578e-01
7.567842899978853566e-02
7.519186644634920369e-02
6.820603113609896573e-02
7.726604631621275532e-02
1.060768134518705330e-01
1.458592261398741485e-01
1.114581065718946162e-01
1.454707421671107836e-01
1.647855732115272864e-01
1.080351118928025017e-01
1.090369374340548064e-01
-2.175650912912454119e-02
-2.446497354830924273e-02
2.631089179390342942e-03
1.049781791239046309e-02
1.850391690563267522e-01
1.908675423067700272e-01
1.699827798679442725e-01
1.754995659638355354e-01
1.621372317605154489e-01
1.606910925500153464e-01
1.300930956843024122e-01
1.233175388440031356e-01
1.587226272841690822e-01
1.893917779615155242e-02
1.960159985455441761e-02
2.732044985093804584e-02
3.810047726840098264e-02
1.465766978031519119e-01
1.248010903425529478e-01
1.492802165427019045e-01
1.220134536053938401e-01
9.185256621146918599e-02
7.991287870936089610e-02
9.414777115713772460e-02
8.327123976298497765e-02
7.915122783625294645e-02
1.157208359529456471e-01
1.215891256947136817e-01
8.038009245259651603e-02
7.442569569517404338e-02
1.109535657771303363e-01
6.402988370436869803e-02
4.168642992350723303e-02
4.657399884862750000e-02
2.115552354483581435e-02
4.726120955496435072e-02
2.264194468249234801e-02
6.484801803601199233e-02
3.980582245745475228e-02
1.605519844293414877e-01
1.345488993971695746e-01
1.485487013495232766e-01
1.512715099849857858e-01
1.259939510743429414e-01
1.420496676315064766e-01
1.489124825841929567e-01
1.274627770664223947e-01
1.384650821056605252e-01
1.150363955973522367e-01
1.149961162196843772e-01
1.062976369726705700e-01
1.288470435669565872e-01
9.687460749341503252e-02
9.140241349649261271e-02
1.463683435720010972e-01
1.458655608442032681e-01
1.452133534712478913e-01
1.390929051656741022e-01
1.405029414406558652e-01
1.348681799828566064e-01
6.961618039339784181e-02
6.655182036594926853e-02
1.841445900746052078e-01
1.681197960637955124e-01
1.562676879425181353e-01
1.491553909448398996e-01
5.957988118926599991e-02
5.110453270654222169e-02
7.578576812802027829e-02
6.137833638092694138e-02
5.345534487063251239e-02
7.978930953560396666e-02
8.138993725693564885e-02
9.068542880686922270e-02
1.336449374023985781e-01
1.278035488267390829e-01
1.296014892407647279e-01
1.385103332392478570e-01
1.258663178190715382e-01
1.354485113974656096e-01
9.874545889240028684e-02
7.970070182988794882e-02
9.947030029216839819e-02
7.423313680595486352e-02
1.359096343971618326e-01
1.369006480857852814e-01
1.302028654618757053e-01
1.316251042871520172e-01
1.985751843928970986e-02
6.153235968113285326e-02
7.263141469107298187e-02
6.450089480018766919e-02
1.414964368109594695e-01
1.491441541422093564e-01
1.461045785980627509e-01
1.555255099099670246e-01
1.987497826075283469e-01
2.043585814465771477e-01
1.846517442962350153e-01
1.904161787987891097e-01
9.880678029245157368e-02
1.048092121149983430e-01
9.564327225395542753e-02
1.095054042396719635e-01
1.025503697148891086e-01
1.162707158447956746e-01
9.499016505286056455e-02
1.033542626671721115e-01
1.750252771484208936e-01
1.556678456215742634e-01
9.392553873915981955e-02
8.900320948958533041e-02
1.472182283911447342e-01
1.465297516515370879e-01
1.392370076194151263e-01
1.364691444302212620e-01
3.156006507521614407e-03
5.847579828695908220e-03
9.891055716846945678e-03
5.205285421304830379e-02
1.552270054905100505e-01
1.545847273950645973e-01
1.952017872777209867e-02
5.594275320529761009e-02
6.629332369346888076e-02
5.633049075275791545e-02
6.433713300367663313e-02
3.751454806542318943e-02
1.618867987787510343e-02
4.596160725764730087e-02
1.272087596639270013e-01
1.283319906312305747e-01
1.118459587239228753e-01
1.246489694737791948e-01
7.683242700385423118e-02
1.036557376536780400e-01
7.231076308396876262e-02
9.761287460132199445e-02
1.104653246425938845e-01
1.104709053997785934e-01
1.135950679949409153e-01
1.144559685150930428e-01
1.125925689908959942e-01
1.394726169321751919e-01
1.312907496361087334e-01
7.089601217086023699e-02
4.583281540379636337e-02
7.114640862586506243e-02
4.776665059001553720e-02
7.910898941948338314e-02
6.742615514522549980e-02
8.463195774664329651e-02
7.191028672588387072e-02
1.187347338998021584e-01
1.313782281635800242e-01
1.167633638563490561e-01
1.326793215529925574e-01
1.822396152412317227e-01
1.669354013781706725e-01
1.402915759099937765e-01
1.381148228122039689e-01
1.698096822890072244e-01
1.579045744707986143e-01
1.422378012567006023e-01
1.372953241206304742e-01
9.779223078610885245e-02
7.613665279260453667e-02
8.144307084880471337e-02
8.460214245345733242e-02
5.027480509661028801e-02
1.522861319169117357e-02
1.056118993915165782e-01
1.139457283607594601e-01
1.466305510675884605e-01
1.461200425650125145e-01
1.470045545746920257e-01
1.370653145047077415e-01
1.430752962499126368e-01
1.458525802308919261e-01
2.034378750911344097e-02
2.619943785068207937e-03
1.574985403539543860e-01
1.371459353020733352e-01
1.507434540664506772e-01
1.405083476745386528e-01
3.834853311518087587e-02
1.605839439243018085e-01
1.241037098507213471e-01
1.326497089316991951e-01
2.154848569514142276e-01
2.042563328556689095e-01
1.654271032147608123e-01
1.720603529462526038e-01
1.142724468848932418e-01
1.153124633463803728e-01
1.098238680631429404e-01
9.920116429478022246e-02
1.420668494200817873e-02
2.006322953922310207e-02
2.755117391165524954e-02
-4.245460676225649294e-02
-5.496465537082718435e-03
-2.965557099814782396e-02
1.456173985078724475e-01
1.338742651366656433e-01
1.444447997874510614e-01
1.370899279840145091e-01
3.480866195642518673e-02
3.200181534576691106e-02
4.520755158211173241e-02
6.140961533116985616e-02
-2.509533751442073399e-02
-2.006556624028823024e-03
1.552955175890328521e-03
-4.128265488413177670e-02
1.026552273322553499e-02
-6.140175834126642210e-03
1.108627960946294150e-01
1.046485423630010569e-01
9.401352676046284551e-02
3.568720499660837930e-02
1.384581388293911614e-02
4.501626592388242171e-02
1.715029495222111094e-02
2.063270694043132514e-01
1.887015580591908381e-01
2.009620197423794552e-01
1.836668176836578070e-01
2.531816574493619271e-02
-1.276149344673082296e-02
1.021522175078770772e-01
9.017848174816893436e-02
1.187601191370796644e-01
1.082010317932645821e-01
1.371581403216273476e-01
1.388852855687304211e-01
1.381688453608881650e-01
1.313734232318457262e-01
1.970472133785068289e-02
1.454195448754609654e-02
3.860743652319908320e-02
2.678315745362155192e-02
1.099075255537544371e-01
1.043397730588175032e-01
7.748090914403596430e-02
8.943847382311695404e-02
1.595999696438359372e-01
1.539576134000002761e-01
6.677012395504960951e-02
4.722434140982615519e-02
1.375957644988825002e-01
1.266984826984038359e-01
-2.385787863973777220e-02
1.902667855669487335e-03
-2.249431159336225811e-02
4.852214931411314922e-03
1.306922874131587475e-01
1.271240189152358924e-01
4.600119399157912708e-02
3.069302552247648447e-02
4.865787088070541722e-02
2.429434037720676690e-02
9.065621333706662399e-02
2.015681695690361985e-01
2.096426535105734290e-01
1.925552670792997911e-01
2.025979551689738589e-01
1.094205371348264955e-01
1.148758110096404356e-01
1.209786077016861278e-01
1.270372313629605232e-01
8.802678190091947630e-02
7.881740884642468581e-02
9.594296584864468735e-02
7.736297748033496569e-02
1.742887713385142812e-01
1.595705920780569886e-01
1.177826473473001234e-01
1.188636336788565090e-01
1.104109508578148408e-01
1.118808194393995648e-01
1.082791460757250440e-01
1.072886518947187284e-01
1.069450302804145492e-01
1.058579738952598465e-01
3.451484294984707296e-02
6.786216029451816456e-02
9.521467188982668528e-02
9.224847928997093049e-02
5.205494024189995239e-02
8.317284871185366690e-02
7.624378374381729495e-02
6.877499019662686175e-02
5.281406797152231325e-02
2.878888363742617904e-02
6.151004202242801172e-02
3.896114232461873189e-02
5.822948893874363430e-02
4.537473641344300090e-02
5.402726360011946005e-02
4.271643588151911169e-02
1.171428184527220223e-01
1.179155928322828811e-01
1.497621471313380186e-02
7.094086004671568135e-02
3.629408472318970680e-02
4.247761656722049556e-02
1.789479101984721432e-01
1.521837188036632149e-01
1.516814104976126343e-01
8.798558367201682329e-02
9.434603668674923505e-02
1.560476035762554392e-01
1.465774892715010769e-01
1.374054269998909728e-01
1.428608928009744983e-01
1.447317901356185987e-01
1.466866724362400343e-01
2.120440299793686367e-01
2.084369513863534029e-01
1.972580819490311888e-01
1.955749460408006679e-01
1.837118307289029862e-01
1.635322103588862375e-01
1.592842235380901306e-01
1.511847095998218315e-01
1.376880535954325135e-01
1.322618820678196361e-01
1.274678454979467079e-01
1.212775792868876490e-01
1.149079210023059294e-01
1.118268460777662593e-01
-5.174575392563851052e-03
-3.344819623057504465e-02
5.298823312909346078e-02
6.533607191569681949e-02
1.189011483814253062e-01
6.974627605295420640e-02
7.101049052577519671e-02
8.769249128015289829e-02
1.038518984625604186e-01
5.325721461200741413e-02
1.164902414111080170e-01
1.310807414916533020e-01
1.985641419669637309e-01
1.895872602510379756e-01
1.205691200798009594e-01
1.371545792730613222e-01
4.190605626624593211e-02
5.639866917459198520e-02
4.882057542058387128e-02
3.661240326788444549e-02
4.277719950221517409e-02
5.580690655532612870e-02
2.331852491146579887e-02
1.568142073004836490e-01
6.061991815592501082e-02
4.126754200706414522e-02
4.393660271299205944e-02
1.041015029440442857e-01
8.960164108165910579e-02
4.608978603330785712e-02
4.767442038156665535e-02
3.510689612982693941e-02
2.279552633486052124e-02
-1.304297357219174301e-02
2.962620939058557487e-03
-1.114237150535065876e-02
3.493764155945252269e-03
6.740689854453717211e-02
4.984743210856357187e-02
7.418013420219776721e-02
5.686597246727657234e-02
1.294839439726690189e-01
1.383149508770562530e-01
1.353537881961209000e-01
1.440629323485841662e-01
1.554014491969233358e-01
1.569665597108638455e-01
1.523892085714133315e-01
1.494099462746141804e-01
6.968570634480789061e-02
5.288492617858198130e-02
1.139430307069038972e-01
1.143173371278431438e-01
1.481703042734827114e-01
1.427654657123197113e-01
3.739445312778028746e-02
6.156702953917930765e-02
6.994086263799513536e-02
1.149960210449265663e-01
1.290723686273005655e-01
7.757656710705375380e-02
9.888123230920392581e-02
9.196911161073823004e-02
7.838420749481993244e-02
6.926143869726933411e-02
9.372669714089330861e-02
1.014053732779445355e-01
8.523611471680832274e-02
2.005325712100813895e-01
1.825510332754742282e-01
2.063314751672750136e-01
1.892343243758835281e-01
1.235108040855217859e-01
1.234483503914850788e-01
1.188111928176186632e-01
1.188339296529828254e-01
1.130905279022184212e-01
1.258570706693515617e-01
1.536560010014192401e-01
1.077286459519950779e-01
1.136104703679425287e-01
1.131952878760102144e-01
9.752874947759951341e-02
1.184219722551568821e-01
1.055431439960561601e-01
1.158237906737894923e-01
1.346600972722584999e-01
1.230042268623919161e-01
3.544271415112688894e-02
3.069201323477794771e-02
9.291145163809526319e-02
1.302768023800291441e-01
1.092070620683797261e-01
1.538171708489969591e-01
5.759429776758102221e-03
7.548199252661161318e-02
1.333896772672549247e-01
1.290560712506550745e-01
1.465753670683919985e-01
1.418875698355642478e-01
1.962902657403900464e-01
1.865724671818786151e-01
1.846237703872027069e-01
1.747873137781039143e-01
1.617945249548176714e-02
3.783388359452878602e-02
6.117660597742086148e-02
6.290581957250490630e-02
2.624093934717833601e-02
3.431434432053211137e-02
2.698442429209887625e-02
3.394968972666129875e-02
2.776690958020554267e-02
5.203824973381992319e-02
4.863199897207463873e-02
1.789819142241589126e-02
1.270091116390761055e-01
1.269903535411241735e-01
1.109347606425950816e-01
1.112052627476288885e-01
1.426949507835336417e-01
1.411002715747780856e-01
1.535386452120950096e-01
1.447142108578153563e-01
1.837270903971751634e-01
1.682460737077039470e-01
1.084919350645187630e-01
1.268855889729835207e-01
1.229818070729879753e-01
1.412194003309620582e-01
1.876445828666130911e-01
1.955260529738523656e-01
1.794984041907823624e-01
1.854236109469836191e-01
7.830979745150326576e-02
8.473233377703909275e-02
1.271410895028700083e-01
1.210284805745252962e-01
7.218404789279547762e-02
1.037930503812737326e-01
1.270178598366573930e-01
1.228126564538871979e-01
1.552436518289755929e-01
6.308401727308532436e-02
6.753592557674484298e-02
1.512448001948319409e-01
1.185582930357479831e-01
1.731644104489805380e-01
1.301989783178831017e-01
1.555594075331627468e-01
8.281024404790723881e-02
9.996042031135302097e-02
9.731458129667237833e-02
8.519390449801034215e-02
1.762298230793193643e-01
1.389197044016541038e-01
1.235660173235769710e-01
1.323870734586826414e-01
1.175565066304282702e-01
1.580893895552460127e-01
1.561397283795384339e-01
1.994306228595972841e-01
1.936749488936760077e-01
5.554894718650939950e-02
5.908570850626915227e-02
1.542837986661472205e-01
1.434250923274696943e-01
7.190551600000107124e-02
4.794680662067418025e-02
1.357383634097106828e-01
1.316666175479401513e-01
1.285843441547012966e-01
1.246786051102242721e-01
1.866792737981264327e-01
1.784950597868190103e-01
1.089092078002115715e-01
9.820217069487545414e-02
1.027132541493430695e-01
9.575418511211486461e-02
1.392732712560785235e-01
1.257740524990967612e-01
3.982143893002689644e-02
4.184421601733918916e-02
3.948251201490861340e-02
4.490392849877192227e-02
7.246545841673210364e-02
6.493612553207184224e-02
7.829965789031856360e-02
7.149586675666110003e-02
1.373019779610457902e-01
1.406495305515681749e-01
1.285302537220134877e-01
1.330088666266257824e-01
1.385807373502238315e-01
1.456586094931906772e-01
2.107644770348021390e-01
1.989477581692922215e-01
1.208104228442597600e-01
1.186696389203495267e-01
1.537746446356831479e-03
-1.092983042914507340e-02
2.018978430039140570e-01
1.851908177549947687e-01
1.634782657271733886e-01
1.518373002833907082e-01
5.389274225911740851e-02
4.039038554511973494e-02
2.110327378266450560e-01
2.024050329998874631e-01
1.076857527397439285e-01
1.238808838418685582e-01
1.435603854160174275e-01
1.442467499591736646e-01
1.361923489226105066e-01
1.370148552199521585e-01
1.364010436449293318e-01
1.443133324083455682e-01
1.372586543738253950e-01
8.558104846790241804e-02
1.106428118568803659e-01
1.015104539226560632e-01
1.351598566107668764e-01
1.384321183534160948e-01
1.197864586246219915e-01
1.224357465711555792e-01
1.184777321325225508e-01
1.099078801375683312e-01
1.135822007862171135e-01
1.047373100289841347e-01
8.393673441519949874e-02
8.747814505470438706e-02
1.283420011432625518e-01
1.209243308254802501e-01
1.467330293895854898e-01
1.454311491870934614e-01
1.374832090445631816e-01
1.357570541045306223e-01
5.763117660474539189e-02
5.480490618818391335e-02
1.195675948811802392e-01
8.275727726242330939e-02
1.273979115881607449e-01
1.395884783933185880e-01
1.153618800735842914e-01
1.289116874633831344e-01
4.619699526335909606e-02
3.209985456467713549e-02
3.676145752329144922e-02
1.167187081175039172e-02
4.083425856733461506e-02
5.635408026169525658e-02
7.088859552303794498e-02
1.339648036188144098e-01
9.083043265891377338e-02
1.229760117082745186e-01
1.395762148917342182e-01
1.329080033538340977e-01
1.540587373411330674e-01
1.175684327807379748e-01
1.203463238131274177e-01
1.452132719599289745e-01
1.576365112563026805e-01
1.392994799183185362e-01
1.463603310740280716e-01
1.306788696723900911e-01
1.314940932056499479e-01
6.860358791534391931e-02
6.664187283107768367e-02
9.387001247578764807e-02
1.164885735592934013e-01
1.029456274726890525e-01
1.362620682633849389e-01
1.519204666688574734e-01
1.302458718865444898e-01
1.194829989548046034e-01
1.336923966934989993e-01
1.506331694724265813e-01
7.677166539818773561e-02
1.353626169805483004e-01
9.315533350965582438e-02
1.262517825317320264e-01
1.049025152159294566e-01
1.206056459059959701e-01
1.030476628238251868e-01
1.175137142039321264e-01
1.279917461477041163e-02
1.097236472705206793e-02
1.302778593170214327e-01
1.206540207774145224e-01
1.670693080289666621e-01
1.736046751486933215e-01
1.647159814998021277e-01
1.259339616230947811e-01
6.543476195897936221e-02
6.900102268377418524e-02
7.116587447955095846e-02
7.181308390761720339e-02
8.155779648475050547e-02
6.866297143910569944e-02
7.434518231322360948e-02
8.127066375700646439e-02
2.237269321074472281e-02
3.300339476515529169e-02
9.572002813566597365e-03
1.180704823964920727e-02
3.282577819750739229e-02
3.545420813178767200e-02
1.170858654390775216e-01
1.314707953446955235e-01
1.920256912510102665e-01
1.851035590228026773e-01
1.233658287286865524e-01
1.109628942833647408e-01
3.778970804805783373e-02
3.372007398264510736e-02
1.189432282220569820e-02
1.902124041040462177e-02
1.646638627071944083e-01
1.537464743245951504e-01
1.619602603831591936e-01
1.517424237711232637e-01
5.750388461264764606e-02
7.446348351574322288e-02
8.405561790762601515e-02
5.688485442999979824e-02
7.135269162616403316e-02
4.304411391072589244e-02
6.845263119003212882e-02
8.326960514220527187e-02
1.520001580752005643e-01
1.440351498098834115e-01
1.516200538458211122e-01
1.426374577736401472e-01
1.433791209377908993e-01
1.522120582395900534e-01
1.289249412306329723e-01
1.236408064233436715e-01
1.435521716935236058e-01
1.492168302341783659e-01
1.361219145207641645e-01
1.325216723587923362e-01
1.042714482961010214e-01
1.183582195243469415e-01
1.835574282742388486e-01
1.777737586904763467e-01
1.125517676299867820e-01
1.263183492966170329e-01
1.725187795939125690e-01
1.661506887281256895e-01
1.216597528729982808e-01
1.793911275514847858e-01
1.345163181084411963e-01
1.672036281166409677e-01
6.276363826533415402e-02
8.241235431095636499e-02
7.820884890594934080e-02
7.701472548051456479e-02
1.142939433730834897e-01
1.087636018821496880e-01
8.540131570340998846e-02
8.144013375023623214e-02
1.266972088898571658e-01
1.201430882279469758e-01
1.487236765453075205e-01
1.513481956806613238e-01
9.745839004022664731e-02
9.113407838417672546e-02
9.127454969603726598e-02
8.807103873311672437e-02
1.322555689583268523e-01
1.520123083431049738e-01
1.228621702903416879e-01
1.120278071501051437e-01
1.613209042990136621e-01
1.730049694441002928e-01
1.223335214929391068e-01
1.048367517935646781e-01
1.595803952927909719e-01
1.729074179190489835e-01
1.145099925507717525e-01
9.734329521207700509e-02
1.385868608019471815e-01
1.534416324726967096e-01
1.176884352543977191e-01
1.109946898068611826e-01
