0.000000000000000000e+00
0.000000000000000000e+00
0.000000000000000000e+00
0.000000000000000000e+00
0.000000000000000000e+00
0.000000000000000000e+00
0.000000000000000000e+00
0.000000000000000000e+00
0.000000000000000000e+00
0.000000000000000000e+00
0.000000000000000000e+00
0.000000000000000000e+00
0.000000000000000000e+00
0.000000000000000000e+00
0.000000000000000000e+00
0.000000000000000000e+00
0.000000000000000000e+00
0.000000000000000000e+00
0.000000000000000000e+00
0.000000000000000000e+00
0.000000000000000000e+00
0.000000000000000000e+00
0.000000000000000000e+00
0.000000000000000000e+00
0.000000000000000000e+00
0.000000000000000000e+00
0.000000000000000000e+00
0.000000000000000000e+00
0.000000000000000000e+00
0.000000000000000000e+00
0.000000000000000000e+00
0.000000000000000000e+00
0.000000000000000000e+00
0.000000000000000000e+00
0.000000000000000000e+00
0.000000000000000000e+00
0.000000000000000000e+00
0.000000000000000000e+00
0.000000000000000000e+00
0.000000000000000000e+00
0.000000000000000000e+00
0.000000000000000000e+00
0.000000000000000000e+00
0.000000000000000000e+00
0.000000000000000000e+00
0.000000000000000000e+00
0.000000000000000000e+00
0.000000000000000000e+00
0.000000000000000000e+00
0.000000000000000000e+00
0.000000000000000000e+00
0.000000000000000000e+00
0.000000000000000000e+00
0.000000000000000000e+00
0.000000000000000000e+00
0.000000000000000000e+00
0.000000000000000000e+00
0.000000000000000000e+00
0.000000000000000000e+00
0.000000000000000000e+00
0.000000000000000000e+00
0.000000000000000000e+00
0.000000000000000000e+00
0.000000000000000000e+00
0.000000000000000000e+00
0.000000000000000000e+00
0.000000000000000000e+00
0.000000000000000000e+00
0.000000000000000000e+00
0.000000000000000000e+00
0.000000000000000000e+00
0.000000000000000000e+00
0.000000000000000000e+00
0.000000000000000000e+00
0.000000000000000000e+00
0.000000000000000000e+00
1.220745666661901957e-01
9.004248514920849822e-02
9.356254665450883246e-02
9.315385648527244045e-02
1.007434503640802503e-01
1.010405461645447617e-01
9.067927927050219161e-02
9.069225351839858840e-02
1.079459611267915564e-01
5.406581600928776765e-02
3.884761143958603141e-02
4.617973053380765303e-02
5.819395419858466867e-02
1.117420702135161620e-01
1.213495462802440250e-01
1.148395461364302567e-01
1.053753635073652745e-01
7.040278788172514568e-02
6.993713815149327218e-02
6.910365553675149042e-02
6.270457666995345181e-02
7.430600902765834015e-02
7.460196843453530124e-02
6.850578003603448318e-02
7.311056950905332752e-02
1.102105912783666181e-01
1.033289216523821802e-01
1.140072240133565562e-01
1.164989348161310639e-01
5.276153329471018616e-02
5.982366649090865851e-02
6.171925014240371710e-02
5.064036869360687143e-02
5.039314675875572469e-02
5.103406385940949946e-02
5.963590341913594522e-02
4.545549903147257098e-02
4.332955905841372191e-02
4.801860923368506118e-02
4.456667290416822108e-02
4.075513438719538528e-02
1.028064129095311863e-01
9.169438590501446940e-02
9.086521757477303285e-02
1.000768697424459092e-01
1.153882824526816786e-01
1.178199035622512214e-01
1.212786857938947666e-01
1.212986942749161162e-01
1.750427934289535206e-02
1.696386733900312471e-02
-3.303818447805345355e-03
1.469564824958322080e-02
5.428105240910773011e-02
4.158084386328144560e-02
3.067294221640201948e-02
8.872626363905183541e-03
5.624464001254984857e-02
7.695397445943813475e-02
7.085807509043497154e-02
7.193668050187100593e-02
6.558290257303764359e-02
6.990467603024878851e-02
8.337691911628415664e-02
7.981826299362461408e-02
9.230084733576959799e-02
8.570895682636127388e-02
9.527645879324750378e-02
9.236600014173856898e-02
1.104518569499835096e-01
1.123160229476616451e-01
1.098485354670710595e-01
1.005083263013046568e-01
3.962596492317161517e-02
3.768491062378201417e-02
9.313806515670867980e-03
3.150474752010738733e-02
2.875941041009334384e-02
3.127413704138399392e-02
1.662759582277515205e-02
2.103215162446996425e-02
9.376974154743250925e-03
2.261088239662989441e-02
4.332683335094474064e-02
4.597609930393719430e-02
1.061914998394063586e-01
1.139724388393326959e-01
1.087366165287917547e-01
1.108887896106429266e-01
3.841799187547303984e-02
4.706935356037011270e-02
3.229838570651443613e-02
3.314335606069249845e-02
8.332115723282344788e-02
7.294207346743460108e-02
8.249555666043278945e-02
8.994435572838498094e-02
8.147435588886693669e-02
7.104462892883248171e-02
9.300556729175935011e-02
9.615376145489459847e-02
1.135454754620165568e-01
1.163510915752926922e-01
1.219270082824561591e-01
1.206235966038904511e-01
7.880251765982740353e-02
6.473713227593778929e-02
5.126189492800369008e-02
7.998149659531646194e-02
8.789475891900885851e-02
9.617369544856575747e-02
9.436790910048860337e-02
7.977652601643353547e-02
1.657075857662827084e-02
4.620255867184369647e-02
1.483147356976541147e-02
3.142856644118608572e-02
1.202455620747101134e-01
1.180757502371575923e-01
1.113311465380031756e-01
1.156209841445777209e-01
1.956582415112215201e-02
3.216332822931140464e-03
3.761673644387837634e-02
4.074285679041689950e-02
7.296867529050066192e-02
6.832954110266403758e-02
7.560066657329077289e-02
6.787950998908019729e-02
5.448301141862630509e-02
4.369743284212150580e-02
6.098820018442235175e-02
4.373997888503335096e-02
1.090808781881904971e-01
1.062304341462231710e-01
1.045000692050895574e-01
1.028271952861918165e-01
1.080371919390270691e-01
-1.665110636919925682e-03
1.886241087183940929e-02
3.392523165919703737e-02
2.750109059756189467e-02
2.584554681184638575e-02
1.491986161871664343e-02
3.072761550418010718e-02
2.568041626116794596e-02
1.577990813051208946e-02
2.293047358500278909e-02
2.971438569928162854e-02
3.966390432036150972e-03
1.030021696077541710e-01
8.935558547613800529e-02
1.010850232623959899e-01
9.104315564769115132e-02
1.031019866968703041e-01
1.041541692709965633e-01
1.006270198634741653e-01
3.317891180696903169e-02
1.833425245088353417e-02
2.952988227393167978e-02
2.463007031912138253e-02
-2.292477660628062033e-03
1.426261748895063172e-02
1.319284199979830693e-02
-3.536313120086418803e-03
2.504310071878495733e-02
2.730704343808432882e-02
1.150340718963510644e-02
2.440622376275483618e-02
3.039716876366090059e-02
2.199159402513796435e-02
1.025863364433122517e-02
-1.563749544170229188e-03
5.469376763820642251e-02
4.209268948127045662e-02
6.176409921040500184e-02
5.549995263719775113e-02
8.218945713455530488e-02
8.319516960974605857e-02
6.997205076629432752e-02
7.780775800976116874e-02
9.681002028305474294e-02
1.031499986167644795e-01
9.928738096526386336e-02
5.088439889401518562e-02
6.923066035684202757e-02
6.814361727328871465e-02
7.332070761330901354e-02
1.039900677869625145e-01
1.111395677368839929e-01
1.049232493721099641e-01
1.061465096539115222e-01
1.189473771367033778e-01
5.269329279044818876e-02
5.362195573629770923e-02
6.298467597452535316e-02
7.091653260314320639e-02
1.142373168897539426e-01
1.136232163354874425e-01
1.202140093784870162e-01
1.192672085213042354e-01
3.615182478437624358e-02
3.059654369590174283e-02
3.958079633235174477e-02
4.122930352857504671e-02
8.529333135283524714e-02
9.161922125360330571e-02
7.566917758772832847e-02
8.189209425085619554e-02
9.108912605277531827e-02
8.202950447458973171e-02
7.590423032182784524e-02
8.812824598897607553e-02
5.280420726604664189e-02
4.962994391848548487e-02
4.390702898457362474e-02
5.537251711490996653e-02
2.447174488108122548e-02
1.212163242848340004e-02
3.926162046467392142e-02
3.582786748339152755e-02
1.130314069608153310e-01
1.141781562455819465e-01
1.192459107163901938e-01
1.116602759386689098e-01
4.548548483525127750e-02
5.026446583577205002e-02
5.065097422070158339e-02
3.969661842937192292e-02
1.226240837619078927e-01
1.172787855780916683e-01
1.196106791066159220e-01
1.179853997433870649e-01
2.288219793211795569e-02
2.979455280840615991e-02
-1.347415369177256024e-02
5.017993147230035561e-03
5.965738998904435153e-02
6.265729542810706543e-02
5.195317270959937811e-02
6.350909284686016842e-02
3.942495143839514632e-02
4.288231575383522065e-02
2.757704506022322019e-02
1.512092723290681985e-02
6.917691152406055255e-02
8.373275903182712809e-02
8.670772177553455473e-02
9.223783688229839073e-02
8.667975516993225993e-02
7.057431434917516011e-02
8.821250695917537410e-02
8.414258378562478047e-02
1.115715942297417079e-01
1.012057515479202752e-01
9.917813140173659114e-02
1.160268564191836715e-01
4.405714593258876904e-02
3.242156483360478236e-02
4.246366579687951143e-02
3.312518154036740714e-02
3.611511558602608502e-02
3.161753731699684655e-02
1.541129954005469004e-02
2.786817741245302751e-02
1.050292394028186777e-01
9.923541710103959967e-02
1.080244104886143031e-01
1.047774659153046517e-01
1.014008446363484500e-01
9.327488529361022129e-02
8.928657043614135480e-02
7.188813092765089507e-02
9.947470146642050856e-03
7.079714395064399569e-03
1.264142452172181685e-02
2.351218513548732764e-02
4.387704825471130249e-02
1.798161925916397924e-02
3.929922759068110033e-02
2.714315602571162195e-02
5.225480284920121232e-02
5.126562105714796425e-02
3.278064425914321844e-02
5.664863832688429163e-02
6.576731388806839051e-02
4.110881546765456085e-02
6.510061825599718077e-02
6.102984106689668398e-02
9.324967813730797306e-02
8.881447485550651721e-02
8.468114527392744950e-02
8.208983104291385502e-02
1.073783442558693367e-02
4.536434655783636374e-03
2.299306788509248786e-02
2.207250467443737374e-02
1.375035711108292188e-02
1.707936800985706757e-02
2.259052137946912855e-02
2.118614889333473097e-02
1.068096191401805423e-01
1.029769995181010617e-01
9.939247126158219647e-02
8.621308574009785286e-02
5.313775932577947253e-02
6.233821585983322783e-02
6.979328012595940878e-02
6.375017920950341865e-02
9.492203746901409223e-02
1.031303592927035051e-01
9.909308899263193082e-02
1.114602082471175537e-01
1.147848482293103017e-01
1.099968688665973610e-01
1.224884381818937829e-01
1.115222712140983979e-01
1.170568414606120572e-01
1.055920230791580622e-01
1.148676666410616831e-01
1.164334516916872564e-01
8.688353862014096263e-02
7.795629424277694675e-02
8.850031524477637579e-02
8.417635089580031982e-02
1.936672221748934192e-02
2.288263759258318125e-02
1.682692049470420337e-02
2.596362836129453497e-02
1.048279965711692956e-02
2.581817719908683501e-02
6.275328385430173394e-04
2.248828721687613427e-02
1.093376951915732698e-01
1.228600494008980221e-01
1.182770455143784122e-01
3.484690466829572925e-02
2.310967093713717224e-02
3.351514183162729310e-02
3.557937611813872386e-02
7.359274149699727985e-02
8.584079374889859448e-02
8.690013092404658135e-02
9.109398301181843849e-02
1.001683678201649857e-01
1.028313358050357423e-01
9.488489136276576086e-02
1.090608722955588999e-01
8.416358831086623304e-02
1.128348320016742817e-01
6.578428746028895657e-02
4.925560126519030330e-02
4.626408842356787010e-02
5.766738869246589710e-02
1.160350019013727946e-01
1.209179020709538199e-01
1.112896702653014686e-01
1.191252357766067749e-01
3.334074283379347831e-02
2.113369165460999427e-02
5.016502176795552964e-02
6.414938489793298171e-02
4.622231432495434167e-02
5.652192452390267935e-02
5.597364433610782508e-02
4.581045950507071224e-02
8.652993813777581922e-02
7.672911150559499904e-02
7.660018403661719710e-02
-3.235673828531029483e-03
6.182236374874663454e-04
-1.096847893919941815e-02
1.253156409692131844e-02
3.618674240859512392e-02
1.240747571592498363e-02
1.201822716842573108e-02
1.269199810136692995e-02
9.198135736784311678e-02
1.226947402502179957e-01
1.173062529834537904e-01
1.174013435189581733e-01
1.114448302920102718e-01
1.210439956459161692e-01
1.142849392024606892e-01
1.212539859373490403e-01
8.812771377817410490e-02
7.849145257313128177e-02
8.158425765454099809e-02
8.801273722230984475e-02
1.023816506589479841e-01
1.038059558583471625e-01
9.193448267867478096e-02
9.158902756505950260e-02
1.088684258349759820e-01
1.059460401588577377e-01
9.219109976746044099e-02
1.016280248044462153e-01
9.188307951808766250e-02
1.165662540099220018e-01
8.857431287617557880e-02
9.708439219340922466e-02
1.023248652529782643e-01
9.939948006843934980e-02
8.735029216370417127e-02
9.248622660250019334e-02
1.038083124850410627e-01
7.947754896221197185e-02
7.190529233457085279e-02
8.474822276278359823e-02
8.895174156871600568e-02
6.696732791721529687e-02
6.506578149514352649e-02
9.045811260053233938e-02
9.612444068343807546e-02
9.696780614515006225e-02
9.961340563066210796e-02
9.062033358387305837e-02
9.535153473213596464e-02
3.615649878400762490e-02
3.835125961977103870e-02
2.880223185637703631e-02
1.331500566021100868e-02
1.145156144893664657e-01
3.101117419787990416e-03
3.659357098194712579e-03
6.697380515165073968e-03
5.215399752508348072e-03
1.149929892174481466e-01
6.694640107454476186e-02
7.236325213379506127e-02
7.056138224966394812e-02
6.882410796158615340e-02
7.983757481871162076e-02
5.749825224797170536e-02
5.884078610364054662e-02
6.905436224930885936e-02
7.117791675642314020e-02
6.199539026322379437e-02
5.226238150030932533e-02
6.045770486244689962e-02
8.648876729836895566e-03
1.552579093435541360e-02
5.396281001683617129e-02
3.783994677886286240e-02
