0.000000000000000000e+00
1.000000000000000000e+00
1.000000000000000000e+00
0.000000000000000000e+00
9.499999999999999556e-01
7.500000000000000000e-01
5.500000000000000444e-01
7.500000000000000000e-01
4.500000000000000111e-01
2.500000000000000000e-01
5.000000000000000278e-02
2.500000000000000000e-01
2.564102564097699849e-02
5.128205128194800178e-02
7.692307692292700561e-02
1.025641025639100062e-01
1.282051282048899954e-01
1.538461538458499867e-01
1.794871794868000137e-01
2.051282051277500129e-01
2.307692307687000122e-01
2.564102564096499837e-01
2.820512820505999829e-01
3.076923076915499822e-01
3.333333333324999814e-01
3.589743589734499807e-01
3.846153846143999799e-01
4.102564102553600267e-01
4.358974358963100260e-01
4.615384615372600252e-01
4.871794871782100245e-01
5.128205128192300233e-01
5.384615384603199661e-01
5.641025641014200120e-01
5.897435897425099549e-01
6.153846153836000088e-01
6.410256410247000547e-01
6.666666666657899976e-01
6.923076923068800514e-01
7.179487179479799863e-01
7.435897435890700402e-01
7.692307692301599831e-01
7.948717948712500370e-01
8.205128205123499718e-01
8.461538461534400257e-01
8.717948717945299686e-01
8.974358974356300145e-01
9.230769230767199574e-01
9.487179487178100112e-01
9.743589743589099461e-01
1.000000000000000000e+00
1.000000000000000000e+00
1.000000000000000000e+00
1.000000000000000000e+00
1.000000000000000000e+00
1.000000000000000000e+00
1.000000000000000000e+00
1.000000000000000000e+00
1.000000000000000000e+00
1.000000000000000000e+00
1.000000000000000000e+00
1.000000000000000000e+00
1.000000000000000000e+00
1.000000000000000000e+00
1.000000000000000000e+00
1.000000000000000000e+00
1.000000000000000000e+00
1.000000000000000000e+00
1.000000000000000000e+00
1.000000000000000000e+00
1.000000000000000000e+00
1.000000000000000000e+00
1.000000000000000000e+00
1.000000000000000000e+00
1.000000000000000000e+00
1.000000000000000000e+00
1.000000000000000000e+00
1.000000000000000000e+00
1.000000000000000000e+00
1.000000000000000000e+00
1.000000000000000000e+00
1.000000000000000000e+00
1.000000000000000000e+00
1.000000000000000000e+00
1.000000000000000000e+00
1.000000000000000000e+00
1.000000000000000000e+00
1.000000000000000000e+00
9.743589743588699781e-01
9.487179487177399562e-01
9.230769230766000533e-01
8.974358974354700313e-01
8.717948717943899695e-01
8.461538461535299538e-01
8.205128205126800411e-01
7.948717948718300175e-01
7.692307692309799938e-01
7.435897435901299701e-01
7.179487179492900495e-01
6.923076923084400258e-01
6.666666666675900021e-01
6.410256410267399785e-01
6.153846153858999468e-01
5.897435897450500342e-01
5.641025641042000105e-01
5.384615384633499868e-01
5.128205128224999632e-01
4.871794871815099959e-01
4.615384615403799740e-01
4.358974358992500076e-01
4.102564102581199856e-01
3.846153846169800272e-01
3.589743589758500053e-01
3.333333333347199834e-01
3.076923076935900170e-01
2.820512820524599951e-01
2.564102564113199811e-01
2.307692307701899870e-01
2.051282051290599928e-01
1.794871794879299987e-01
1.538461538467900125e-01
1.282051282056599906e-01
1.025641025645299964e-01
7.692307692339700465e-02
5.128205128226499820e-02
2.564102564113199950e-02
0.000000000000000000e+00
0.000000000000000000e+00
0.000000000000000000e+00
0.000000000000000000e+00
0.000000000000000000e+00
0.000000000000000000e+00
0.000000000000000000e+00
0.000000000000000000e+00
0.000000000000000000e+00
0.000000000000000000e+00
0.000000000000000000e+00
0.000000000000000000e+00
0.000000000000000000e+00
0.000000000000000000e+00
0.000000000000000000e+00
0.000000000000000000e+00
0.000000000000000000e+00
0.000000000000000000e+00
0.000000000000000000e+00
0.000000000000000000e+00
0.000000000000000000e+00
0.000000000000000000e+00
0.000000000000000000e+00
0.000000000000000000e+00
0.000000000000000000e+00
0.000000000000000000e+00
0.000000000000000000e+00
0.000000000000000000e+00
0.000000000000000000e+00
0.000000000000000000e+00
0.000000000000000000e+00
0.000000000000000000e+00
0.000000000000000000e+00
0.000000000000000000e+00
0.000000000000000000e+00
0.000000000000000000e+00
0.000000000000000000e+00
0.000000000000000000e+00
9.482889722747800398e-01
9.431851652578500111e-01
9.347759065023399927e-01
9.232050807570499895e-01
9.086706680584799578e-01
8.914213562375999933e-01
8.717522858020000376e-01
8.500000000002100320e-01
8.265366864731999996e-01
8.017638090206700152e-01
7.761052384440699781e-01
7.238947615560999971e-01
6.982361909796399591e-01
6.734633135271800297e-01
6.500000000002900125e-01
6.282477141985599589e-01
6.085786437629799872e-01
5.913293319419500316e-01
5.767949192432300087e-01
5.652240934978199904e-01
5.568148347422300359e-01
5.517110277252500472e-01
5.517110277252299522e-01
5.568148347421599809e-01
5.652240934976699993e-01
5.767949192429400185e-01
5.913293319415300342e-01
6.085786437624399747e-01
6.282477141980300495e-01
6.499999999997999600e-01
6.734633135268000004e-01
6.982361909793299848e-01
7.238947615559300219e-01
7.761052384439000029e-01
8.017638090203900170e-01
8.265366864728600493e-01
8.499999999998000266e-01
8.717522858014900011e-01
8.914213562370599808e-01
9.086706680580900475e-01
9.232050807567599993e-01
9.347759065021800096e-01
9.431851652577699641e-01
9.482889722747599448e-01
4.482889722747799843e-01
4.431851652578400191e-01
4.347759065023200087e-01
4.232050807569999740e-01
4.086706680584499818e-01
3.914213562375600253e-01
3.717522858019500220e-01
3.500000000002200240e-01
3.265366864731999996e-01
3.017638090206499757e-01
2.761052384440200180e-01
2.238947615560900051e-01
1.982361909796200028e-01
1.734633135271700100e-01
1.500000000002600087e-01
1.282477141985400027e-01
1.085786437629600032e-01
9.132933194191800164e-02
7.679491924322599805e-02
6.522409349781599364e-02
5.681483474223299884e-02
5.171102772524600183e-02
5.171102772523299834e-02
5.681483474216299928e-02
6.522409349768799880e-02
7.679491924300599348e-02
9.132933194158500412e-02
1.085786437624400025e-01
1.282477141980500057e-01
1.499999999997999878e-01
1.734633135268300042e-01
1.982361909794000121e-01
2.238947615559599980e-01
2.761052384439700025e-01
3.017638090204299850e-01
3.265366864728900254e-01
3.499999999998200106e-01
3.717522858015300247e-01
3.914213562370699728e-01
4.086706680580999840e-01
4.232050807567699913e-01
4.347759065021800096e-01
4.431851652577700196e-01
4.482889722747600003e-01
5.006751336900999716e-01
4.993248663105699925e-01
6.505939842764999481e-01
3.494060157236900110e-01
6.505939842744999924e-01
3.494060157260299726e-01
1.554734372263699982e-01
8.445265627737400527e-01
8.445265627736300296e-01
1.554734372262600028e-01
5.034464040311800170e-01
4.965535959689200141e-01
2.519690162375399778e-01
7.480309837637799664e-01
7.480309837627500125e-01
2.519690162363000252e-01
5.613370363118199702e-01
4.386629636886700268e-01
5.588552511116600119e-01
4.411447488888299850e-01
4.090347320000000120e-01
5.909652680006299841e-01
4.063051517479500108e-01
5.936948482524699866e-01
1.019775026777400007e-01
8.980224973222900031e-01
8.980224973221300200e-01
1.019775026779100036e-01
7.361246560618199819e-01
2.638753439383300092e-01
7.361246560599700173e-01
2.638753439405400192e-01
9.097020122236300077e-01
9.097020122236599837e-01
9.029798777630999862e-02
9.029798777633199491e-02
6.731252321626199908e-01
3.268747678375399923e-01
6.731252321613000467e-01
3.268747678390199751e-01
8.232972603195199968e-01
1.767027396805599948e-01
8.232972603186800020e-01
1.767027396815399887e-01
1.856106800585000105e-01
8.143893199418800188e-01
8.143893199432700181e-01
1.856106800568400050e-01
9.260696769936399564e-01
7.393032300606999785e-02
9.260696769942400319e-01
7.393032300561999670e-02
3.300755025389199848e-01
6.699244974617000192e-01
3.300755025363000250e-01
6.699244974639799732e-01
5.007566299645399566e-01
4.992433700354499959e-01
5.019205192749099931e-01
4.980794807257800105e-01
5.878273218818700352e-01
4.125170374232999815e-01
4.121726781183600030e-01
5.873882003572400423e-01
7.148988545128899530e-02
9.285101145487200114e-01
7.148988545122400562e-02
9.285101145487499874e-01
5.686665468182799943e-01
4.313334531818699968e-01
5.676372339537200107e-01
4.323627660464500200e-01
6.099242789076100291e-01
6.099242789056800174e-01
3.900757210927299767e-01
3.900757210947299880e-01
5.300012342012000444e-01
4.699987657990200018e-01
5.028020711906100448e-01
4.971979288099199756e-01
2.129445824786100061e-01
7.870554175214899972e-01
7.870554175217899795e-01
2.129445824782399965e-01
5.323052740936500271e-01
4.676947259067499862e-01
7.080042694782600066e-01
2.919957305218899846e-01
7.080042694765400491e-01
2.919957305239200274e-01
7.278848773716599663e-01
2.721151226295300263e-01
7.278848773707300435e-01
2.721151226284200253e-01
4.995764693511199894e-01
5.000000000000099920e-01
6.117364096603999934e-01
3.882635903400200039e-01
6.117364096580300004e-01
3.882635903424400126e-01
5.509026912960900413e-01
4.490973087045200263e-01
5.509639967218999956e-01
4.490360032787700240e-01
1.465333176871800036e-01
8.534666823129599678e-01
8.534666823133699731e-01
1.465333176866699949e-01
1.277749210863100005e-01
8.722250789138199512e-01
8.722250789142399485e-01
1.277749210856599926e-01
9.482067993845000320e-01
5.179320061546500292e-02
9.482067993844800480e-01
5.179320061552199900e-02
4.585494319844499733e-01
5.414505680155600187e-01
5.438544967395100294e-01
4.561455032604900262e-01
9.491612948733200161e-01
5.083870512656799706e-02
9.491612948734700073e-01
5.083870512649499990e-02
6.355224894350399722e-01
3.644775105652400260e-01
3.645066017280200188e-01
6.354933982725899932e-01
7.778442349813999845e-01
2.221557650186800070e-01
7.778442349805000378e-01
2.221557650197500122e-01
7.645766316616400271e-01
2.354233683384799880e-01
7.645766316601899648e-01
2.354233683402099930e-01
3.712007385215300159e-01
6.287992614791100277e-01
6.287947865015499627e-01
3.712052134987999796e-01
1.414179451619000105e-01
8.585820548382300244e-01
8.585820548386200457e-01
1.414179451614200056e-01
4.975917520099600033e-02
9.502408247989999612e-01
9.502408247989999612e-01
4.975917520097999924e-02
5.149782869585799866e-02
5.149782869576700201e-02
9.485021713042199876e-01
9.485021713041500435e-01
4.514087429971500032e-01
5.484964947834100046e-01
4.510667235967800170e-01
5.489332764036599643e-01
1.354860209405600036e-01
8.645139790594299489e-01
8.645139790597500262e-01
1.354860209402400095e-01
5.030492372375100496e-01
2.823007038647700195e-01
7.176992961357200329e-01
7.176992961375200375e-01
2.823007038626599852e-01
4.610772005584800048e-01
5.388280372221500025e-01
3.114693324613599934e-01
6.885306675391400510e-01
6.885306675410199917e-01
3.114693324591599755e-01
5.395302428511500326e-01
4.604697571492000208e-01
9.534979805872699776e-01
4.650201941253399862e-02
9.534979805874199688e-01
4.650201941251799753e-02
2.082892977014300095e-01
7.917107022987800447e-01
7.917107022995300003e-01
2.082892977005399993e-01
1.169655437165700029e-01
8.830344562835199529e-01
1.169655437161500056e-01
8.830344562838600142e-01
6.474541608892799838e-01
3.525458391110199985e-01
6.474541608875700183e-01
3.526997768392299837e-01
7.052807553482599578e-01
2.947192446518400177e-01
7.052807553470300528e-01
2.947192446533000165e-01
1.152854209249900008e-01
1.152854209244500022e-01
8.847145790754600281e-01
8.847145790748499605e-01
8.150198778074899675e-01
1.849801221925100048e-01
8.150198778075899986e-01
1.849801221924000094e-01
8.285563281634199528e-01
1.714436718364500123e-01
8.285563281628000043e-01
1.714436718374199864e-01
6.532524120569700443e-01
3.467475879434600006e-01
6.532524120589500161e-01
3.467475879413500217e-01
9.075962805995100302e-01
9.240371940057899580e-02
9.240371940017300112e-02
9.075962805996899974e-01
1.015613828296700050e-01
8.984386171704800139e-01
8.984386171710200264e-01
1.015613828290300030e-01
2.202842178907299941e-01
7.797157821096299957e-01
7.797157821109199638e-01
2.202842178891900038e-01
6.892067456384299851e-01
6.892067456372099610e-01
3.107932543630599898e-01
3.107932543617399901e-01
6.059803719153999957e-01
3.940196280847300114e-01
6.061139264041800478e-01
3.938860735960699744e-01
1.989892520056799896e-01
8.010107479946999565e-01
8.010107479960599797e-01
1.989892520040399959e-01
4.043872876760400137e-02
9.595612712324199656e-01
9.595612712325599647e-01
4.043872876741499978e-02
6.746904896322599710e-01
3.253095103680099798e-01
6.746904896300299770e-01
3.253095103705799795e-01
9.609785698028699974e-01
3.902143019698599974e-02
9.609785698031000356e-01
3.902143019681800218e-02
5.263740491532700183e-01
4.732626377629500225e-01
4.733168279376099852e-01
5.271656103477300181e-01
4.797887173929000215e-01
5.202112826076199514e-01
3.765482028057200170e-02
9.623451797195300417e-01
9.623451797194499946e-01
3.765482028055899821e-02
4.741734129169800083e-01
5.258265870835500122e-01
4.948402723538499748e-01
5.051597276461099462e-01
4.366309860109199859e-01
5.633690139894900195e-01
4.667726082538100063e-01
5.332273917464099844e-01
4.153581628229400247e-01
5.846418371776199718e-01
4.153581628204000009e-01
5.846418371800700120e-01
5.196842884607200119e-01
4.803157115399599997e-01
5.339832017008500076e-01
4.660167982992199920e-01
4.792708424412799872e-01
5.207291575594099609e-01
2.507680366095200175e-01
7.492319633907600362e-01
7.492319633917600141e-01
2.507680366083199774e-01
4.958081097712899732e-01
5.041918902289199700e-01
5.659307606644400357e-01
4.340692393360000012e-01
4.989381247432300159e-01
5.010618752570800138e-01
3.715986062435099879e-01
6.284013937571599762e-01
6.319147243680900417e-01
3.680852756322600117e-01
3.529188396798799837e-02
9.647081160319900262e-01
9.647081160319099791e-01
3.529188396810700040e-02
4.214007725553299832e-01
5.785992274447300243e-01
5.785590484519099741e-01
4.214409515481600255e-01
1.710327824061599888e-01
8.289672175939399867e-01
8.289672175943999521e-01
1.710327824056299961e-01
5.802418666235900080e-01
4.197581333768199974e-01
4.198888010117799996e-01
5.801111989887299814e-01
6.165473430743599881e-01
3.834526569258699946e-01
3.834854530523599814e-01
6.165055219748399873e-01
5.162581357368699608e-01
8.128165570320899924e-02
9.187183442968199776e-01
8.128165570300699416e-02
9.187183442969699687e-01
9.126386627936500240e-01
9.126386627938299911e-01
8.736133720626200472e-02
8.736133720611899411e-02
5.862729688308300213e-01
4.137270311696200076e-01
4.138028212321400168e-01
5.861971787684300272e-01
8.766861977855799903e-02
9.123313802214100265e-01
9.123313802213099954e-01
8.766861977866099997e-02
4.217755513132199763e-01
5.782244486872899492e-01
4.218456263541400242e-01
5.781543736463500283e-01
7.056667658945899868e-01
2.943332341055600043e-01
7.056667658926899511e-01
2.943332341078199743e-01
6.388413240481499722e-01
3.611586759520900025e-01
6.388413240465200538e-01
3.611606307186199794e-01
3.163651813690899761e-01
6.836348186310899910e-01
6.836348186292100504e-01
3.163651813712800021e-01
2.232660941264699994e-01
7.767339058737700030e-01
7.767339058746199898e-01
2.230551988232599980e-01
7.534998924080299476e-01
2.465001075920099927e-01
7.534998924070499537e-01
2.465001075932299890e-01
2.884875922891999914e-02
9.711512407710900519e-01
9.711512407711799799e-01
2.884875922881900007e-02
4.028179783818000015e-01
5.971820216184799968e-01
4.815996318346800198e-01
6.002808820645499921e-01
3.997191179359499968e-01
4.525663462085400268e-01
5.474336537914999967e-01
5.452020506509800413e-01
4.547979493489799907e-01
3.792087953738400019e-01
6.209638755155499901e-01
6.209638755175700409e-01
3.790361244827900045e-01
8.668249681433199960e-01
1.331750318566999880e-01
8.668249681434300191e-01
1.331750318565700086e-01
4.694271604363799977e-01
5.305728395637000494e-01
1.205490124408299946e-01
8.794509875593400361e-01
8.794509875601500548e-01
1.205490124398899965e-01
5.076670149668499610e-01
4.923239600604999988e-01
5.323743980806899811e-01
4.676256019194400260e-01
7.534692382850900483e-01
2.465307617161499876e-01
7.534692382841200464e-01
2.465307617149899988e-01
4.797395278591999879e-01
5.183152143565600278e-01
8.001072943496799761e-01
1.998927056502499966e-01
8.001072943489599965e-01
1.998927056512699862e-01
9.684943339066099943e-01
3.150566609337900059e-02
9.684943339065900103e-01
3.150566609340699903e-02
4.360151407587100070e-01
5.639769623901900175e-01
1.907248652877099881e-01
8.092751347123799954e-01
8.092751347126500017e-01
1.907248652873800021e-01
5.303223202161599925e-01
4.696776797843200124e-01
4.335152540765899731e-01
5.664847459238999683e-01
8.785061692636400021e-01
1.214938307363299941e-01
8.785061692635299790e-01
1.214938307364499953e-01
7.165116514452900542e-01
2.834883485548599924e-01
7.165116514436099537e-01
2.834883485568400197e-01
1.749383871922499945e-01
8.250616128079599765e-01
8.250616128087400192e-01
1.749383871913300081e-01
7.351113401694199523e-02
9.264888659830400330e-01
9.264888659830500250e-01
7.351113401695599792e-02
2.574858208678300064e-01
7.425141791325500229e-01
7.425141791339300301e-01
2.574858208662100245e-01
7.052903229219099623e-01
2.947096770781800212e-01
7.052903229208400404e-01
2.947096770794599974e-01
4.633071765258099939e-01
5.366837985014299983e-01
9.674263756603700415e-01
3.257362433950700131e-02
9.674263756604299935e-01
3.257362433955000164e-02
2.694140199891300116e-02
9.730585980010100222e-01
9.730585980011400293e-01
2.694140199882700051e-02
3.477298118300499730e-01
6.522701881705199600e-01
3.477303090475800107e-01
6.522696909526699560e-01
7.484577054528900319e-01
2.513665484620200008e-01
7.484577054519300221e-01
2.515422945483499761e-01
9.711482675338100057e-01
2.885173246606100028e-02
9.711482675339000448e-01
2.885173246607499950e-02
7.357787125880600465e-01
2.642212874120800081e-01
7.357787125863900490e-01
2.642212874140599799e-01
1.443001541766900098e-01
8.556998458234600369e-01
1.443001541760099982e-01
8.556998458240200334e-01
5.286661276888700023e-01
4.713338723118000173e-01
1.146187357587900024e-01
1.146187357588499961e-01
8.853812642411700295e-01
8.853812642412499656e-01
8.564779451077100259e-01
1.435220548918199890e-01
1.435220548926899875e-01
8.564779451075199557e-01
6.760184834018499733e-02
9.323981516595699626e-01
9.323981516595100105e-01
6.760184834051199965e-02
2.677956823072600093e-02
9.732204317692899620e-01
9.732204317693200490e-01
2.677956823067000058e-02
6.005709770818600246e-01
3.994290229185700203e-01
3.994231833339400017e-01
6.005768166665199637e-01
5.282796628397400385e-01
4.716823374295299742e-01
5.263406803817100021e-01
4.736593196189299859e-01
3.038603707752600067e-02
9.696139629225100087e-01
3.038603707747599900e-02
9.696139629225200007e-01
9.381146274688499931e-01
9.381146274688499931e-01
6.188537253113599729e-02
6.188537253115500292e-02
7.145821669020999689e-01
2.854178330980099987e-01
7.145821669009799759e-01
2.854178330993000223e-01
4.708325954425999771e-01
5.291674045579499719e-01
5.227976803730699507e-01
4.772023196273300072e-01
4.719481799499999908e-01
1.496118565106200060e-01
8.503881434894999813e-01
8.503881434900200098e-01
1.496118565100000020e-01
1.734112249300500119e-01
8.265887750702299863e-01
8.265887750711899962e-01
1.733979118975300104e-01
5.273202823516800475e-01
2.987817602392899841e-01
7.012182397611600448e-01
2.987817602373700199e-01
7.012182397628300423e-01
4.425243075147000105e-01
5.573322443170000140e-01
9.744142641554499606e-01
2.558573584458799857e-02
9.744142641554199846e-01
2.558573584458600017e-02
5.630497908527200279e-02
9.436950209145199553e-01
9.436950209148700086e-01
5.630497908502699739e-02
5.477783758622399857e-01
4.522216241383499868e-01
5.478323585328499501e-01
4.521676414678200140e-01
3.507840274617199938e-01
6.492159725385000524e-01
3.471580592518599961e-01
6.528419407483000425e-01
1.590671965659599951e-01
8.409328034341799762e-01
8.409328034346299496e-01
1.590657173397100055e-01
8.425406572282699846e-01
1.574593427717400074e-01
8.425406572282400086e-01
1.574593427717899952e-01
6.869464740967700100e-01
3.130535259037099949e-01
3.130535259014899929e-01
6.869464740987299978e-01
8.058901919638300493e-01
1.941098080362400058e-01
8.058901919629599675e-01
1.941098080372800072e-01
5.318924249840100149e-01
4.680977979618999862e-01
1.097157243303899937e-01
8.902842756695700244e-01
8.902842756698200466e-01
1.097157243301500051e-01
6.372494012351199999e-02
9.362750598765100518e-01
6.372494012328300261e-02
9.362750598767199950e-01
5.160114532238899709e-01
4.839885467760799975e-01
8.975237974359400184e-01
1.024762025640199997e-01
8.975237974357800352e-01
1.024762025642400043e-01
4.415955814742800190e-01
5.584044185260199633e-01
2.730196715066899871e-01
7.269803284936600107e-01
7.269803284949200028e-01
2.730196715051799727e-01
2.331617417864099984e-01
7.668382582138399961e-01
7.668382582147600379e-01
2.331257204675500072e-01
4.708038618500700045e-01
5.290516610381500451e-01
6.130290120422500211e-01
3.869709879580199852e-01
6.129697016544599641e-01
3.870164600536800115e-01
2.557822062317800099e-02
2.557822062317900019e-02
9.744217793768400471e-01
9.744217793769199831e-01
8.862022422037999503e-01
1.137977577964500026e-01
8.862022422037000302e-01
1.137977577958100006e-01
2.915099056622099880e-02
9.708490094337699494e-01
9.709928996695500469e-01
2.900710033046999953e-02
5.216978639017999519e-01
4.783021360981499770e-01
2.693577255331899845e-02
9.730642274466300146e-01
9.730827378008100048e-01
2.691726219916500129e-02
4.369231111158199954e-01
5.630768888842200282e-01
5.659758236672000065e-01
4.340241763327700175e-01
2.130732510020199866e-01
7.869267489984399511e-01
7.869388659883600479e-01
2.130599379686400063e-01
3.452179767906100039e-01
6.547815496695099657e-01
6.547820232100199922e-01
3.452184503308100005e-01
3.666220839918000185e-01
6.333770564874100506e-01
6.333810394511999453e-01
3.666189605490999814e-01
2.222918892463900120e-01
7.777081107539499660e-01
7.777081107551899741e-01
2.222918892449100015e-01
5.706807877130099654e-02
9.429319212288700403e-01
9.429319212285199869e-01
5.706807877103600019e-02
3.214717848965299996e-01
6.785282151038599663e-01
3.214717848947499790e-01
6.785282151054200517e-01
4.995842216031899929e-01
5.003357953468700048e-01
1.080351680197200043e-01
8.919648319803199499e-01
1.080351680193600006e-01
8.919648319806400272e-01
6.526955982131800171e-01
3.473044017871400047e-01
3.436298262655400060e-01
6.563701737351399501e-01
7.844862819460099446e-02
9.215513718054100245e-01
7.844862819434900159e-02
9.215513718056600467e-01
7.754024902267500075e-01
2.245975097731499892e-01
7.754024902259200047e-01
2.245975097743500015e-01
1.398366193884300057e-01
8.601633806119000081e-01
1.398366193880599961e-01
8.601633806114900027e-01
3.133681645128100213e-01
6.866318354877399832e-01
3.137764506798699782e-01
6.862235493203699965e-01
6.064529697138899555e-01
3.935470302865199943e-01
3.917880543765300261e-01
6.082119456240699940e-01
2.737224777891000271e-01
7.262775222112100026e-01
7.262775222123399876e-01
2.737029504449500217e-01
6.036924101115399566e-01
3.963075898885500270e-01
6.037013030154300131e-01
3.962986969846900021e-01
6.686706113101299476e-01
6.686706113086300363e-01
3.313293886900799956e-01
3.314576701304299822e-01
8.410783281329899941e-01
1.589216718675399986e-01
8.410783281325400207e-01
1.589216718670299899e-01
6.836453763598999978e-02
6.836453763595300159e-02
9.316354623639999666e-01
9.316354623639599986e-01
4.466574982879000233e-01
5.533425017126499812e-01
4.417754862620800194e-01
5.582245137380400513e-01
5.579882727844599488e-01
4.420117272155900112e-01
5.232534281731899828e-01
8.842307893089199622e-01
8.842307893088200421e-01
1.157692106911200058e-01
1.157692106912600050e-01
7.887465376919600146e-01
2.112534623080599971e-01
7.887465376917800475e-01
2.112534623082799878e-01
8.005818455816100521e-01
1.993947216071099982e-01
8.005818455808000333e-01
1.994181544194200129e-01
5.795876460398100005e-02
9.420412353960300189e-01
9.420412353960799789e-01
5.795876460390599755e-02
4.749267043012300182e-01
4.437111058482199888e-01
5.562888941523600472e-01
2.286222999566899991e-02
9.771377700043200054e-01
9.771537578081399555e-01
2.284624219191299863e-02
9.804571501088500673e-02
9.019542849889999880e-01
9.804571501016100254e-02
9.019542849897700387e-01
4.329379391338000205e-01
5.670250639102299983e-01
5.677285736865600452e-01
4.322714263137499846e-01
4.846912453355299855e-01
5.153075513352399772e-01
5.842871643976600415e-01
4.157128356027899874e-01
5.840887915744199521e-01
4.159112084260599973e-01
6.228157964965100324e-02
9.377184203502400006e-01
9.377184203502699766e-01
6.228157964968100008e-02
6.329716548311400404e-01
3.670283451691099819e-01
3.670381179738900213e-01
6.329588335912400554e-01
2.404493051458999886e-01
7.595506948545299730e-01
7.595518488549599656e-01
2.404480372362899909e-01
9.224476400398600173e-01
9.224476400398999854e-01
7.755235996002800281e-02
7.755235996015300004e-02
4.998256814280199745e-01
5.001743185726700291e-01
6.696665195020899963e-01
3.303334804981399864e-01
6.696665195006199500e-01
3.303648381847200111e-01
1.706926723877300045e-01
8.293073276123800186e-01
8.293073276127299609e-01
1.706925080288899943e-01
3.165989108269600116e-01
6.834010891735800008e-01
6.834010440762600114e-01
3.165989559239300033e-01
2.704707564170100165e-01
7.295292435833200528e-01
7.295292435845599499e-01
2.704707564155500177e-01
5.191403362360700324e-01
4.808446221423000044e-01
9.764141906158799733e-01
2.358580938399200064e-02
9.764141906159200524e-01
2.358580938405600153e-02
3.686005480738199780e-01
6.313997672259999971e-01
3.686004837471700268e-01
6.313995162532100025e-01
1.974572705251899929e-01
8.025427294750799856e-01
8.025440758080699677e-01
1.974557730362800079e-01
6.157332606739099878e-01
3.842667393264300180e-01
3.725856150740999850e-01
6.274143849260499506e-01
6.286217099769599859e-01
3.713782900231800133e-01
6.292775351281300056e-01
3.707224648722000082e-01
6.292775351263000250e-01
3.707371256099299961e-01
5.011378430539300544e-01
4.988621569466599737e-01
9.468744129435199830e-02
9.053125587056799484e-01
9.468744129417000499e-02
9.053125587058099555e-01
2.094815831456000033e-01
7.905184168546000034e-01
7.905184168552900070e-01
2.094815831447799925e-01
5.411991753979400466e-01
4.588008246024999903e-01
4.756137242746499849e-01
5.243862757253600071e-01
2.270753107294900056e-02
9.772924689270700016e-01
9.772924689270999776e-01
2.270753107288999914e-02
3.879189804622900084e-01
6.120810195383400432e-01
1.290147408162899967e-01
8.709852591837899949e-01
1.290147408157900077e-01
8.709852591842299763e-01
6.399823345671199482e-01
3.600176654331799786e-01
6.399823345652499995e-01
3.596862731594500096e-01
7.910612546146200685e-02
9.208938745383999924e-01
7.910612546101800091e-02
9.208938745389100289e-01
2.473128918931500053e-01
7.526871081071200287e-01
7.526871081081000225e-01
2.472933645491799948e-01
9.178433318027300336e-01
8.215666819726599734e-02
8.215666819743600024e-02
9.178433318025800425e-01
8.709436563314700008e-02
8.709436563255600061e-02
9.129056343666399620e-01
9.129056343673299656e-01
4.867363997762200190e-02
9.513263600222799932e-01
9.513263600218599958e-01
4.867363997821400057e-02
5.849492658528799849e-01
4.150507341472099987e-01
5.848957131730100345e-01
4.151042868271699882e-01
4.593667089330100151e-01
5.412871734302899807e-01
5.581641255710999561e-01
4.418358744293400253e-01
5.866535920329299936e-01
4.133464079673799807e-01
4.861105208114600007e-01
5.138894791885499913e-01
4.016563627184400187e-01
5.983628229364199580e-01
5.983628229387299990e-01
4.016371770616800063e-01
5.446172060396800019e-01
4.553827939606899800e-01
7.046126472093600102e-01
2.953873527926800246e-01
7.046126472077599567e-01
2.953873527907699970e-01
2.020058481206999865e-02
9.797994151878599567e-01
9.797994151878800517e-01
2.020058481211100057e-02
5.426075271492899477e-01
4.573924728509899951e-01
7.061610372370400457e-01
2.938389627630599854e-01
7.061610372360600518e-01
2.938389627641900259e-01
6.024865916374300134e-01
3.974717589703399834e-01
3.975123100858800052e-01
6.025282410300499825e-01
5.487061285864700544e-01
5.497558825164799989e-01
4.507471022056599996e-01
4.508645064594999918e-01
4.394635861485799988e-01
5.605207711686499561e-01
5.906749348674700251e-01
4.093250651327000056e-01
8.164439114735699832e-01
1.835534848807700015e-01
8.164439114729900027e-01
1.835560885271499965e-01
4.814060361914500041e-01
5.185781261418199728e-01
5.081347292446900532e-01
4.918652707553999859e-01
8.332923054603700308e-01
1.667076945391600118e-01
8.332923054600900326e-01
1.667076945401599897e-01
8.631605142377299922e-01
1.368394857622899918e-01
8.631605142374200179e-01
1.368394857626399896e-01
7.605711949120900206e-01
2.394287942395600111e-01
7.605710850059299588e-01
2.394289149944799910e-01
1.526716090993600061e-01
8.473283909008499926e-01
8.473283909015000281e-01
1.526716090984399921e-01
9.096467360820800208e-01
9.035326391805000024e-02
9.035326391754100461e-02
9.096467360820199577e-01
5.714761748242299655e-01
4.285238251763099915e-01
5.718181495897900479e-01
4.281818504108200196e-01
4.258786229200899887e-01
5.741235088199000414e-01
5.741175107476800266e-01
4.258824892528100259e-01
8.245678359828300108e-01
1.754321640171800090e-01
8.245678359828400028e-01
1.754321640171699892e-01
5.226574524499000285e-01
4.772455852070600080e-01
5.023333907249599717e-01
4.976666092757299764e-01
4.958298213277600314e-02
9.504170178671500491e-01
9.504170178671900171e-01
4.958298213278999889e-02
6.559417780001199905e-01
3.440582220001099922e-01
6.559418058846000488e-01
3.440584463451200059e-01
4.888098657323899920e-01
5.111901342678699667e-01
2.049189931577700130e-01
7.950810068424599697e-01
7.950810068433700195e-01
2.049189931567099998e-01
1.269836776618699925e-01
8.730163223382300108e-01
8.730163223385499771e-01
1.269836776614700069e-01
4.545215806569800066e-01
5.454784193432400397e-01
6.612395274427700365e-01
3.387600300041799795e-01
6.612399699960399557e-01
3.387603770553500038e-01
2.644232066674699899e-01
7.355767933325300101e-01
7.355767933314399931e-01
2.644232066688799732e-01
5.243563948192200286e-01
4.756436051814399990e-01
4.986573148035099989e-01
5.208862886778500290e-01
4.791137113221999866e-01
5.110106952098999455e-01
4.889893047901500145e-01
4.774794015152900029e-01
5.225205984850700425e-01
4.754506066615200033e-01
5.245493933391900399e-01
2.743183442709200004e-01
7.256816557294499814e-01
7.256816557308100046e-01
2.743183442693499785e-01
5.460984202944400012e-01
4.539015797056499824e-01
6.132391528001199799e-01
3.867608472001299869e-01
4.439788291190099878e-01
5.560211708813299625e-01
4.856222417306100270e-01
5.143745493904700039e-01
3.036340622417200152e-01
6.963830419517900161e-01
6.963830419504499769e-01
3.036169580483200070e-01
3.231579408025599953e-01
6.768420591976700429e-01
3.227550554449000186e-01
6.772449445552599645e-01
6.526064064229499806e-01
3.473935935773400097e-01
6.526064095197100512e-01
3.474160530519200263e-01
8.473640863524799505e-01
1.526334482713599949e-01
8.473640863525699896e-01
1.526359136474300104e-01
9.822439737905199753e-01
1.775602620941900064e-02
9.822439737906399904e-01
1.775602620932400025e-02
4.144489819344600035e-01
5.855510180655899566e-01
5.858696456979900491e-01
4.141303543020000144e-01
6.164798662928799855e-01
3.835201337075400119e-01
1.227635059712500060e-01
8.772364940289300028e-01
8.772364940294999913e-01
1.227635059705600024e-01
5.133846626841299665e-01
4.866139735427900126e-01
8.292774972623000451e-01
1.707225027377400062e-01
1.707225027386800043e-01
8.292774972615299944e-01
1.718592737457199857e-02
1.718592737458200098e-02
9.828140726254399606e-01
9.828140726254900317e-01
4.809919492096800253e-01
8.901793919713399950e-01
1.098206080287700004e-01
8.901793919716799453e-01
1.098206080282499997e-01
8.044455581261099608e-01
1.955544418738900114e-01
8.044455581261800159e-01
1.955544418738099921e-01
5.273595115910300057e-01
4.726404884096099823e-01
7.866764653676000529e-01
2.133235346335499993e-01
7.866764653666999951e-01
2.132922908840199916e-01
3.045056448901100055e-01
6.954943551104100230e-01
6.954489849713599847e-01
3.045510150288099904e-01
1.974824771279999891e-01
8.025175228724700238e-01
8.024607097978000425e-01
1.975267317494600050e-01
2.327970054119199994e-01
7.672029945883199753e-01
7.672029945891699620e-01
2.324187815743500030e-01
4.144943882888699749e-01
5.855056117114999514e-01
3.787986172315500055e-01
6.212035981689399966e-01
3.787971804410800170e-01
6.212028195592500524e-01
5.001839965755500161e-01
5.172705486156300436e-01
4.827294513845100110e-01
5.047963813799699606e-01
4.952036186205299728e-01
9.126061269023300060e-01
8.739387309768900658e-02
9.126061269022299749e-01
8.739387309778699764e-02
9.507487404014900445e-01
4.925125959850899793e-02
9.507487404015000365e-01
4.925125959847499735e-02
1.863662422275999889e-02
9.813633757772799449e-01
9.810498211641099919e-01
1.895017883586100002e-02
5.491089883348400091e-01
4.508910116655600042e-01
6.489935451870799676e-01
3.510064548132399986e-01
3.525848727990499865e-01
6.474151272016099856e-01
4.136171844016999777e-01
5.863819381708299527e-01
1.544208440093199942e-02
9.845579155990500375e-01
9.845600473061000280e-01
1.543995269394700040e-02
5.316314484462599799e-01
5.183463032214300492e-01
5.246219715567600195e-02
9.475378028441799882e-01
9.475378028443099954e-01
5.246219715565000191e-02
5.405254513509100134e-01
4.594733453198400208e-01
3.950939713026300204e-01
6.049289750621800188e-01
6.049289750643099817e-01
3.950710249360799842e-01
5.107184122198900056e-01
4.892815877802200175e-01
5.135004087926700045e-01
4.864985048682000102e-01
5.236787016959300045e-01
4.763212983040600035e-01
5.455456750735999671e-01
4.545748795897299743e-01
5.318215879266200430e-01
4.681784120740299926e-01
7.857367174906200180e-01
2.142614485766999866e-01
7.857426769674800138e-01
2.142573230329500034e-01
1.893909919909199935e-01
8.106090080092099859e-01
8.106090080097300143e-01
1.893907026963499995e-01
4.301670378890199986e-01
5.698192742352999884e-01
3.308916313111299745e-01
6.691083134447199932e-01
6.691083686893900540e-01
3.308916865554900055e-01
4.417774991838199772e-01
5.582225008164499735e-01
7.077127454350800040e-01
2.922872545650699871e-01
7.077127504443300188e-01
2.922872495561599782e-01
6.568089293366500270e-01
3.431910706636099873e-01
6.567578134411300450e-01
3.432421865594200150e-01
5.492831134695299600e-01
4.507145300101100260e-01
5.754623865345600553e-01
4.244990956343099864e-01
4.997376167263999913e-01
5.439207185111299969e-01
4.560792814893600000e-01
4.331408849594999833e-01
5.668591150409699742e-01
2.307805188458099954e-01
7.692194811544099675e-01
7.692194811551800182e-01
2.307765164762499988e-01
8.792811135980299619e-01
1.207188864019100027e-01
8.792811135975500125e-01
1.207188864023199942e-01
4.609089079006800094e-01
5.377639048140699929e-01
2.442232893578500097e-01
7.557767106419800429e-01
7.557767106410200331e-01
2.442232893593200005e-01
9.573641199652199729e-01
9.573641199651800049e-01
4.263588003482000205e-02
4.263588003464399701e-02
6.904841706595399309e-02
9.309515829340000437e-01
6.904841706606799911e-02
9.309515829338700366e-01
3.306631899767499827e-01
6.693368100237999663e-01
3.306633327888999774e-01
6.693366672113100213e-01
4.896746191569700257e-01
5.110176139592099709e-01
4.085118031567300245e-01
5.914907464397900494e-01
4.085556857137899733e-01
5.914443142866400160e-01
2.615776953557800155e-01
7.384223046445900218e-01
7.384223192999099794e-01
2.615776792537399809e-01
9.811414933715599807e-01
1.885850662840099848e-02
9.811414933715499886e-01
1.885850662843899933e-02
3.992140389261200073e-01
6.007859610742499745e-01
3.992065127778099964e-01
6.007771407400800401e-01
9.862056672279599923e-01
1.379433277190299928e-02
5.641878942257499974e-02
5.641878942234800076e-02
9.435812105775599479e-01
9.435812105772599656e-01
5.755067572040100110e-01
4.244932427963200028e-01
5.337350051509099913e-01
4.647896497801899951e-01
1.684096539839199935e-01
8.315903460161400140e-01
8.315903460164699723e-01
1.684096264317500036e-01
7.225734428528699516e-01
2.774265571472799841e-01
7.225734435191299987e-01
2.774265564813799823e-01
4.529369924270300329e-02
9.547063007573000082e-01
9.547063007572900162e-01
4.529369924272300119e-02
8.919714053372299611e-01
1.080285946627399934e-01
8.919714053372600482e-01
1.080285946627499993e-01
2.048357071669399884e-02
9.795164292833199449e-01
9.795139612362200321e-01
2.048603876374199828e-02
5.801907355474000133e-02
9.419809264451799447e-01
9.419809264447499553e-01
5.801907355531599891e-02
1.655709370134600053e-02
9.834429062986199677e-01
9.834426220708799571e-01
1.655737792906699854e-02
1.537577739397200105e-01
8.462422260607199709e-01
1.537577702657099976e-01
8.462422260603099655e-01
5.656333759321999777e-01
4.343666240683399793e-01
5.656951440554699451e-01
4.343051401770999798e-01
4.595633521085699946e-02
9.540436647891500366e-01
9.540676464952000391e-01
4.593235350481000151e-02
7.351559851239499732e-01
7.351559851229200193e-01
2.648414112304199874e-01
2.648440148773499869e-01
7.604024159560399676e-01
2.395975840440499882e-01
7.604024159550399897e-01
2.395975840452299888e-01
3.659711295457599989e-01
6.340288704548799892e-01
3.680748738285800070e-01
6.319251261717500068e-01
5.374906542104700424e-01
4.625093457895300131e-01
4.964827377781900197e-01
5.035172622217399807e-01
8.595163924611199935e-01
1.404836075388599947e-01
8.595163924609999784e-01
1.404836075389699901e-01
1.597366610002800072e-02
9.840263338999699627e-01
9.840263338999899467e-01
1.597366610002099938e-02
3.103345758326799819e-01
6.896654241676299923e-01
3.103345758312999747e-01
6.896654241688200404e-01
3.120515693348400177e-01
6.879519148526700434e-01
6.879519148538399964e-01
3.120480851463099947e-01
2.719629259096699725e-01
7.280370740906799698e-01
7.280370740919700490e-01
2.719629259081299821e-01
2.314290668989900102e-01
7.685709331012500201e-01
7.685709331021299828e-01
2.313707452341400017e-01
2.771030688560700006e-01
7.228969311441999501e-01
7.228969311451800550e-01
2.770770323978399841e-01
7.446139377908399526e-01
7.446137839228399447e-01
2.553860470214400213e-01
2.553862160775700052e-01
5.032205517691600294e-01
4.967773365422599730e-01
1.848019216577100055e-01
8.151980783414900511e-01
8.151980783419600085e-01
1.848019216587599989e-01
5.902950897513500328e-01
4.097049102490299965e-01
4.098668951834800178e-01
5.901141871600800171e-01
1.011036054453500060e-01
8.988963945546899481e-01
1.011036054449700045e-01
8.988963945550400014e-01
4.247406383911699890e-01
5.752593616092900319e-01
5.752137417378100359e-01
4.247862582626800165e-01
1.466188435502300061e-02
9.853381156449799727e-01
9.853381156449899647e-01
1.466188435493499982e-02
4.672458071008300101e-02
9.532754192898900136e-01
9.532754192898900136e-01
4.672458071017800141e-02
2.552444760423500103e-01
7.447555239579499720e-01
7.447555239590200049e-01
2.552396731987000011e-01
4.165382122792499753e-01
5.834617877212400217e-01
4.760551316015099732e-01
5.239448683988500166e-01
4.221811309155300007e-01
5.778188690847799736e-01
6.708175498087799449e-01
3.291824501914200063e-01
6.708174981661999547e-01
3.291824891006500109e-01
9.329084271637599901e-01
6.709157283604000321e-02
9.329084271639399573e-01
6.709157283598400634e-02
1.614635720719700129e-01
8.385364279281699584e-01
8.385364279287399469e-01
1.614635720712999933e-01
6.143829330677399447e-01
3.856170669326399736e-01
9.048410811447500368e-01
9.048410811446799817e-01
9.515891885529099981e-02
9.515891885538700634e-02
5.834932489301899450e-01
4.165038731066399991e-01
1.404558002105000050e-02
9.859544199789499475e-01
1.404558002106199958e-02
9.859544199789499475e-01
4.357948644202400135e-01
5.642051355798000101e-01
5.649808093264300224e-01
4.350191906735900171e-01
9.338122832383699556e-01
6.618771676146699423e-02
9.338122832387100170e-01
6.618771676121600056e-02
3.645304063982000020e-01
6.354695936024800096e-01
4.853038007176099788e-01
5.146961992830699772e-01
7.160579418542100116e-01
2.839420581459700110e-01
7.160639912934899654e-01
2.839360087070399996e-01
8.629012809001399553e-01
1.370987190998899929e-01
8.629012808997600370e-01
1.370987191003500139e-01
9.562778404199200333e-01
4.372215957986499979e-02
9.562778404200700244e-01
4.372215957988000168e-02
8.963312349637200249e-01
1.036687650361400037e-01
8.963312349641400223e-01
1.036687650357900059e-01
5.219453024395199758e-01
4.780546975605199922e-01
2.947435899541300253e-01
7.052564100460599894e-01
7.052564100442799688e-01
2.947435899561799966e-01
4.346627340341799872e-01
5.654043305954700172e-01
5.653533409569999613e-01
4.345894103824399779e-01
2.279056180828399891e-01
7.720943819173300415e-01
7.720943965718900515e-01
2.279050683325500037e-01
3.459461769305700041e-01
6.540538230696499866e-01
6.540538230678899501e-01
3.459123251263699905e-01
