0.000000000000000000e+00
5.000000000000000000e+00
5.000000000000000000e+00
0.000000000000000000e+00
3.100000000000000089e+00
2.500000000000000000e+00
1.899999999999999911e+00
2.500000000000000000e+00
1.515151515150399975e-01
3.030303030300299794e-01
4.545454545450799966e-01
6.060606060601200218e-01
7.575757575748800488e-01
9.090909090895900047e-01
1.060606060604299961e+00
1.212121212118999924e+00
1.363636363633700110e+00
1.515151515148400074e+00
1.666666666663100038e+00
1.818181818177800002e+00
1.969696969692600108e+00
2.121212121207700196e+00
2.272727272723099823e+00
2.424242424238499893e+00
2.575757575753899964e+00
2.727272727269300034e+00
2.878787878784700105e+00
3.030303030299999811e+00
3.181818181815399882e+00
3.333333333330799952e+00
3.484848484846200023e+00
3.636363636361600093e+00
3.787878787876899800e+00
3.939393939392299870e+00
4.090909090907699941e+00
4.242424242423100011e+00
4.393939393938500082e+00
4.545454545453900153e+00
4.696969696969199859e+00
4.848484848484599929e+00
5.000000000000000000e+00
5.000000000000000000e+00
5.000000000000000000e+00
5.000000000000000000e+00
5.000000000000000000e+00
5.000000000000000000e+00
5.000000000000000000e+00
5.000000000000000000e+00
5.000000000000000000e+00
5.000000000000000000e+00
5.000000000000000000e+00
5.000000000000000000e+00
5.000000000000000000e+00
5.000000000000000000e+00
5.000000000000000000e+00
5.000000000000000000e+00
5.000000000000000000e+00
5.000000000000000000e+00
4.848484848484799770e+00
4.696969696969699903e+00
4.545454545454499673e+00
4.393939393939399807e+00
4.242424242424199576e+00
4.090909090909099710e+00
3.939393939393899924e+00
3.787878787878800058e+00
3.636363636363599827e+00
3.484848484848499961e+00
3.333333333333300175e+00
3.181818181818199864e+00
3.030303030303000078e+00
2.878787878787900212e+00
2.727272727272699981e+00
2.575757575757600115e+00
2.424242424242399885e+00
2.272727272727300019e+00
2.121212121212099788e+00
1.969696969696999922e+00
1.818181818181799914e+00
1.666666666666700047e+00
1.515151515151500039e+00
1.363636363636399951e+00
1.212121212121199942e+00
1.060606060606100076e+00
9.090909090909099488e-01
7.575757575757600115e-01
6.060606060606099632e-01
4.545454545454600259e-01
3.030303030302999856e-01
1.515151515151499928e-01
0.000000000000000000e+00
0.000000000000000000e+00
0.000000000000000000e+00
0.000000000000000000e+00
0.000000000000000000e+00
0.000000000000000000e+00
0.000000000000000000e+00
0.000000000000000000e+00
0.000000000000000000e+00
0.000000000000000000e+00
0.000000000000000000e+00
0.000000000000000000e+00
0.000000000000000000e+00
0.000000000000000000e+00
0.000000000000000000e+00
0.000000000000000000e+00
0.000000000000000000e+00
0.000000000000000000e+00
3.079555495773500073e+00
3.019615242271100009e+00
2.924264068712799869e+00
2.800000000000999911e+00
2.655291427061699849e+00
2.344708572938699831e+00
2.200000000000399858e+00
2.075735931288699820e+00
1.980384757729600098e+00
1.920444504226699989e+00
1.920444504226499927e+00
1.980384757728999912e+00
2.075735931287200131e+00
2.199999999999100009e+00
2.344708572938300151e+00
2.655291427061199805e+00
2.799999999999600142e+00
2.924264068711199815e+00
3.019615242270300204e+00
3.079555495773299789e+00
3.991958047389200015e+00
1.007314792162000039e+00
9.907373898574699522e-01
4.009582440588100205e+00
1.560759868839799891e+00
1.560521381825100029e+00
3.439478618174200086e+00
3.440333355695699868e+00
6.124690378188499817e-01
4.387530962181299898e+00
1.315458442802799999e+00
3.684541557195999850e+00
4.420025787520300398e+00
5.816361049774300129e-01
4.420751333446100162e+00
5.787634950983799875e-01
2.050859571487699817e+00
2.050859571491599809e+00
2.950387603491599897e+00
2.949140428505499845e+00
3.919708839644600040e+00
1.078795083923999920e+00
1.080291160355900004e+00
3.919687340206199799e+00
4.725267577221800019e-01
4.526723038474200322e+00
4.807207953556800195e-01
4.519279204644799819e+00
2.500000000000000000e+00
2.499999999996199929e+00
1.520536025610899955e+00
1.513499638874000075e+00
3.481542517984100193e+00
3.488428679064099924e+00
9.503771993627100345e-01
4.049622800636900166e+00
3.258681091755499803e+00
1.743590074575299909e+00
1.743590074572499926e+00
3.258847726289599844e+00
3.131976474411299893e+00
1.868092057869700007e+00
3.132812726188700214e+00
1.868856574482000044e+00
3.626428205640200186e+00
1.373027853894200012e+00
3.626428205641099911e+00
1.373571794357600018e+00
4.661751499006300037e+00
3.392189890889300008e-01
4.660781010910800326e+00
3.387954524622799890e-01
8.008563121761099746e-01
8.004224159124500027e-01
4.199462865615200435e+00
4.199228145464200423e+00
9.056743011878100047e-01
4.094960834487399559e+00
1.312575792095999949e+00
1.313840444710999922e+00
3.687134527786500193e+00
3.686419484521100021e+00
3.195754126804999928e-01
4.680189807687500370e+00
3.054664632191900209e-01
4.694533536780999938e+00
4.685293538758900311e+00
3.133706118355200076e-01
3.147064612415300111e-01
4.685439164244200150e+00
1.210432113832000001e+00
3.789312185520099963e+00
1.228267429524100063e+00
3.772210535057499925e+00
1.612536443660999907e+00
3.389497795097100141e+00
8.638815393609799997e-01
4.156179078435600083e+00
8.446892704694799470e-01
4.137281616037800092e+00
2.244606346056599921e+00
2.244292731961599952e+00
2.755764464081099874e+00
2.752527535101899847e+00
4.262277716633000146e+00
7.368470455957399912e-01
2.309451656694499810e+00
2.690469540851700092e+00
2.309454975358599782e+00
2.691829603746399791e+00
7.337002002747800011e-01
4.266305070709200287e+00
6.287519461563300105e-01
6.445035887170299516e-01
4.355932102199200351e+00
4.368959610528500015e+00
3.858439299733599892e+00
1.141503484574899918e+00
1.141812260052500028e+00
3.858333342656500076e+00
1.972086031991300059e+00
1.971734253216699928e+00
3.028481433459300209e+00
3.028224941366199907e+00
3.210814848482700157e+00
1.790018200412399896e+00
3.218448953515100186e+00
1.782875899175700107e+00
3.319611075667099787e+00
1.681713777024099965e+00
1.309961212624199955e+00
3.690127003965800068e+00
1.310125382996200072e+00
3.689275270088700154e+00
5.857142567488899942e-01
5.857142567490399854e-01
4.414570506379700277e+00
4.414556632750899823e+00
1.106137217850599930e+00
3.894458387043000069e+00
1.103577803417099990e+00
3.895955022274700141e+00
4.765633779696200278e+00
2.343285961549499974e-01
2.402421481421699867e-01
4.759599241416400339e+00
1.828268040684400075e+00
1.828332110639399932e+00
3.171894721210999801e+00
3.169048657336699826e+00
5.492382157689299493e-01
4.450761784230899742e+00
2.162815859277399944e-01
4.782744587786900148e+00
2.156886346516400099e-01
4.783017821466099662e+00
2.500000726299000053e+00
2.499861823797000060e+00
5.534632088355200263e-01
4.449910481354200087e+00
1.599801722503799928e+00
1.602856607307800108e+00
3.401291502032299796e+00
3.398094298040600147e+00
2.897440478467300018e+00
2.103269014170400020e+00
2.896730985829599980e+00
2.103269014168299922e+00
1.433379823151500032e+00
3.566620176847600021e+00
3.913328458326799986e+00
1.086671541671800023e+00
1.411410839937099926e+00
3.588638522293900124e+00
3.456463505214399934e+00
1.543536494784099933e+00
3.456463505215800147e+00
1.543536494782099977e+00
3.273879686352299867e+00
1.727768794311199896e+00
2.499999999996699973e+00
2.500142362271200014e+00
1.547050314380000069e+00
1.547050314382000025e+00
3.452949685617900055e+00
3.452949685616499842e+00
1.964926464032900055e-01
4.802510867968299735e+00
4.058080710980499717e+00
4.057953562487200294e+00
9.420464375128799750e-01
9.420206381860299905e-01
2.170862528605599917e-01
4.783042805735200353e+00
4.781231362163300247e+00
2.182274521470199957e-01
8.437900817076200433e-01
4.156804877440399615e+00
4.110429575591700413e+00
8.902061069523700132e-01
4.108761426794700355e+00
8.915552050632900016e-01
4.228473673543399869e+00
7.706022501456699647e-01
4.421687896943700125e-01
4.557831210305700154e+00
4.162624205132500421e+00
8.383608127253300291e-01
9.970217484937099472e-01
4.002978251505400209e+00
1.178974744329100099e+00
3.821078362846200172e+00
1.996716890031199898e-01
4.800328310997300285e+00
3.964702261429999819e+00
1.034393762529500105e+00
1.342595756170400056e+00
3.654747808467199821e+00
6.974657513297299882e-01
4.303064751058600201e+00
3.700752495041600199e+00
1.300557929337099905e+00
3.700752495043199808e+00
1.299247504954599952e+00
3.649556072489100078e+00
1.350939744845899959e+00
1.177860703150400035e+00
3.821390042310300217e+00
3.255880023207600171e+00
1.744119976786399961e+00
1.744119976789900051e+00
3.255880023210099949e+00
3.821612959613399862e+00
1.180620479993399918e+00
4.833704468427200140e+00
1.662955315726699912e-01
2.332125602391800001e+00
2.332160448398899799e+00
2.666101743796299939e+00
2.667046971872200078e+00
4.593859534895700314e+00
4.062482971144499855e-01
4.593751702885199961e+00
4.062012374892199906e-01
4.631402246215899687e+00
3.687890712355499923e-01
4.629069778657200374e+00
3.708383430266499747e-01
4.358853573040099683e+00
6.419859364923600209e-01
6.426855131970300450e-01
4.358707899935899910e+00
7.362729562431500341e-01
4.262689252242200411e+00
2.884707964060300167e+00
2.114522270255999814e+00
2.885550813576299944e+00
2.114922999379099888e+00
7.256750627224499706e-01
7.256750627229600070e-01
4.276246782426800230e+00
4.276246782427300275e+00
3.191467930210900139e+00
1.809568911025799975e+00
1.595171464950299878e-01
4.839767134979499730e+00
4.839787263302000042e+00
1.598741193587600029e-01
3.067997036552799983e+00
1.932323429811600102e+00
3.071985080944600099e+00
1.928300076517500017e+00
1.601784965049100062e-01
4.839821225312400443e+00
1.608740191586499890e-01
4.837085071726900054e+00
3.748155887027599942e+00
1.251583150668299949e+00
1.252630604132799919e+00
3.748746959276399782e+00
4.507085477490700320e+00
4.933335895627000145e-01
4.923158364750699900e-01
4.506616969552699636e+00
1.871015562787700093e+00
1.871015562790800058e+00
3.130575505026900185e+00
3.129325746033699840e+00
3.300885487690300213e+00
1.699470034627400095e+00
3.300019977240700175e+00
1.699321017543599988e+00
9.853132631044699830e-01
9.867818180063300249e-01
4.014171795701500400e+00
4.013218181993700284e+00
3.550142913321199800e-01
4.644273933219199790e+00
3.030721868404000041e+00
1.968782915826299940e+00
1.968206286260999915e+00
3.031667503010099907e+00
1.465949363465999911e+00
3.534305269950400064e+00
1.465972625175800070e+00
3.534027374823800027e+00
2.359254185623900213e+00
2.359224317618500155e+00
2.640781129623699819e+00
2.639709492874600105e+00
3.348115080115999787e-01
4.665188491988300434e+00
7.371636032890600543e-01
7.333396111615200219e-01
4.262426741618099868e+00
4.265135084947299760e+00
3.542324570757399815e+00
1.457675429241499954e+00
1.209199440511099954e+00
3.790800559486999788e+00
1.725168756688300054e+00
3.274831243311500106e+00
4.579740561694999990e+00
4.205925506686399862e-01
4.206686307713999873e-01
4.578796323779200428e+00
2.903605325900899814e+00
2.096394674096199839e+00
2.904205884352299982e+00
2.095576891083000159e+00
4.370648152198899794e+00
6.309914762113300046e-01
4.839670721170699963e+00
1.584075572749600036e-01
1.588549991039099885e-01
4.840027694036500350e+00
4.043141505222799914e+00
9.569411946720099982e-01
4.026410571731900312e+00
9.701700456024899832e-01
6.190458836985099911e-01
4.381009461632999979e+00
1.554597570468899903e+00
3.445772646271799911e+00
3.995761248667899945e+00
1.007339599637899985e+00
3.991612426017900006e+00
1.004153393525200055e+00
2.249711361365999807e+00
2.750358715319700220e+00
2.249711730104699825e+00
2.750431000905200207e+00
4.510971841374399993e+00
4.892728911552099991e-01
4.510834300614400050e+00
4.892983334278599994e-01
2.142032584784599791e+00
2.142096245027400148e+00
2.857926593981900076e+00
2.858250556809399878e+00
2.414894152729900156e+00
2.414867549887000031e+00
2.586696528624300218e+00
2.586310346699100204e+00
3.584849582134499890e+00
3.584824757218000091e+00
1.415197554784699996e+00
1.415133965891300027e+00
4.118250024819199773e+00
8.814692557878900381e-01
4.114601769098199746e+00
8.854044821309500213e-01
1.304122266784399908e-01
4.869470509963799820e+00
3.333380876592200170e+00
1.666430480930900071e+00
3.333617150838899867e+00
1.666432597593799914e+00
1.892562775295999922e+00
3.107500276417300089e+00
1.892523688768900092e+00
3.107471777293400184e+00
4.853256829180099707e+00
1.466482674265399966e-01
1.470463408607499911e+00
3.529573264771599828e+00
1.454632072769100004e+00
1.454777675480400045e+00
3.545367927228499916e+00
3.545367927226799942e+00
3.525290364090300166e+00
1.475130213188700079e+00
1.065906253299200079e+00
3.934035464364200152e+00
1.754103727604100049e+00
3.246308886855500120e+00
1.757564238094099895e+00
3.242716703594799910e+00
2.435865831415799931e+00
2.566464357883699865e+00
2.435851938399800076e+00
2.566388212534099988e+00
4.168084860191299867e+00
8.318555726868900324e-01
1.665131982699199931e+00
3.336752189214600151e+00
1.086349615912999944e+00
3.912451923122000075e+00
3.915254313125299923e+00
1.084756713525999894e+00
1.167705851405300033e+00
1.167804688747200004e+00
3.833680302753499802e+00
3.833278885892799970e+00
1.238545326884300080e+00
3.761564088370500158e+00
1.238876569422699969e+00
3.761123430576700066e+00
6.442582498680600178e-01
6.688326856570200318e-01
4.355286640118300134e+00
4.328770939361599623e+00
2.921846134165400066e+00
2.078268305723200093e+00
2.922210417694400153e+00
2.077821266467100081e+00
4.515834612829600303e+00
4.841393005445600028e-01
3.221887042971300019e+00
1.778603986285000049e+00
1.383192112166000021e+00
3.616698574714200198e+00
7.886912690381300273e-01
4.211093874120000358e+00
2.588406477300699837e+00
2.411608371198100009e+00
2.589845631545899973e+00
2.410330426329000186e+00
1.837533877754899958e+00
3.162741847751299851e+00
2.809169741075100202e+00
2.190319949298300095e+00
2.190378800910099955e+00
2.809816792194399948e+00
1.635114178716400080e+00
3.365392934262000146e+00
5.217632498221199677e-01
5.215355529567800019e-01
4.478256640309099978e+00
4.478517344884900275e+00
5.896463050842100095e-01
4.410360430062300274e+00
1.245164674664599902e+00
3.754857583624000128e+00
1.245447703047100063e+00
3.754792901600100041e+00
3.365534285873399978e-01
3.366267006262499972e-01
4.663097100946299811e+00
4.663048105360400264e+00
4.206957276513800359e+00
7.929905723367000059e-01
1.547928007927799943e+00
3.452630662007800222e+00
4.703261088479700369e+00
2.965550477163699794e-01
2.974841822009000047e-01
4.702347317941700133e+00
3.871220536626999831e+00
1.128773106070700027e+00
1.128953017167799944e+00
3.871208763619899962e+00
1.820912461021199968e+00
1.820869031545500061e+00
3.179605248515000149e+00
3.179416205764499903e+00
3.693221978478999912e+00
1.306789407009899984e+00
5.761900679890099575e-01
4.424186362791600047e+00
1.581685348148700099e+00
3.418749958670999956e+00
3.089503691544699837e+00
1.910849221973599965e+00
4.146201889835100296e+00
8.540257761244000045e-01
4.146187762225699736e+00
8.540229095315799990e-01
3.860011330357099979e+00
1.140086828691700083e+00
3.859954621564300137e+00
1.139871930585000026e+00
1.517452113509399902e+00
1.517406365742199892e+00
3.482543955356600218e+00
3.482546319633399889e+00
4.028266519322300176e+00
9.718636820648800523e-01
1.401285365987799958e+00
3.599100401176599906e+00
3.198526691306299963e+00
1.801788201217400021e+00
1.628008222357699930e+00
3.372733983744499842e+00
1.433958252005999912e+00
3.566102088412999915e+00
1.433959644668600042e+00
3.566073635762299965e+00
5.414938338835200149e-01
4.459026725126899571e+00
4.235405293104600233e+00
7.645281151555399779e-01
4.234690718925000041e+00
7.655792090229900371e-01
4.257074708299899868e+00
7.428136211262299504e-01
4.891133327103699635e+00
1.088165073644700026e-01
1.094552948306199980e-01
4.890447557506499621e+00
4.461347763321599658e+00
5.389292093371099712e-01
7.071171044984000398e-01
7.069659747696299679e-01
4.293393582455199642e+00
4.293403605577900350e+00
4.895134012699100090e+00
1.045871324571199940e-01
1.045411497304799958e-01
4.894758026995999600e+00
4.370895434969699900e-01
4.563243780632800117e+00
2.775068638304800217e+00
2.224248166125000203e+00
2.775751833874999797e+00
2.224248166120999848e+00
2.014798182398600090e+00
2.014798182402400162e+00
2.985201817597599838e+00
2.985201817594799856e+00
1.668765195797700107e+00
3.331869596244299903e+00
2.500000823138799788e+00
2.499843400303800145e+00
3.190896325109199960e+00
1.808719803467800036e+00
3.191429486982800157e+00
1.808716725690999949e+00
4.566916952797699936e-01
4.564411787062599979e-01
4.543296037884100080e+00
4.543791381166400356e+00
6.725941779046400448e-01
4.327286051369600095e+00
3.528601357946299921e-01
4.647054720286299734e+00
3.575688807981100004e-01
4.642221261709099878e+00
4.692446340640000102e+00
3.074063072875000135e-01
3.403935524862600204e+00
1.596080653213900025e+00
3.403935524864800222e+00
1.596064475132100036e+00
1.337700794169599972e+00
3.662299205828900117e+00
1.747780450441100086e+00
1.747788710882000052e+00
3.252785066758300037e+00
3.252185235870999946e+00
3.072168118974699880e+00
1.928022446460400108e+00
4.521846587118700356e+00
4.780594075079199756e-01
4.179290121360799581e+00
8.208519978944199824e-01
1.081992485604100107e+00
3.918066522368500060e+00
8.273361715848800424e-01
4.172839344483300295e+00
3.008689714004700200e+00
1.991405981381799917e+00
1.990834980647099961e+00
3.009413010227400154e+00
6.120583398702299505e-01
4.387783840281099579e+00
1.938426090004899960e+00
1.938511516610400109e+00
3.061957215854600012e+00
3.061118731525299896e+00
4.706002050974800177e+00
2.939750179862800072e-01
2.939161783977999876e-01
4.705523352895100153e+00
4.636484707433100039e-01
4.536085143775499873e+00
4.641832300280300250e-01
4.536071782389299756e+00
6.735491160561499768e-01
4.326896993072700148e+00
1.206293856876100024e-01
4.879384954156299692e+00
4.879183682648600140e+00
1.207561856080199975e-01
3.544843473402199852e+00
1.455430438066199983e+00
3.931722238099700117e+00
1.068304685959400091e+00
4.011080046082000194e+00
4.011063040626299703e+00
9.889786615001100456e-01
9.889554862749899700e-01
3.810630832831599868e+00
1.189379324581300024e+00
1.585029043265800075e+00
1.585527156029499896e+00
3.414690581914499923e+00
3.415267969612699961e+00
1.033630231319000031e-01
4.896656059568999630e+00
1.036248260465500032e-01
4.896022877080500102e+00
3.482597552979500133e+00
1.517388017003099998e+00
1.517411433285499989e+00
3.482743504913400123e+00
2.466840558746200007e-01
4.753360572910599657e+00
2.471263586742800111e-01
4.752781215225700073e+00
3.558143612077199869e+00
1.441971690855299970e+00
3.558143296841099978e+00
1.441856179006300032e+00
3.340890071976299946e+00
1.659350429650400027e+00
3.340923720835600186e+00
1.659357381949499999e+00
3.885270804611200113e+00
1.114464345258199929e+00
3.889738927450200112e+00
1.110533506110900070e+00
5.341379980646400183e-01
4.465350623614900094e+00
8.361245153558100052e-01
4.164039712482200173e+00
8.362258703373399715e-01
4.164134173208100087e+00
3.009769369021699781e+00
1.990221397849099905e+00
3.010328364869600204e+00
1.990147873734599893e+00
4.571903315546199664e+00
4.285500423713600182e-01
1.352497460550400099e+00
3.647418698340799903e+00
1.352735423203700105e+00
3.647337323012699972e+00
8.851610860377400192e-01
4.114563698881799958e+00
6.396686128792400394e-01
6.396382532975799506e-01
4.360626403757899894e+00
4.360663014184599895e+00
7.236539787306299765e-01
4.276215025308499840e+00
4.293964751055699969e-01
4.570461305283900266e+00
2.810739094550700035e+00
2.189380106677000004e+00
2.810702704748199832e+00
2.189320550607099847e+00
9.007227210940399464e-02
4.909766574240100212e+00
7.369676250222100267e-01
4.263063013548199720e+00
1.307271562125899900e+00
3.692858782758900116e+00
1.187509493300999974e+00
3.812286189968800088e+00
3.957885552398300089e+00
3.957723486033299931e+00
1.042323058716499995e+00
1.042055563245400052e+00
4.484892158309199850e+00
5.155223722220200200e-01
4.484938539834399940e+00
5.151584509136200030e-01
3.362137605480400193e+00
1.638112356475400100e+00
3.362252497064500023e+00
1.638117529395100025e+00
1.187616966876799962e+00
3.812654662613700118e+00
3.692120917375000033e+00
1.307830414121400109e+00
8.491056142166300558e-02
4.915060850442399598e+00
