0.000000000000000000e+00
0.000000000000000000e+00
1.000000000000000000e+00
1.000000000000000000e+00
5.000000000000000000e-01
6.999999999999999556e-01
5.000000000000000000e-01
2.999999999999999889e-01
5.000000000000000000e-01
6.999999999999999556e-01
5.000000000000000000e-01
2.999999999999999889e-01
0.000000000000000000e+00
0.000000000000000000e+00
0.000000000000000000e+00
0.000000000000000000e+00
0.000000000000000000e+00
0.000000000000000000e+00
0.000000000000000000e+00
0.000000000000000000e+00
0.000000000000000000e+00
0.000000000000000000e+00
0.000000000000000000e+00
0.000000000000000000e+00
0.000000000000000000e+00
0.000000000000000000e+00
0.000000000000000000e+00
0.000000000000000000e+00
0.000000000000000000e+00
0.000000000000000000e+00
0.000000000000000000e+00
0.000000000000000000e+00
0.000000000000000000e+00
0.000000000000000000e+00
0.000000000000000000e+00
0.000000000000000000e+00
0.000000000000000000e+00
0.000000000000000000e+00
0.000000000000000000e+00
0.000000000000000000e+00
0.000000000000000000e+00
0.000000000000000000e+00
0.000000000000000000e+00
0.000000000000000000e+00
0.000000000000000000e+00
0.000000000000000000e+00
0.000000000000000000e+00
0.000000000000000000e+00
0.000000000000000000e+00
0.000000000000000000e+00
2.564102564097699849e-02
5.128205128194800178e-02
7.692307692292700561e-02
1.025641025639100062e-01
1.282051282048899954e-01
1.538461538458499867e-01
1.794871794868000137e-01
2.051282051277500129e-01
2.307692307687000122e-01
2.564102564096499837e-01
2.820512820505999829e-01
3.076923076915499822e-01
3.333333333324999814e-01
3.589743589734499807e-01
3.846153846143999799e-01
4.102564102553600267e-01
4.358974358963100260e-01
4.615384615372600252e-01
4.871794871782100245e-01
5.128205128192300233e-01
5.384615384603199661e-01
5.641025641014200120e-01
5.897435897425099549e-01
6.153846153836000088e-01
6.410256410247000547e-01
6.666666666657899976e-01
6.923076923068800514e-01
7.179487179479799863e-01
7.435897435890700402e-01
7.692307692301599831e-01
7.948717948712500370e-01
8.205128205123499718e-01
8.461538461534400257e-01
8.717948717945299686e-01
8.974358974356300145e-01
9.230769230767199574e-01
9.487179487178100112e-01
9.743589743589099461e-01
1.000000000000000000e+00
1.000000000000000000e+00
1.000000000000000000e+00
1.000000000000000000e+00
1.000000000000000000e+00
1.000000000000000000e+00
1.000000000000000000e+00
1.000000000000000000e+00
1.000000000000000000e+00
1.000000000000000000e+00
1.000000000000000000e+00
1.000000000000000000e+00
1.000000000000000000e+00
1.000000000000000000e+00
1.000000000000000000e+00
1.000000000000000000e+00
1.000000000000000000e+00
1.000000000000000000e+00
1.000000000000000000e+00
1.000000000000000000e+00
1.000000000000000000e+00
1.000000000000000000e+00
1.000000000000000000e+00
1.000000000000000000e+00
1.000000000000000000e+00
1.000000000000000000e+00
1.000000000000000000e+00
1.000000000000000000e+00
1.000000000000000000e+00
1.000000000000000000e+00
1.000000000000000000e+00
1.000000000000000000e+00
1.000000000000000000e+00
1.000000000000000000e+00
1.000000000000000000e+00
1.000000000000000000e+00
1.000000000000000000e+00
1.000000000000000000e+00
9.743589743588699781e-01
9.487179487177399562e-01
9.230769230766000533e-01
8.974358974354700313e-01
8.717948717943899695e-01
8.461538461535299538e-01
8.205128205126800411e-01
7.948717948718300175e-01
7.692307692309799938e-01
7.435897435901299701e-01
7.179487179492900495e-01
6.923076923084400258e-01
6.666666666675900021e-01
6.410256410267399785e-01
6.153846153858999468e-01
5.897435897450500342e-01
5.641025641042000105e-01
5.384615384633499868e-01
5.128205128224999632e-01
4.871794871815099959e-01
4.615384615403799740e-01
4.358974358992500076e-01
4.102564102581199856e-01
3.846153846169800272e-01
3.589743589758500053e-01
3.333333333347199834e-01
3.076923076935900170e-01
2.820512820524599951e-01
2.564102564113199811e-01
2.307692307701899870e-01
2.051282051290599928e-01
1.794871794879299987e-01
1.538461538467900125e-01
1.282051282056599906e-01
1.025641025645299964e-01
7.692307692339700465e-02
5.128205128226499820e-02
2.564102564113199950e-02
5.261052384439000029e-01
5.517638090203600409e-01
5.765366864728199703e-01
5.999999999997099875e-01
6.217522858014400411e-01
6.414213562370200128e-01
6.586706680580499684e-01
6.732050807567699913e-01
6.847759065021800096e-01
6.931851652577699641e-01
6.982889722747499528e-01
6.982889722747800398e-01
6.931851652578500111e-01
6.847759065023399927e-01
6.732050807570499895e-01
6.586706680584799578e-01
6.414213562375999933e-01
6.217522858020000376e-01
6.000000000002100320e-01
5.765366864731999996e-01
5.517638090206700152e-01
5.261052384440699781e-01
4.738947615560399895e-01
4.482361909795999910e-01
4.234633135271599902e-01
4.000000000002900125e-01
3.782477141985500224e-01
3.585786437629400192e-01
3.413293319419200000e-01
3.267949192432300087e-01
3.152240934978199904e-01
3.068148347422299804e-01
3.017110277252499917e-01
3.017110277252200157e-01
3.068148347421599809e-01
3.152240934976799913e-01
3.267949192430000260e-01
3.413293319415500182e-01
3.585786437624399747e-01
3.782477141980499780e-01
3.999999999997799760e-01
4.234633135268000004e-01
4.482361909793500243e-01
4.738947615559799820e-01
5.261052384439000029e-01
5.517638090203900170e-01
5.765366864728600493e-01
5.999999999998000266e-01
6.217522858014900011e-01
6.414213562370599808e-01
6.586706680580900475e-01
6.732050807567599993e-01
6.847759065021800096e-01
6.931851652577699641e-01
6.982889722747599448e-01
6.982889722747800398e-01
6.931851652578500111e-01
6.847759065023300007e-01
6.732050807570399975e-01
6.586706680584599738e-01
6.414213562375800093e-01
6.217522858019599585e-01
6.000000000002000400e-01
5.765366864731999996e-01
5.517638090206800072e-01
5.261052384440699781e-01
4.738947615560299975e-01
4.482361909795800070e-01
4.234633135271099746e-01
4.000000000001799894e-01
3.782477141984699753e-01
3.585786437629400192e-01
3.413293319419100080e-01
3.267949192432300087e-01
3.152240934978099984e-01
3.068148347422099964e-01
3.017110277252399997e-01
3.017110277252300077e-01
3.068148347421699729e-01
3.152240934976899833e-01
3.267949192430100180e-01
3.413293319415899862e-01
3.585786437624500222e-01
3.782477141980700175e-01
3.999999999998000155e-01
4.234633135267900084e-01
4.482361909793399768e-01
4.738947615559799820e-01
8.072920389415999542e-01
1.927079610584100100e-01
8.422461288022500270e-01
1.577538711977800046e-01
1.577538711981200104e-01
8.422461288017799586e-01
8.426439349082099906e-01
8.426439349080599994e-01
1.573560650917900094e-01
1.573560650919400006e-01
6.891504318103699456e-01
3.108495681895899754e-01
8.919771516801100475e-01
8.919771516809800183e-01
1.080228483197099992e-01
1.080228483190800032e-01
8.945136868673400077e-01
1.054863131328000053e-01
1.068524804336300066e-01
8.931475195663699518e-01
7.610547998909199530e-01
2.389452001088200050e-01
2.391696935778100108e-01
7.608303064222400325e-01
7.605915559048600505e-01
2.394084440950499937e-01
7.605915559048800345e-01
2.394084440951599890e-01
7.950037849218799524e-01
2.049962150781400039e-01
2.049962150783899983e-01
7.950037849215300101e-01
9.051770221313699960e-02
9.094822977869100322e-01
9.051770221312599451e-02
9.094822977868799452e-01
9.204856959253400195e-01
7.951430407465399919e-02
7.951430407480400420e-02
9.204856959251399573e-01
9.194006995179500041e-01
8.059930048208499564e-02
8.059930048229099753e-02
9.194006995176500219e-01
7.710858800791600132e-01
2.289141199209299982e-01
7.710858800787300238e-01
2.289141199212300082e-01
1.676431608114599958e-01
8.323568391880300510e-01
8.323568391879599959e-01
1.676431608122699868e-01
7.648603182815100210e-01
2.351396817183200039e-01
2.351396817177600074e-01
7.648603182822699686e-01
3.833143532046999757e-01
6.166856467953599763e-01
6.697101311001700530e-02
9.330289868901799899e-01
8.275489653719100280e-01
8.277689739309199712e-01
1.724510346281100115e-01
1.721279953222299985e-01
6.979478786771999843e-01
3.020521213228399837e-01
3.020521213230100144e-01
6.979478786769900411e-01
6.981014174107299519e-01
3.018985825894199837e-01
3.050190352281900164e-01
6.949809647714699778e-01
9.321354195797599829e-01
6.786458042058300666e-02
6.786458042036599969e-02
9.321354195794100406e-01
7.485150337546100374e-01
2.514849662453300105e-01
8.649698226856600280e-01
1.350301773145400064e-01
8.400823756224899963e-01
1.599176243773000050e-01
8.400823756234999662e-01
1.599176243765600136e-01
2.537643712292799725e-01
7.462356287702099911e-01
8.484668570488099748e-01
1.515331429511800054e-01
1.515331429513699923e-01
8.484668570485599526e-01
9.447571455093799475e-01
9.447571455090799653e-01
5.524285449085700184e-02
5.524285449064100101e-02
4.405892783070999852e-01
5.538988254798999922e-01
8.821848449188099961e-01
1.178151550813300030e-01
1.178151550816400051e-01
8.821848449183200547e-01
9.466092551168799885e-01
5.339074488319400097e-02
5.370542746775699983e-02
9.462945725323199664e-01
7.333025705918500003e-01
2.666974294082700148e-01
7.333025705912500358e-01
2.666974294087199882e-01
9.466176398422999627e-01
5.338236015759999925e-02
9.466176398426500160e-01
5.338236015733899970e-02
5.092246828289200000e-02
5.092246828288000265e-02
9.490775317171099568e-01
9.490775317171099568e-01
3.496179958129699838e-01
6.503820041871399837e-01
3.522104588951999737e-01
6.477895411045699881e-01
2.156428024788800135e-01
7.843571975205899660e-01
7.843571975203700308e-01
2.156428024798699994e-01
7.200833381062800020e-01
2.799166618937600215e-01
7.265055367323499658e-01
2.734944632675200271e-01
9.500075703492699697e-01
4.999242965079200157e-02
4.999242965079599837e-02
9.500075703492000256e-01
7.462663384592399529e-01
2.537336615407300155e-01
2.537336615404999773e-01
7.462663384595700222e-01
7.996422927595500108e-01
2.003577072403200099e-01
7.996448846863200011e-01
2.003551153137000107e-01
7.924677597264899731e-01
2.075322402733900118e-01
7.924677597270299856e-01
2.075322402729999904e-01
8.771100883356299782e-01
1.228899116640800038e-01
8.771100883355500422e-01
1.228899116646000045e-01
6.525972706329800088e-01
3.474027293671900218e-01
6.525972706328400097e-01
3.474027293670299832e-01
7.949750931834399514e-01
2.049218760694100083e-01
2.031918247082399875e-01
7.968081752916299498e-01
8.895726384286799515e-01
1.104273615713499967e-01
8.895726384283999533e-01
1.104273615716099971e-01
5.133289532046400039e-01
7.459044305248999640e-01
2.540955694750799965e-01
7.459044305249999951e-01
2.540955694749800209e-01
8.446298838608300441e-01
1.552670853922699934e-01
8.122070927074900304e-01
1.877929072923900100e-01
8.122070927080400349e-01
1.877929072919999887e-01
8.415026539279300000e-01
1.584973460720300042e-01
2.590594508187999967e-01
7.409405491808900290e-01
7.409405491807400379e-01
2.590594508194000167e-01
8.876123355225199463e-01
1.123876644773099953e-01
8.876123355233399570e-01
1.123876644767199950e-01
6.998925570607400504e-01
3.001074429394000043e-01
3.001074429399400167e-01
6.998925570600199597e-01
9.563701778165000222e-01
4.362982218351300207e-02
4.362982218356199760e-02
9.560977090433600001e-01
8.943521145635699998e-01
1.056478854364699960e-01
1.056478854367299963e-01
8.943521145632099545e-01
8.512539593951400363e-01
1.487460406053399964e-01
8.512539593947100469e-01
1.487460406047899919e-01
8.136276404784299476e-01
1.863723595215600048e-01
1.863723595214600015e-01
8.136276404785699468e-01
9.617665662629799606e-01
3.823343373709200271e-02
3.823343373718800231e-02
9.617665662627800094e-01
1.152300776589599979e-01
8.847699223409899449e-01
8.847699223411400471e-01
1.152300776588300046e-01
3.937198860095399849e-02
9.606280113990000036e-01
3.937198860077600199e-02
9.606280113992500258e-01
8.013167428272299775e-01
1.986832571726200036e-01
8.013167428270999704e-01
1.986832571729700014e-01
7.915419186245600258e-01
2.084580813756800044e-01
7.915419186234300408e-01
2.084580813764999874e-01
9.587853294421699868e-01
4.121467055801399798e-02
9.587853294419500516e-01
4.121467055786000311e-02
6.921328256069499973e-01
3.078671743931800098e-01
3.079115134360900230e-01
6.920884865636299788e-01
7.330772531160399952e-01
2.669227468839899808e-01
7.330772531158500360e-01
2.669227468841299800e-01
6.153186987940799657e-01
3.846813012059899783e-01
6.153186987936599683e-01
3.846813012064499993e-01
7.263762603186200151e-01
2.736237396813799849e-01
2.736237396815699996e-01
7.263762603184099609e-01
1.672078519834200028e-01
8.327921480160499490e-01
8.327921480158599898e-01
1.672078519843699929e-01
4.143238030929299875e-01
5.832238565764800153e-01
4.145336662044399878e-01
5.834267633451799551e-01
8.967411133049899563e-01
1.032588866952099949e-01
8.647684039032099701e-02
8.647684039004900625e-02
9.135231596097499462e-01
9.135231596097700413e-01
9.926753773416199800e-02
9.007324622659399482e-01
6.498760124489000312e-01
3.501239875511499844e-01
2.637927301374399791e-01
7.362072698626600520e-01
2.886570973468399748e-01
7.113429026531400412e-01
9.607912335487199806e-01
3.920876645127199800e-02
3.920876645112900127e-02
9.607912335489500189e-01
9.633129310160000180e-01
3.668706898408299888e-02
2.893717285369100112e-01
7.106282714626700470e-01
9.662393033397800313e-01
3.376069666025500321e-02
8.540900936338200466e-01
1.459099063659400064e-01
8.540900936349899997e-01
1.459099063650799999e-01
7.695235959045100271e-01
2.304764040953500015e-01
2.664507938210899929e-01
7.335492061784999462e-01
7.286798981600900449e-01
2.713201018393600061e-01
7.622124487859199826e-01
2.377875512138999947e-01
7.592890572114799896e-01
2.407109427885499864e-01
6.839260839226599664e-01
3.160739160773199941e-01
6.839260839224799993e-01
3.160739160775800083e-01
3.372684829065399903e-01
6.627315170935700328e-01
3.372794483027999890e-01
6.627205516970100518e-01
8.792718748354400038e-01
1.207281251645300063e-01
8.792718748355400349e-01
1.207281251644699988e-01
8.632402247064400180e-01
1.367597752937100009e-01
8.634525593770500107e-01
1.365474406228799897e-01
8.422637015479900180e-01
1.577362984521200051e-01
8.422846547435000053e-01
1.577055328043399929e-01
4.756147332254500038e-01
6.692940268156599704e-01
3.307059731843899897e-01
3.307059731846599959e-01
6.692940268153499961e-01
1.220496368785800034e-01
8.779503631212299819e-01
8.779503631213899650e-01
1.220496368788100000e-01
7.918425486413900316e-01
2.081574513586199882e-01
7.917746473265599993e-01
2.082253526732500137e-01
7.243714516458099606e-01
2.756285483541799919e-01
7.243714516456499775e-01
2.756285483543600145e-01
9.228749392047700395e-01
7.712506079533699987e-02
7.708414796771499711e-02
9.229158520323600401e-01
7.800323854131799850e-01
2.199676145868199872e-01
2.199676145871800048e-01
7.800323854127200196e-01
9.172239604862899576e-01
8.277603951362699775e-02
8.277603951356099499e-02
9.172205005654899823e-01
1.385149380508799988e-01
8.614850619490399541e-01
1.385149380510800055e-01
8.614850619488200190e-01
9.133809074239499504e-01
8.661909257594900546e-02
9.133809074244699788e-01
8.688629566074600186e-02
9.664364341021199900e-01
3.356356589791399669e-02
3.356356589795499862e-02
9.664364341020400540e-01
5.769604790982200138e-01
4.230395209021399761e-01
5.769604790960699559e-01
4.230395209044400251e-01
2.748117136848999831e-01
7.251882863152300240e-01
4.790201284880399868e-01
2.740330176510599736e-01
7.259669823485299656e-01
3.848320373731299870e-01
6.151679626269700440e-01
3.815751600317600079e-01
6.184248399681300246e-01
9.676334597064499832e-01
3.206091394487999707e-02
9.679390860553399589e-01
3.206091394472299766e-02
7.617140818568299832e-01
2.382859181431900009e-01
2.382859181432800122e-01
7.617140818566700000e-01
3.228587819294400085e-01
6.771412180706199990e-01
8.232041607320399468e-01
1.767958392678999902e-01
8.232041607318699716e-01
1.767958392681500124e-01
1.628005266685300101e-01
8.371896608795199590e-01
3.255359311245800136e-01
6.744640688751299962e-01
8.290251965669099832e-01
8.290251965657600142e-01
1.709748034340000111e-01
1.709748034331599886e-01
5.335669637871299775e-01
5.354985879812600436e-01
9.685467162242199501e-01
3.145328377587400248e-02
3.145328377587300328e-02
9.685467162241200301e-01
3.618040781992300226e-02
3.618040781995499749e-02
9.638195921800399857e-01
9.638195921800399857e-01
7.642899113384600263e-01
2.357015027655700035e-01
8.493585474293500193e-01
1.506414525705500052e-01
8.493585474298900317e-01
1.506414525701399998e-01
8.720861184332300287e-01
1.279138815668600104e-01
2.383038471951700044e-01
7.616961528048600272e-01
9.152067811359499983e-01
8.479321886408100473e-02
8.479321886415100429e-02
9.152067811358099991e-01
8.157644739742899720e-01
1.842355260257199923e-01
1.842355260258800032e-01
8.157644739740800288e-01
7.141306277586100260e-01
2.858693722414599736e-01
7.141306277582200046e-01
2.858693722417500194e-01
7.636724262460600210e-01
2.363275737535900090e-01
7.636724262459100299e-01
2.363275737542500088e-01
7.297780825396900095e-01
2.702219174603199825e-01
7.297780825396400495e-01
2.702219174603400220e-01
9.200026890689899650e-01
7.999731093103200352e-02
7.999731093119799574e-02
9.200026890687500458e-01
8.759713475885699818e-01
1.240188399593599999e-01
2.375867707524899897e-01
7.624132292470899852e-01
7.624132292467999950e-01
2.375867707534199957e-01
8.073685567317899769e-01
1.926314432676800026e-01
8.073685567315299627e-01
1.926314432687299960e-01
8.134772123295600510e-01
1.865227876702799936e-01
1.865224996779900057e-01
8.134775003221099698e-01
9.207139596285199845e-01
7.950870960916199548e-02
7.928604037193499876e-02
9.207139596279499960e-01
2.885914183856300164e-01
7.114085816142400320e-01
7.114085816139500418e-01
2.885914183861800208e-01
7.677733173643499498e-01
2.322266826356599867e-01
2.322266826357800018e-01
7.677733173641899667e-01
7.030317622466299987e-01
2.969682377534900164e-01
2.969682377539299978e-01
7.030317622460400262e-01
7.631070076874199581e-02
9.236892992314600370e-01
7.373659235058800387e-01
2.626340764942899919e-01
7.373659235057300476e-01
2.626340764941200168e-01
9.733503294381999904e-01
2.664967056174399884e-02
9.733503294380699833e-01
2.664967056187899849e-02
2.640461990675399898e-02
2.640461990681899906e-02
9.735953800932399815e-01
9.735953800931700375e-01
8.584273812965099726e-01
1.415726187030300065e-01
8.584273812964100525e-01
1.415726187037799899e-01
9.089802423798299946e-01
9.101975762028000072e-02
9.089768329772499600e-01
9.102316702276100346e-02
1.838050476789200027e-01
8.161929584939500160e-01
9.285801774195200364e-01
7.141982258058800215e-02
4.500595296014099911e-01
5.499404703990300458e-01
5.499404704009700495e-01
4.500595295993700118e-01
8.060247657165099666e-02
9.193975234283400244e-01
8.060247657168799484e-02
9.193975234283400244e-01
9.684814691490899463e-01
3.151853085092100326e-02
3.151853085104799890e-02
9.684814691489199712e-01
1.867947524188199870e-01
8.132052475810600534e-01
7.885797987075700011e-01
2.114202012923399876e-01
4.550386854019899951e-01
9.252948236680800242e-01
7.470517633180100148e-02
9.252948236685799577e-01
7.470517633146399328e-02
7.468067288040199925e-01
2.531932711960400151e-01
7.468067288037100182e-01
2.532820668406099984e-01
4.533151908177699974e-01
7.200022738493599972e-01
2.799977261506800263e-01
2.799977261507100024e-01
7.200022738492699581e-01
8.226929956506100483e-01
1.775049338530199916e-01
6.217913451212100234e-02
6.217913451235199812e-02
9.378208654877000505e-01
9.378208654876899475e-01
8.132870376892600284e-01
1.867129623101800029e-01
8.132870376890900532e-01
1.867129623111599968e-01
9.737094723269700269e-01
2.629052767307499955e-02
2.612781470448699919e-02
9.738721852955399827e-01
7.016102937507200377e-01
2.983897062493000019e-01
3.003284078207399954e-01
6.996715921792699966e-01
7.711032615712399840e-01
2.288967384286499929e-01
7.711032615717899885e-01
2.289066046109299868e-01
8.176233594215199796e-01
1.823766405784799927e-01
1.823766405785099964e-01
8.176233594214700195e-01
1.621248202299200025e-01
8.378751797699699466e-01
1.621248202296599883e-01
8.378751797703100079e-01
9.405285380511300142e-01
5.947146194893600246e-02
5.947146194903699806e-02
9.405285380509299520e-01
2.304999073639500129e-01
7.694894624791499549e-01
8.884317929283099824e-01
1.115682070716900037e-01
8.884317929281799753e-01
1.115682070718600066e-01
6.254557917670899858e-01
3.745442082329299982e-01
3.745442082331100209e-01
6.254557917669000267e-01
6.361635184525199493e-01
3.638364815476000103e-01
9.369696946305100527e-01
6.303030536952899943e-02
6.303030536967800523e-02
9.369696946302800145e-01
1.781481692482899948e-01
8.218518307516600174e-01
8.797083216389699478e-01
1.202916783608599938e-01
8.797083216397999506e-01
1.202916783602600015e-01
8.744817668351899664e-01
1.255182331645799954e-01
8.744817668362699914e-01
1.255629614451500009e-01
5.583133542232999735e-01
5.585166428865000476e-01
8.188484689745200162e-01
1.811515310255200073e-01
1.811063702913099926e-01
8.188785839487600082e-01
8.890085946889200175e-01
1.109914053112300014e-01
8.890085946889100255e-01
1.109914053106999948e-01
9.745803791796100457e-01
9.745803791795200066e-01
2.541962082042999865e-02
2.541962082028400086e-02
6.369812063739299646e-01
3.630187936261399795e-01
6.372487737093900373e-01
3.627512262907600094e-01
3.682632026770499833e-01
6.317367973228400491e-01
4.889378733137800248e-01
5.110621266864000534e-01
4.885437226332899896e-01
5.114562773669300011e-01
3.676697057541600255e-01
6.323302942459400056e-01
3.673775817989299863e-01
6.326224182009599906e-01
7.675192903739299632e-01
2.324807096262800077e-01
7.674460688605599934e-01
2.325695052713399880e-01
7.864753538717299541e-01
7.864756281504300395e-01
2.135246461280999875e-01
2.135243718496500076e-01
8.665445265407100139e-01
1.334545389399799942e-01
8.665425309986000135e-01
1.334574690014400100e-01
7.255071249596599658e-01
2.744928750403500262e-01
7.255071249596100058e-01
2.744928750403800022e-01
8.507620358692999929e-01
8.507620358691799778e-01
1.492379641302900017e-01
1.492379641310100091e-01
8.905969557042600071e-01
1.094030442956600013e-01
1.094030442953699972e-01
8.905969557046800045e-01
4.123288995315799732e-01
5.905349855624100197e-01
6.769907635312699679e-01
3.230092364688300077e-01
3.230092364692699891e-01
6.769907635306999794e-01
7.429950081863599953e-01
2.570049918136599887e-01
7.422439346853400011e-01
2.577560653145600233e-01
7.875984459647400460e-01
2.124015540349100117e-01
2.124015540355999876e-01
7.875984459645499758e-01
9.770286276507299528e-01
2.297137234933700062e-02
2.297137234932999927e-02
9.770286276506700007e-01
8.622732487316699945e-01
8.622732487313500283e-01
1.377267512686700113e-01
1.377267512683000017e-01
7.448200790130999893e-01
2.551799209867899876e-01
2.550964683752400264e-01
7.449035316247599736e-01
7.815912052154200262e-01
2.184087947845899935e-01
7.784161071581500169e-01
2.215838928416599962e-01
9.058929872219200208e-01
9.410701277794999986e-02
9.058929872225299773e-01
9.413175380391999858e-02
6.670731476357300016e-01
3.329268523643699740e-01
3.329321194543499729e-01
6.670678805455100280e-01
9.752846772456299496e-01
2.471532275452099914e-02
2.471532275439999871e-02
9.750576199345599715e-01
8.996346721178000161e-01
8.996346721178399841e-01
1.003653278821600020e-01
1.003653278822100037e-01
8.926951337920100427e-01
1.073048662081200061e-01
8.926951337919499796e-01
1.073048662078800036e-01
8.272346175368000543e-02
9.172765382464099782e-01
6.729645146353600005e-01
3.270354853643500093e-01
6.738095296744900375e-01
3.261904703256199856e-01
4.968970244293899885e-01
7.821032711570600204e-01
2.178967288429700111e-01
2.178967288429700111e-01
7.821032711569499973e-01
8.147035023777300378e-01
1.852964976222800098e-01
1.852964976224099891e-01
8.147035023775499596e-01
9.127981345985499706e-01
8.723155463318399416e-02
8.720186540186500301e-02
9.127981345980300532e-01
6.791239752822999520e-01
3.208760247177199765e-01
6.791239752820600328e-01
3.208760247179799907e-01
5.049868621771800292e-01
9.190300455171399596e-01
8.096995448295800368e-02
6.608172061839300282e-01
3.391827938161199874e-01
6.608469358872900434e-01
3.391530641128899792e-01
8.296051956731600452e-01
1.703948043265000045e-01
1.703948043269200019e-01
8.296051956732199972e-01
8.461745524334800539e-01
1.538245440119800078e-01
8.452383424450500282e-01
1.547616575550199991e-01
1.523211976496400000e-01
8.476774940236500022e-01
8.854792766640700030e-01
1.145207233360899940e-01
1.145951093268000043e-01
8.854048906731699642e-01
7.218115260289199586e-01
2.781884739709900023e-01
7.218115260288200385e-01
2.781884739712199850e-01
8.242413301634099465e-01
1.757586698366900013e-01
8.242477552631199966e-01
1.757489303085099930e-01
7.745760496479699997e-01
2.254239503521099919e-01
7.745690761701999882e-01
2.254324070804399893e-01
5.858602832509700320e-02
9.414139716750099529e-01
5.858602832502499830e-02
9.414139716749000408e-01
9.786506545054199924e-01
2.134934549460899833e-02
9.458163852857299769e-01
5.418361471424600062e-02
5.418361471429999909e-02
9.457608823874500414e-01
7.936105118424300331e-01
2.063894881575500106e-01
7.936105118425399452e-01
2.063905843999800094e-01
7.861175865412799446e-01
2.138824134585700087e-01
7.861176126636999495e-01
2.138823873363600025e-01
8.355075442252100082e-01
1.644924557747000082e-01
8.355075442256300056e-01
1.644924557743900062e-01
1.406038102361900077e-01
8.593798356770899760e-01
2.636425323679300048e-01
7.363574676318199730e-01
7.363574676313400236e-01
2.636425323688900146e-01
8.964257865630500532e-01
1.035734214670299969e-01
1.035733325215100059e-01
8.964266674784600042e-01
7.921684887843899459e-01
2.078315112157400057e-01
7.921603530601799559e-01
2.078414992036100029e-01
7.408722293857300523e-01
2.591277706143300108e-01
6.854072153910399923e-01
3.145927846088900082e-01
6.887054752687500336e-01
3.112945247313200214e-01
9.391814963651899939e-01
6.081850363481500210e-02
6.081850363486100003e-02
9.391555469581599480e-01
9.107363460265499588e-01
8.926365397363200671e-02
6.963843259084000481e-01
3.036156740917099750e-01
3.036156740920900043e-01
6.963843259078800196e-01
8.626282853777900161e-01
1.373717146220000129e-01
8.626282853787999860e-01
1.373717146212700135e-01
7.703405174683000123e-01
2.296594825316400079e-01
3.907147453221799793e-01
6.092852546779300438e-01
4.000377843657800248e-01
5.999622156346200441e-01
4.000377843640400277e-01
5.999622156362199865e-01
7.444504206538600233e-01
2.555495793458599785e-01
6.829674817231200512e-01
3.170325182769799799e-01
3.170325182774699768e-01
6.829674817224899996e-01
9.796779519781599888e-01
2.032204802187400142e-02
2.032204802201199867e-02
9.797118052011399847e-01
8.103853203316000453e-01
1.896146796678999935e-01
1.896146796686699887e-01
8.103853203315499742e-01
9.454603175095499523e-01
5.453968249039699984e-02
9.454603175098199586e-01
5.456442351661600076e-02
6.440117689623100494e-01
3.559882310376800141e-01
6.440117689626300157e-01
3.559882310373900238e-01
8.531569074828100341e-01
1.468430925174900037e-01
1.468430925169399992e-01
8.531569074826399479e-01
4.078338529294099901e-01
5.921661470707499930e-01
4.078338529284900038e-01
5.921661470716299558e-01
6.833995598170899965e-01
3.166004401830400106e-01
3.170127270213500270e-01
6.829872729783500462e-01
4.309015288545000044e-01
4.297977868627200215e-01
8.706950148652700117e-01
1.293049851348599955e-01
2.897917834654200053e-01
7.102082165341899733e-01
3.383525052196699745e-01
6.616474947804099616e-01
9.780466433984800201e-01
2.191939811831199875e-02
9.780806018818799519e-01
2.191939811818400044e-02
2.705539271281000024e-01
7.294460728714400322e-01
8.707500632931599593e-01
8.707500632927800410e-01
1.292499367071300032e-01
1.292499367068500049e-01
7.807632772231200002e-01
2.192367227764500104e-01
7.807632772227000029e-01
2.192367227775700034e-01
7.309926254030699733e-01
2.690073745969500107e-01
9.426001041049300033e-01
5.739989589508000256e-02
5.739989589518500190e-02
9.426001041047800122e-01
1.367629949306199966e-01
1.367820665291999971e-01
8.632358109614000075e-01
8.632179334709899621e-01
4.053142308484600220e-01
5.944947364023599468e-01
4.055755948032199742e-01
5.946116706549300357e-01
8.692402048821099569e-01
1.307471565896899945e-01
7.058327286526500099e-01
2.941672713475099732e-01
8.952932153924400005e-01
1.047100834110999967e-01
1.047067846078300057e-01
8.952932153921000502e-01
7.919777404144000554e-01
2.080094090596900092e-01
7.487292932703200066e-01
2.512707067294899788e-01
9.831134363725000380e-01
1.688656362754300047e-02
1.688656362757800025e-02
9.831134363724099989e-01
8.372588389728700120e-01
1.627411610271499998e-01
1.627411610268600095e-01
8.372588389731200342e-01
8.054278558797800525e-01
1.945722853822300091e-01
1.945714799800500050e-01
8.054285200198100236e-01
9.486166541955499687e-01
5.138334580434000126e-02
9.486166541960200371e-01
5.138334580402800084e-02
1.800173689936000049e-02
9.819982631006199947e-01
1.800173689926900036e-02
9.819982631007599938e-01
9.424756908276199496e-01
5.752430917243699787e-02
5.736898563257999961e-02
9.426310143674999642e-01
9.794493469923499784e-01
2.054687984283500024e-02
9.794350409385700340e-01
2.056495906147300101e-02
8.342033080819399871e-01
1.657966919180499932e-01
1.657966919180899890e-01
8.342033080819000190e-01
3.936380409004999748e-01
6.063994531291100332e-01
4.583816878474299833e-02
9.541618312153899994e-01
7.024198479253800365e-01
2.975801520745899875e-01
7.024198479252099503e-01
2.975801520748300177e-01
9.066025944722799768e-01
9.339740552766899462e-02
9.339741541054200069e-02
9.066021121570999597e-01
2.899470800419899907e-01
7.100529199577100270e-01
7.128710875924100243e-01
2.871289124075899757e-01
7.128710875923599533e-01
2.871289124076200072e-01
7.184512242153200390e-01
2.815487757847700001e-01
7.184512242147900185e-01
2.815487757851899975e-01
3.055093634580999806e-01
6.944906365420000505e-01
1.348156072700300023e-01
1.348159328322399986e-01
8.651840671677200056e-01
8.651842888944100141e-01
1.943532070860099978e-02
9.805646792913900178e-01
1.943532070867400041e-02
9.805646792913099707e-01
9.831143991053199471e-01
1.688560089471400141e-02
4.645867198125500086e-01
7.292958769235500238e-01
2.707041230763500006e-01
2.902315673214200253e-01
7.097684326782299769e-01
7.288931643083099710e-01
2.711068356912200161e-01
9.836408242084000442e-01
1.635917579160999988e-02
7.190633278001099526e-01
2.809366721999200234e-01
7.190633277999900486e-01
2.809366721999900229e-01
3.064392098634600159e-01
6.935607901361899863e-01
7.125134350683599571e-01
2.874865649317400185e-01
2.847686278399400028e-01
7.152313721602000518e-01
8.774047748286200044e-01
1.225917362996799959e-01
9.801565908754099610e-01
9.801868651836499469e-01
1.981313481645900071e-02
1.981313481637700033e-02
7.068482542220200227e-01
2.931517457780299929e-01
2.933671570637599868e-01
7.066328429362399577e-01
9.314036120372900518e-01
6.859638796259499849e-02
6.859638906056199359e-02
9.313638494470299900e-01
7.532980273627599699e-01
2.467184162750599985e-01
2.467019726371000032e-01
7.532980273629299450e-01
1.668549218603400108e-01
8.331450781391099847e-01
8.331450781389100335e-01
1.668549218613299967e-01
3.551678700765700247e-01
6.448321299235100224e-01
3.551372154692900018e-01
6.448627845306400541e-01
2.875800455923199772e-01
7.124199544074300006e-01
8.022540727747400346e-01
1.977459272252000133e-01
8.022540727748299627e-01
1.977459272251800015e-01
8.275985954842199899e-01
1.723999217453600075e-01
9.397618736350600299e-01
6.023812636498199896e-02
9.397618736347900237e-01
6.023812636515900321e-02
9.115341954584700312e-01
8.846580454156399709e-02
9.115341954585499673e-01
8.846580454110100633e-02
4.312725805827000158e-01
4.507335235876600010e-02
9.549266476411699678e-01
9.549266476413800220e-01
4.507335235854900007e-02
8.306047919107899524e-01
1.693952080892200118e-01
1.693952080894700063e-01
8.306047919104699861e-01
5.111990351402399824e-02
9.488800964861100473e-01
9.297718900979400347e-01
9.297718900977000045e-01
7.022810990225600292e-02
7.026769554435499665e-02
7.650634853450399842e-01
2.349365146548400007e-01
7.650727607603400315e-01
2.349272392396800080e-01
7.529954541894400277e-01
2.470045458106399916e-01
7.529036248914799945e-01
2.472599034940599905e-01
8.969788065292599866e-01
1.030211934705800025e-01
8.969788065300500213e-01
1.034908404241900032e-01
2.587716100558999921e-01
7.412283899442100310e-01
9.177647165415500075e-01
8.223136221467799989e-02
8.223090762745399740e-02
9.177690923726400385e-01
5.351648818658699680e-01
7.675956751534299682e-01
2.324043248464499889e-01
8.875309635750300297e-01
1.124690364251400010e-01
2.541258971324000249e-01
7.458741028674900075e-01
7.458741028673799844e-01
2.541258971326599836e-01
1.016737094688899973e-01
8.983262905309099544e-01
8.983262905308599944e-01
1.016737094692399951e-01
3.794562380785500011e-01
6.205437619217599732e-01
3.794651310715799752e-01
6.205348689285999919e-01
7.494675980265099735e-01
2.505324019734900265e-01
7.664907466669399483e-01
2.335092533331200038e-01
7.640953710739599725e-01
2.359046289258699969e-01
7.401906495834299493e-01
2.598083964278199987e-01
6.804085239672900132e-01
3.195914760327199788e-01
6.804124879271099546e-01
3.195875120731099805e-01
5.182454233573100533e-01
4.305009535359100026e-01
7.607592021860100084e-01
2.392407978135299984e-01
7.607592021858200493e-01
2.392407978143900049e-01
9.838615442573900305e-02
9.016125372473799970e-01
9.529087823732099727e-01
4.705060271137299910e-02
9.529493972888399833e-01
4.705060271123699678e-02
3.283114114754799862e-01
6.716885885244600063e-01
2.505679158077799840e-01
7.494309030635399882e-01
3.442360033253000218e-01
6.557639966744900351e-01
5.725906581683699592e-01
5.725520900109299927e-01
9.500528852231600041e-01
4.994711477691900214e-02
7.449585970775399746e-01
2.550652832581200014e-01
2.550193961477900118e-01
7.449806038521999962e-01
8.720789878771999515e-01
1.279210121226599939e-01
8.720789878778699711e-01
1.279213786558900112e-01
7.865429536167399815e-01
2.134421641639900058e-01
8.266744213034500355e-01
8.266744533031300524e-01
1.733255786964099932e-01
1.733255466969199909e-01
7.129048586495899675e-01
2.870951413500200111e-01
7.969655238393700269e-01
2.030344761606500126e-01
2.030344790633900054e-01
7.969655209365199555e-01
7.199475300554799562e-01
2.800524699445199883e-01
2.790091048801700002e-01
7.209908951198400473e-01
2.519034512104699752e-01
7.480939866487900103e-01
1.933657780606899967e-01
8.066316648048199589e-01
4.885073207690400210e-01
8.911880903649700425e-01
1.088119096350900067e-01
2.152639951181599953e-01
7.847360048818200484e-01
8.498672401463299719e-01
1.501327598533999941e-01
8.498672401476200511e-01
1.501377296614999912e-01
8.718730871905699953e-01
1.281269128094600085e-01
1.281269128090199994e-01
8.718730871909500246e-01
5.418884966741700504e-01
5.389475626537000297e-01
1.501611532313099941e-02
9.849838846769000122e-01
1.501611532311099978e-02
9.849838846769000122e-01
2.080735704189800098e-02
9.791926429581000457e-01
9.791926429580900537e-01
2.080735704186700147e-02
1.305551187250000023e-01
8.694448812751499611e-01
8.694448812752899602e-01
1.305551187244199940e-01
8.028942863135399843e-01
1.971057136862700010e-01
1.971056309670000117e-01
8.028943690331199479e-01
5.714101409806400245e-01
5.714768892446999704e-01
9.369371671425900105e-01
6.305832008913700437e-02
6.307065356810499790e-02
9.369293464319300435e-01
8.160632475560199994e-01
1.839367524438899892e-01
8.160631590043799788e-01
1.839368598305800018e-01
1.992120133270700033e-02
1.992120133275300173e-02
9.800787986672599983e-01
9.800787986672599983e-01
1.963614525814300071e-01
8.036385474185699929e-01
8.027300881027999990e-01
1.972565081591799996e-01
4.999343082191000098e-01
5.000656917814599867e-01
8.323074072464099471e-01
1.676925927539699990e-01
8.323074072462599560e-01
1.676925927531000005e-01
8.068611663697700109e-01
1.931388336301899933e-01
4.805605631292100277e-01
4.837239752809799898e-01
8.588575830973399494e-01
1.411424169026100073e-01
8.588575830974599645e-01
1.411424518105300063e-01
7.811231271893700479e-01
2.188768728106499917e-01
2.188768731979700011e-01
7.811231268019299678e-01
7.055795282413900027e-02
7.055795282404600521e-02
9.294420471758899627e-01
9.294420471758899627e-01
7.168721752377500422e-01
2.831278247622299737e-01
2.831278247619199995e-01
7.168721752381399526e-01
5.289760127703999615e-01
4.710239872299399888e-01
5.289234593447500465e-01
4.710765406556199908e-01
3.917870313764900136e-01
6.082129686235699939e-01
3.917870313760200007e-01
6.082129686240299593e-01
3.021693389721700207e-01
6.978306610280300415e-01
3.021698674994000022e-01
6.978301325005400457e-01
8.777070947341000240e-01
8.777070947339400409e-01
1.222929099204800030e-01
1.222929052658500021e-01
9.611731508913400335e-01
3.882684910871699729e-02
3.882399135641600302e-02
9.611755055549700000e-01
6.325892657890499482e-01
3.674107342109799723e-01
6.326338603448300457e-01
3.673661396552300173e-01
9.614474758272899546e-01
3.855252417286700317e-02
3.855582297622599935e-02
9.614474758270999954e-01
7.193294358627999596e-01
2.806705641371800009e-01
2.806705641370400017e-01
7.193294358630000218e-01
7.785266154308499997e-01
2.214733845690000091e-01
2.228191206563799875e-01
7.771808793436399965e-01
6.291693374612800094e-01
3.708306625388200217e-01
6.336736258583900439e-01
3.663263741416600272e-01
9.078803126804200208e-01
9.211968731959699341e-02
9.211968731957799472e-02
9.078803126804100287e-01
4.078019890466100250e-02
9.592198010953699727e-01
4.078019890450799989e-02
9.592198010953599807e-01
9.113989660554100425e-01
8.860103394451999959e-02
8.860103394424799494e-02
9.113989660557999528e-01
9.338492479243699629e-01
6.614458508689599614e-02
9.338554149132000104e-01
6.614458508679099680e-02
8.590116245954300123e-01
1.409883754043800008e-01
8.590116245963099750e-01
1.409883754037400128e-01
9.317002637204599980e-01
6.829973627948300596e-02
9.317002637207499882e-01
6.837362947815500691e-02
9.263522516263700268e-01
7.364774837354400028e-02
9.263522516267700402e-01
7.368073640846700689e-02
7.514019536412900324e-01
2.485971165617300027e-01
2.485982441254599995e-01
7.514028834382699973e-01
7.855664460639999458e-01
2.144318405325499888e-01
1.745451928020099949e-02
1.745451928021700058e-02
9.825454807198800156e-01
9.825454807197799845e-01
8.480542943794600053e-01
1.519457056206300061e-01
8.482419455664700347e-01
1.517427289852900096e-01
6.581611197667499580e-01
3.418388802333000021e-01
3.418388802337000154e-01
6.581611197662800006e-01
9.056399480781700539e-01
9.436005192186699975e-02
9.056041305117400464e-01
9.439586948837699887e-02
2.422159829411099918e-01
7.577840170592099467e-01
2.422159829397499964e-01
7.577840170599400293e-01
5.691502242253100308e-01
4.308497757748199763e-01
5.691502242243600129e-01
4.308497757757600022e-01
8.727672449252800169e-01
1.272327550745100122e-01
8.727672449262899868e-01
1.272387188446200135e-01
2.241647641104899946e-01
7.758352358895399536e-01
3.041404018108300189e-01
6.958595981891499971e-01
2.789301584212700025e-01
7.210698415788899807e-01
8.472336682361499838e-01
1.527663317637799889e-01
1.527662926222599915e-01
8.472336935328900198e-01
2.575937984695499949e-01
7.424062015302199669e-01
7.424062015300999517e-01
2.575937984700000238e-01
6.959632119151799579e-01
3.040367880848999782e-01
6.959632119147699525e-01
3.040367880852100080e-01
7.637707375645199637e-01
2.362292624355100124e-01
7.789272842956099785e-01
2.210727157042300106e-01
2.210727157044599933e-01
7.789272842955999865e-01
2.239481112190200018e-01
7.760487596988300263e-01
5.638104433361500467e-01
4.361895566643099742e-01
4.361895566670799806e-01
5.638104433335400234e-01
3.478354557551999737e-01
6.521645442449000019e-01
3.482522110827099837e-01
6.517477889171100491e-01
2.015610681324699893e-01
7.984389318670399582e-01
7.984389318668799751e-01
2.015610681333399878e-01
7.462151021259300077e-01
2.537848978739000172e-01
5.550988394301099860e-02
9.444901160571199661e-01
7.670978833353000459e-01
2.329021166646899899e-01
2.329033534384800097e-01
7.670966465614500462e-01
8.139150066551099627e-01
1.860849933449200133e-01
1.860849933451599880e-01
8.139150066547300444e-01
2.780616638721299938e-01
7.219383361276999755e-01
7.219383361275000244e-01
2.780616638726099987e-01
1.316657743568500072e-01
8.683342256431200168e-01
8.683342256426399564e-01
1.316657743573899919e-01
3.076036159702699724e-01
6.923963840294500294e-01
1.695304251353899894e-01
8.304695748646200304e-01
1.695304251355899960e-01
8.304695748643400321e-01
3.867735965730699776e-01
6.132357809210700061e-01
3.862655478731599756e-01
6.137245723272599651e-01
8.268647693645799768e-01
1.731352306351600090e-01
8.268646808137199988e-01
1.731360006625000114e-01
1.185947544094500053e-02
9.881405245590499931e-01
1.185947544110699942e-02
9.881083238775599797e-01
