0.000000000000000000e+00
0.000000000000000000e+00
3.000000000000000000e+00
3.000000000000000000e+00
1.500000000000000000e+00
2.100000000000000089e+00
1.500000000000000000e+00
9.000000000000000222e-01
0.000000000000000000e+00
0.000000000000000000e+00
0.000000000000000000e+00
0.000000000000000000e+00
0.000000000000000000e+00
0.000000000000000000e+00
0.000000000000000000e+00
0.000000000000000000e+00
0.000000000000000000e+00
0.000000000000000000e+00
0.000000000000000000e+00
0.000000000000000000e+00
0.000000000000000000e+00
0.000000000000000000e+00
0.000000000000000000e+00
0.000000000000000000e+00
0.000000000000000000e+00
0.000000000000000000e+00
0.000000000000000000e+00
0.000000000000000000e+00
0.000000000000000000e+00
0.000000000000000000e+00
0.000000000000000000e+00
0.000000000000000000e+00
0.000000000000000000e+00
0.000000000000000000e+00
0.000000000000000000e+00
0.000000000000000000e+00
0.000000000000000000e+00
0.000000000000000000e+00
0.000000000000000000e+00
0.000000000000000000e+00
1.578947368414000130e-01
3.157894736829099935e-01
4.736842105242700107e-01
6.315789473657600350e-01
7.894736842073000194e-01
9.473684210488499957e-01
1.105263157890399972e+00
1.263157894731899988e+00
1.421052631573499925e+00
1.578947368415599906e+00
1.736842105258300073e+00
1.894736842101000018e+00
2.052631578943699964e+00
2.210526315786399909e+00
2.368421052629200219e+00
2.526315789471900164e+00
2.684210526314600109e+00
2.842105263157300055e+00
3.000000000000000000e+00
3.000000000000000000e+00
3.000000000000000000e+00
3.000000000000000000e+00
3.000000000000000000e+00
3.000000000000000000e+00
3.000000000000000000e+00
3.000000000000000000e+00
3.000000000000000000e+00
3.000000000000000000e+00
3.000000000000000000e+00
3.000000000000000000e+00
3.000000000000000000e+00
3.000000000000000000e+00
3.000000000000000000e+00
3.000000000000000000e+00
3.000000000000000000e+00
3.000000000000000000e+00
3.000000000000000000e+00
3.000000000000000000e+00
3.000000000000000000e+00
3.000000000000000000e+00
3.000000000000000000e+00
3.000000000000000000e+00
3.000000000000000000e+00
3.000000000000000000e+00
3.000000000000000000e+00
3.000000000000000000e+00
3.000000000000000000e+00
3.000000000000000000e+00
3.000000000000000000e+00
3.000000000000000000e+00
2.842105263159799833e+00
2.684210526317699852e+00
2.526315789476599960e+00
2.368421052634499979e+00
2.210526315791899954e+00
2.052631578949399849e+00
1.894736842107699992e+00
1.736842105266299896e+00
1.578947368424900022e+00
1.421052631582899961e+00
1.263157894740400078e+00
1.105263157897800053e+00
9.473684210552899554e-01
7.894736842127400012e-01
6.315789473701900469e-01
4.736842105276399817e-01
3.157894736851000195e-01
1.578947368425500097e-01
1.655291427061200027e+00
1.799999999999299938e+00
1.924264068711099895e+00
2.019615242270099920e+00
2.079555495773400153e+00
2.079555495773500073e+00
2.019615242270900168e+00
1.924264068712600029e+00
1.800000000000500089e+00
1.655291427062000054e+00
1.344708572938899893e+00
1.200000000000599920e+00
1.075735931288900105e+00
9.803847577298600013e-01
9.204445042266099497e-01
9.204445042264699506e-01
9.803847577290899507e-01
1.075735931287300051e+00
1.199999999999399991e+00
1.344708572937999946e+00
9.936985795664500243e-01
2.005182329964899868e+00
9.909312419437199537e-01
2.007395090179000086e+00
6.752917891262499861e-01
2.324324406664299847e+00
6.756755933356399790e-01
2.324565648207499891e+00
1.490360146103099970e+00
1.509639853896800110e+00
1.498526634720199979e+00
1.501473365279899941e+00
5.804041823169400205e-01
2.417614577651499896e+00
2.416031436543800037e+00
5.832595101591000475e-01
5.004971291933799638e-01
2.499502870808000043e+00
2.499140053392900018e+00
5.004971291911299858e-01
4.909713612832700136e-01
2.512379769011699793e+00
4.909713612819400219e-01
2.512165803774600192e+00
1.946995382836200106e+00
1.054049958697500067e+00
1.042079288306499985e+00
1.957920711693200033e+00
2.548989920782000151e+00
4.510100792178899920e-01
1.896794159657100076e+00
1.103493843989900025e+00
1.102626931314000025e+00
1.894739125613899899e+00
1.638155099880999943e+00
1.361844900120199986e+00
3.500471061128099803e-01
2.649224468532799914e+00
3.507755314670800151e-01
2.649806680936800163e+00
7.952620536905200543e-01
2.203106184408599955e+00
2.203357154526000006e+00
7.965034727435900130e-01
3.354295612967599927e-01
2.664726336568600029e+00
2.664570438703500077e+00
3.354295612960599970e-01
3.333212061593199826e-01
2.665633987996499865e+00
2.665633987996800069e+00
3.351765981572100150e-01
3.595013796604999978e-01
2.644319415143700169e+00
2.644005823493800200e+00
3.563120879783699957e-01
1.306357413733900019e+00
1.696439760295999966e+00
8.715392502777900008e-01
2.129100685696399875e+00
2.128220169006100004e+00
8.708256216020500151e-01
1.359480510532500075e+00
1.642982664364899925e+00
1.692836168577499967e+00
1.307163831422200051e+00
7.781562115686100345e-01
2.220130341242700034e+00
7.781562115688299697e-01
2.221411723911200120e+00
1.188050634812799933e+00
1.812476171602799946e+00
1.821286374555600052e+00
1.178516786183400056e+00
1.585944264168700046e+00
1.416015219621600041e+00
6.985496317877599726e-01
6.799615851253000276e-01
2.318403362240299970e+00
2.302717600395700170e+00
2.923736915355100163e-01
2.707630444546099913e+00
2.707641562916399902e+00
2.914125187746799961e-01
1.131177352512299894e+00
1.870042212610899979e+00
2.369498528868500209e+00
6.291344889786100181e-01
6.291396823087900270e-01
2.369264743008800078e+00
1.090021459241999890e+00
1.909952566124500040e+00
8.362420054827699456e-01
2.149201950620200030e+00
8.515139178136099662e-01
2.164214694855799870e+00
2.462480169583300127e-01
2.465353477631899992e-01
2.753687288099799790e+00
2.753699856416199854e+00
2.603690142044600142e-01
2.739635625209699832e+00
2.739676057398099829e+00
2.601555025776799979e-01
1.041665168376399997e+00
1.957093412572000091e+00
1.950524964437799991e+00
1.047640113450200028e+00
1.676711671306700069e+00
1.321453406580100021e+00
6.192604900516700539e-01
6.193666526697499952e-01
2.380808473549900217e+00
2.381821510847100143e+00
2.466683824727300134e-01
2.753331617527300157e+00
2.466267001166100037e-01
2.753183497045800010e+00
7.474666329069600268e-01
2.254487700924800109e+00
2.254093943514400067e+00
7.476168845565299703e-01
1.025940180816800051e+00
1.974101388197700091e+00
1.028163440480899915e+00
1.972062445754700022e+00
5.554500892902499709e-01
2.444542511486199832e+00
2.444584860980500096e+00
5.555197017469200027e-01
1.261185187644100036e+00
1.738814812356000106e+00
2.456642589066599935e+00
5.423845167620400254e-01
5.444922315499699517e-01
2.456384635225199897e+00
2.786267780526800131e+00
2.136466182318899898e-01
1.711937961689999899e+00
1.289561590603599983e+00
8.711988992313800528e-01
2.128077470573699781e+00
2.128658538102699893e+00
8.718298684325199721e-01
7.770947933351199932e-01
2.223125322786899893e+00
2.223125322786899893e+00
7.768746772146499779e-01
1.331304492780400084e+00
1.668695507219700058e+00
1.549938541713899998e+00
1.450061458287400074e+00
1.708768434551400039e+00
1.291391403946100080e+00
2.088206103576500106e-01
2.791179389642699959e+00
2.791179389642799880e+00
2.088206103567299965e-01
1.272503643058300105e+00
1.728041705912100046e+00
6.727968429727400057e-01
2.329496991648800197e+00
4.600890614961499758e-01
2.539910938504000182e+00
2.539910938504000182e+00
4.600890614957899860e-01
1.490076289139300014e+00
1.511712052460800093e+00
1.894145093260500012e-01
2.810522938723300168e+00
2.810522938723300168e+00
1.932416593447700004e-01
2.782543680931599983e+00
2.173397577122599955e-01
2.782201590714699968e+00
2.188341582601099899e-01
1.491855076433900029e+00
1.510867390310199898e+00
5.026810208413899916e-01
2.500487046594499940e+00
2.497664721746100103e+00
5.098081556556399718e-01
9.682604565788700546e-01
2.033174156717100001e+00
1.501966532076300043e+00
1.498033467923499895e+00
2.125472748747999852e+00
8.730547648708699704e-01
1.820264830708899995e+00
1.179735169292599917e+00
1.657969512268399948e+00
1.342008616703699975e+00
1.195437135774799930e+00
1.804562864224499963e+00
1.830653651440200091e+00
1.170011170337299955e+00
1.049868006047999902e+00
1.947807000160199919e+00
1.645530991183099978e+00
1.353451534477400076e+00
1.722879253891000106e-01
2.827598959763200082e+00
2.827712074611099968e+00
1.722879253886500095e-01
1.045745170303000071e+00
1.954633072806899907e+00
9.948261243942699839e-01
2.004526143021899909e+00
1.371175639802900137e-01
1.371175639798599966e-01
2.862882436019900112e+00
2.862882436019900112e+00
9.924198169629899757e-01
2.006428166562399973e+00
1.187867434319699989e+00
1.812132565678999940e+00
2.541453344565899997e+00
4.585471149990800188e-01
2.542588509147800213e+00
4.584925850424200200e-01
4.897453839237699835e-01
2.510138526538399972e+00
2.510138526538900017e+00
4.899515385889000041e-01
1.511065275555300014e-01
2.849057367750199798e+00
2.846848614138099975e+00
1.533272273027100063e-01
4.156717425290100132e-01
2.584783743376299903e+00
4.180199451844699987e-01
2.582335327677499848e+00
1.369166427954799925e+00
1.632762948211500031e+00
1.829303695885899916e-01
2.816266657593800016e+00
2.816280864400400041e+00
1.837386273989000118e-01
1.661524208446399919e-01
2.833847579155300167e+00
1.660185758472899897e-01
2.833981424152700157e+00
1.782990460595099913e+00
1.215573513403799932e+00
8.738402824867299579e-01
2.126915306780800208e+00
8.731453580743200327e-01
2.127228763064699990e+00
9.513838443100399722e-01
2.048129305305999903e+00
2.046939463827799788e+00
9.528725080930899871e-01
2.611449005644800092e+00
3.883828526874599785e-01
3.890066042566799887e-01
2.609204144724799779e+00
4.597559901948299887e-01
4.595358722153399800e-01
2.540063374575399990e+00
2.540872848849499821e+00
7.397228233651700346e-01
2.260208621429700138e+00
7.374533467677100163e-01
2.264450084912899896e+00
4.054623690456899965e-01
2.594537630955199958e+00
2.594831219239099873e+00
4.040721836315300242e-01
7.530176294026099670e-01
2.248493372762899956e+00
2.248319595546000027e+00
7.516042981431100278e-01
3.349402657452900112e-01
2.667176571872599933e+00
3.323542884949099996e-01
2.667176571872599933e+00
1.161945566929899920e+00
1.839331819927300105e+00
6.589280198657400112e-01
2.339539939602299778e+00
6.603934673771899577e-01
2.339627496768399872e+00
7.936183539705300438e-01
2.206594807595299912e+00
2.205078668294199851e+00
7.949213317055400241e-01
1.512613858346799900e-01
2.848739008077899815e+00
2.848740066970299800e+00
1.506175298075299873e-01
1.849799144154099961e+00
1.150200855845699976e+00
5.843709554744700441e-01
2.438605053758200025e+00
2.415889564038300019e+00
5.634417481042699460e-01
1.523786926281700094e+00
1.476213073718400048e+00
1.370899752057600063e+00
1.629100247942599999e+00
1.478074801096199931e+00
1.521925198903500087e+00
8.964497619310900500e-01
2.104913606934800008e+00
8.933285635101699818e-01
2.108130148705200213e+00
3.470130826822099834e-01
2.652986917317300186e+00
2.653103660205499814e+00
3.485085928687500223e-01
1.018016918752399969e+00
1.984097431113899912e+00
2.313452289340300005e+00
6.887111651108900334e-01
2.312567772455400128e+00
6.876167562049799731e-01
8.109639851406400535e-01
2.188880295561999922e+00
2.192206986538800084e+00
8.085164136346999486e-01
9.897690582289699890e-01
2.009958208115599998e+00
1.743311669713700107e+00
1.257887119019700073e+00
6.333456222907100086e-01
6.353021442755699688e-01
2.365481441185699918e+00
2.367055470850599974e+00
2.223798585127100047e+00
7.760739853133800104e-01
7.760501050044400495e-01
2.223772608920400184e+00
3.740904431775500250e-01
2.625826546618700075e+00
2.625538042599000033e+00
3.745850466968699832e-01
6.300029150997300542e-01
2.369821563599800118e+00
6.298666212749599591e-01
2.369762116675900199e+00
3.213700132006300225e-01
2.678621029945699838e+00
2.679858938727599948e+00
3.200741962238299876e-01
4.922058852061100276e-01
2.507967162656199900e+00
2.507808437541600100e+00
4.921748108645799813e-01
1.084705556887999967e+00
1.915465008440899952e+00
1.876885025895800085e+00
1.123310791136499898e+00
1.350040120854500092e+00
1.650364785477899998e+00
5.621321998532899933e-01
2.437998901429999865e+00
2.438008052581699836e+00
5.619766375258899993e-01
1.284125271010800040e-01
2.871592480854800122e+00
2.871587988389499913e+00
1.283888035868900046e-01
1.369517171601899896e+00
1.630653146644700069e+00
9.494061619783099593e-01
2.050120281799300059e+00
1.214968778421299939e-01
2.878490553841300148e+00
2.878503122157700211e+00
1.214968778423899942e-01
9.487831310411699581e-01
2.051176089001600200e+00
1.318341502501100049e+00
1.682101697746299918e+00
9.012010088311600553e-01
2.098534436513999957e+00
2.098727490327199963e+00
9.010567663208099987e-01
2.440680056609899840e+00
2.441818090322399826e+00
5.594442774385900430e-01
5.584350423238599870e-01
1.250323848168900076e+00
1.749711642890100061e+00
1.152103262580199905e+00
1.846835923208600017e+00
8.773028167703700309e-01
2.121454429378700102e+00
8.775399345214000002e-01
2.122439302906399927e+00
6.134256713228599667e-01
2.387840197710699996e+00
6.139165734987199752e-01
2.388675534270400025e+00
7.382635634469200125e-01
2.261969903841300145e+00
2.261491993135200218e+00
7.385080068647400520e-01
6.975959989654999527e-01
2.302708029255700062e+00
2.301364461908100179e+00
7.008878000761999960e-01
9.126521718415600004e-01
2.087318191017399904e+00
2.087185986408599980e+00
9.127931215838099854e-01
1.624317840211700004e+00
1.375955845887999907e+00
1.400735173308399917e+00
1.599598804392800000e+00
1.197628151172299926e+00
1.801975713519800015e+00
2.181548125641000091e+00
8.188913787073599515e-01
7.838487482700500220e-01
2.216240076497599798e+00
2.216798692349299937e+00
7.832690630540399823e-01
1.824040735064599961e+00
1.175881923814700025e+00
4.711358691288399791e-01
4.714306135809199771e-01
2.528565252609700220e+00
2.528632694347700216e+00
1.990332366214200066e+00
1.009426576854099977e+00
1.233356849512299985e-01
2.876929270054700005e+00
2.876667395155399820e+00
1.230843091618299967e-01
1.129248206887399908e+00
1.870718603302800043e+00
3.168587490007500063e-01
2.683227107698300085e+00
2.683123206421900164e+00
3.168497872909999957e-01
6.194525002132900138e-01
2.380400104007299955e+00
6.193440429031099592e-01
2.380985762026099906e+00
1.778307462130999994e+00
1.222345390215300087e+00
1.255410876652300001e+00
1.744027023122300069e+00
9.128299253179800177e-01
2.087178822926199828e+00
9.128028567380199743e-01
2.087464893022100032e+00
1.127069662861300003e-01
1.127388919307600046e-01
2.887273277070700139e+00
2.887287241866800080e+00
2.587495809285499937e-01
2.741250991838399820e+00
2.741353294654099937e+00
2.584878202725199858e-01
1.373258488871899941e+00
1.626756840846899976e+00
1.843076849204700052e+00
1.157576351775200019e+00
1.421257232970700057e+00
1.578694151634699949e+00
1.903532733888799955e+00
1.096006069285899942e+00
1.116445523740900031e-01
2.888333625742899979e+00
2.888348497409300109e+00
1.120846629311000042e-01
3.710964925666500047e-01
2.629251461327500206e+00
2.629346391811500094e+00
3.714514461371800080e-01
3.350415523537900175e-01
2.664971699671800032e+00
2.664971968933699920e+00
3.350445118152799995e-01
1.544340443751299974e+00
1.456322094140600099e+00
1.818962902972200091e+00
1.181143888366700034e+00
1.629587595657600030e+00
1.369976277927200004e+00
1.008833315698600019e+00
1.990550746494599954e+00
6.544115645758700195e-01
2.345732276904299862e+00
2.345406816542999984e+00
6.546142333419699977e-01
1.594298688204099923e+00
1.405765588856300097e+00
4.569958837715499822e-01
2.544054425949899834e+00
2.539337788963799802e+00
4.625948565241200239e-01
2.229582180130099900e+00
7.703592005943099563e-01
1.027383203443199999e+00
1.972672221909300028e+00
1.045914481382699934e+00
1.954194571450200035e+00
9.190522755191500304e-01
2.081637107613699911e+00
2.850061481176199840e-01
2.715877116330999819e+00
2.842444118921300111e-01
2.715506945286700002e+00
5.473634974542700427e-01
2.452508968255600053e+00
5.478736141583600006e-01
2.452293195202400078e+00
1.766321405008399958e+00
1.234033938859200097e+00
1.214516292578699946e-01
2.879359560815100139e+00
2.879359560815100139e+00
1.206404391848699964e-01
1.122267920887499992e-01
2.887773207911299878e+00
2.887773207911299878e+00
1.122267920886799997e-01
1.854957180884700074e+00
1.144998975956299958e+00
2.899410686043700114e+00
1.004922992161200040e-01
6.734794232345699960e-01
2.326325978664999905e+00
2.326354812093399893e+00
6.736218713047700257e-01
2.521140917427799888e-01
2.748402138861000044e+00
2.748014505126100016e+00
2.514655912880899846e-01
1.232470175224599895e+00
1.767810165228099972e+00
1.990636418097899929e+00
1.009691452256499922e+00
1.009537990037199906e+00
1.990892641305300081e+00
1.451600078385500092e+00
1.548891236585900000e+00
1.108457747557499984e-01
2.889152828764899983e+00
2.889154225244499941e+00
1.108457747551599981e-01
1.387637347840799951e+00
1.612362652158999987e+00
4.544673296297799814e-01
2.545528422334600194e+00
2.545652062512400171e+00
4.542148714986299907e-01
1.087660090323399942e+00
1.912099161602099917e+00
1.823737012729699902e+00
1.176428880209599903e+00
1.383880383592200003e+00
1.616351680869799967e+00
1.726774324408399952e+00
1.273201374449699941e+00
1.002302196182800031e+00
1.997300962235200039e+00
8.199854586981599747e-01
2.179553184789599918e+00
8.205343072289700279e-01
2.179422048949299917e+00
1.356862106247999966e+00
1.643469014114500082e+00
5.097844402138199671e-01
2.490205694155000149e+00
2.490213784492099958e+00
5.094129708158899872e-01
4.665181801744199830e-01
2.533140781917699869e+00
4.671717095512900042e-01
2.532885161018899822e+00
5.931599907013199724e-01
2.407069703398499794e+00
2.406637172679200187e+00
5.930399289390999584e-01
1.763444178372499893e+00
1.236874532976500074e+00
2.877921011362599923e+00
1.220660373758299944e-01
2.877883001338199964e+00
1.222320818811500065e-01
1.395103404490400045e+00
1.605266977814199914e+00
1.424168161322699966e+00
1.575900323758800070e+00
9.460387734755400235e-02
2.905387756650999798e+00
2.905384552599600045e+00
9.508156470509500358e-02
1.473409405310700082e+00
1.526597477331399944e+00
7.728238812409700120e-01
2.226790661886699940e+00
7.734457283085099943e-01
2.227151440412900030e+00
2.747793394413799994e+00
2.521669183484099852e-01
2.524714778985099883e-01
2.747443399591499968e+00
5.659091147933800192e-01
2.434113081728599859e+00
5.658060335078399783e-01
2.434211025484700031e+00
2.897419580250700122e+00
1.025850041077400049e-01
1.031024900810000033e-01
2.897074399736899952e+00
2.364976559525600042e-01
2.763508534206100098e+00
2.763504541480899857e+00
2.364972613571399984e-01
2.522801836347899895e-01
2.747626978437999856e+00
2.747692329005800183e+00
2.523742052106899836e-01
1.904226522760199991e+00
1.095585181861699953e+00
1.120128724342400073e+00
1.879538976012200102e+00
9.030594573743500053e-01
2.097413357369500186e+00
2.360993778952699962e-01
2.765063815169300110e+00
2.765123264728300168e+00
2.348840322587099905e-01
4.018736292308299762e-01
2.597862318414700056e+00
2.597875123252300078e+00
4.023363861151300069e-01
1.367674200819100072e+00
1.632593631202100104e+00
7.394116444469199800e-01
2.260779274288899909e+00
2.260452336826099806e+00
7.395639942941799605e-01
2.071552611017100087e+00
9.285500387444699522e-01
1.064605305259399975e-01
2.893574796808199956e+00
2.893537976757099894e+00
1.064036101068200069e-01
9.232712036583899939e-01
2.076532134653500172e+00
1.269335970113099954e+00
1.731221381992499975e+00
8.724303706371699940e-01
2.127578035952100155e+00
2.127556945176400038e+00
8.724166310796299673e-01
1.496102607554099961e+00
1.504212534602100027e+00
1.531075100854299986e+00
1.469440423550099961e+00
1.733105939171700083e+00
1.266902494063899987e+00
8.438237197696200065e-01
2.156183844759699930e+00
1.892196568364299947e-01
2.810700613022799832e+00
2.810696648067600112e+00
1.901809996463300068e-01
4.887851578699899946e-01
2.510941808496800043e+00
2.510423471149399788e+00
4.895884045956599984e-01
3.914485900303200094e-01
2.608448003671900217e+00
2.608534739623399989e+00
3.915504103944399961e-01
2.156607026852099818e+00
8.434548873241000111e-01
1.711055642996399895e+00
1.288961779817900055e+00
1.189378547526400043e+00
1.810689980361499973e+00
