-2.745448627397169966e-02
3.087106904336782143e-01
1.767808149232648618e-01
-3.140938396189450477e-01
6.022830112715724105e-02
2.589911717943589320e-01
5.537772042511228676e-01
9.077046758617171029e-01
1.017017247970631200e+00
4.046704088287702006e-01
1.143725546617615718e+00
1.229494045390617352e+00
1.621730422772627911e+00
1.317036503124376701e+00
9.236326595055428523e-01
1.296451526256467535e+00
2.350422288387663095e+00
1.768993122244122196e+00
1.298546331649822028e+00
1.891276306809230645e+00
6.789474621600630755e-01
1.301706331753817780e+00
1.002664052234708114e+00
8.532593565817833126e-01
1.468880262101902590e+00
1.687133151316716484e+00
1.906579260488016070e+00
1.552648434106066233e+00
1.563275169900126826e+00
1.232683709427497387e+00
1.554130874575286869e+00
1.199742905634578083e+00
1.063952512458712363e+00
8.939821254462888556e-01
3.829106369205393934e-01
3.857473701980480008e-01
6.158752026831644244e-01
5.291785101321857532e-01
8.653364919357530161e-01
1.721784947232103624e+00
2.136110496385558388e+00
1.855880411682538922e+00
5.310011870541883061e-01
2.382222084475130508e+00
1.171702657981894324e+00
1.520880919326547787e+00
2.380951213175052761e+00
1.033283785459300663e+00
7.437134889538474791e-01
8.730210403812532771e-01
1.248501375380302258e+00
1.564753334426753906e+00
7.360993879078855384e-01
4.942171555616857448e-02
-2.248622976199383117e-01
-4.324468086379144594e-01
-6.538975624690045452e-01
-1.052314184597195723e+00
-1.258918145326055837e+00
-4.135322719853209983e-01
-1.113552080177891312e+00
-1.394154310953240161e+00
-1.802162158344573495e+00
-1.343372680681460540e+00
-1.497923180952943412e+00
-1.873434658210809012e+00
-1.529267286813378313e+00
-2.327062444487346116e-01
-1.033937329332914601e+00
-1.888872942100945640e-01
-1.436652042459945156e+00
-1.619721006282838660e+00
-1.664750285458215018e+00
-9.792155058747599172e-01
-1.196001339104859174e+00
-1.254929804485808376e+00
-7.636857642067540475e-01
-1.683817244594679075e+00
-2.481257143611292459e+00
-8.157843958281654206e-01
-9.975498980860805220e-01
-1.726329146129063963e+00
-9.255133804707489364e-01
-7.284691897589293808e-01
-3.921700865973667405e-01
-3.810762129551787392e-01
-4.601219680949301116e-01
-1.562806545671050706e+00
-7.457970962646389701e-01
-1.878200025784037663e+00
-1.732973773720284605e+00
-2.302905791265038360e+00
-5.140484766120599902e-01
-2.027152245953028675e+00
-1.548649124021436174e+00
-1.199829349585103788e+00
-1.737535746110016710e+00
-9.094056370750170926e-01
-1.360392514657639884e+00
-8.660530773465732191e-01
-1.492629981066660561e+00
-3.800574771888821646e-01
-9.447015343691869127e-01
-1.140602873888493518e-01
-3.228134224625388016e-01
3.472462580500184637e-01
-4.776242846227036765e-01
3.531648617113707922e-01
1.390793328292228459e+00
-1.732309043024424122e+00
7.665292584842914314e-02
-2.544555358582087368e-02
-1.226802358399828874e+00
-1.037477734675093410e+00
6.698118575550741083e-01
8.122882186650992598e-01
-9.669046787881049321e-01
6.658114988176859761e-01
2.222188511273353040e-01
-3.989686601921138553e-02
-2.439517415410877188e+00
-1.281327191462488857e+00
-1.892857564289986305e+00
1.350775725699975283e+00
-3.296699673141783582e-01
1.858510990376773586e+00
-2.201683968090397236e+00
1.654977304968218155e+00
-1.672477372822585573e-01
-2.912892242902752060e-01
2.345497793399407893e+00
-4.762328202336004179e-01
-1.233390188531288123e+00
4.625102273027793531e-01
1.233113783828681864e+00
-5.166644720572186600e-01
5.090106172557137265e-01
-1.122545630605203959e+00
-1.393447007462885079e+00
1.622286488864767451e+00
-1.398812650743965103e+00
7.761922149515633196e-01
-4.282178652538340957e-01
-5.800669127337445552e-01
2.518448828635702630e-01
7.699220485147121318e-01
-1.089059017794072881e+00
-1.487800231026069397e+00
1.576328481496846345e+00
1.136753757488701666e+00
-2.362575072631102113e+00
-1.673295325532826228e+00
1.232466326717251315e+00
1.739031283623438950e+00
5.937544748814103102e-01
-9.491589322103409776e-01
5.994967078046400388e-01
-4.581692585748999014e-02
-2.844510502617138004e-01
-4.047730548817756180e-01
1.141299007473829619e+00
-6.155559714232864410e-01
1.459127961646381033e+00
-8.958067504606679332e-01
1.156497634160519095e+00
7.126054485877217903e-01
1.467857464720560667e+00
-5.358879880522530170e-01
2.785766055057286028e+00
-1.321846370187874653e+00
2.960372106882274146e-01
-5.430605837738551323e-01
-5.541657438306660799e-01
-4.383522165919202518e-01
2.661505589249983483e+00
-1.534165734439411066e+00
-7.644264433643229717e-01
1.008951949491110778e+00
5.492367943951710352e-01
1.925978274426477788e-01
4.078715700236389963e-01
-1.965530134595436573e+00
1.299234417844333356e+00
4.073141621752203179e-01
-2.091354354646857150e-01
2.137166671706285659e-01
1.362427954942108110e+00
-1.656081884410604665e+00
-2.849115867379870548e-01
7.781681224400863739e-01
-2.050997104059643084e-01
-6.623926247208888896e-01
-1.838485834669134844e+00
8.639432022564590419e-01
-1.093572860078769304e+00
-8.024680943453621484e-01
6.546781715672278512e-01
-1.614042969367466940e+00
2.219621878966987205e-01
1.589967007287792278e+00
1.910886355976840756e-01
1.637137210499100881e+00
4.089603558481051948e-01
-5.526270742529260094e-01
-8.014937669808946952e-01
-1.752504072172930361e+00
-1.745105392370981168e+00
-2.563659336965151692e+00
1.396367684303536638e+00
9.686199357414551070e-01
-1.500599279926383423e+00
-5.078083346371732310e-01
-1.035719194795470921e+00
7.708608909764503858e-01
1.437309736116397785e+00
5.596604445620348978e-01
5.185639346512781467e-01
4.508868302240395254e-01
2.198827106147996702e+00
4.782981269201687646e-01
-7.786140189715381466e-01
-9.245406281923597147e-01
8.104370489089857132e-01
-7.098057223293426921e-01
4.907016489285404015e-01
-9.765565939731063461e-01
1.061842029938913523e+00
2.649294285970566598e+00
-9.906124785166255942e-01
9.085111377009023881e-02
8.696228107617093306e-01
1.665262327192923664e+00
-1.521835948044264253e+00
-7.567363178378295752e-01
-2.351364369481357297e+00
1.243758921124233030e+00
-3.872638124428394724e-01
9.452918519467627678e-02
-1.189062067125703281e+00
1.770123251496682482e+00
7.557753144484784524e-01
1.183710831582826417e+00
-1.384271321612446926e+00
-9.693449477514179957e-01
-1.794269109959563346e+00
1.491608222556903840e+00
-9.217102287593249565e-01
1.276881862687558211e+00
-9.396338299031034014e-01
2.759928325921701120e-01
-9.073504768717698399e-01
1.117070915894439048e-01
1.173331250249235680e+00
-3.874573083278466945e-01
4.100837510803232999e-01
9.116845134763873482e-01
-1.794217848621501243e+00
1.300254199238250807e+00
-8.169379512412282551e-01
9.945129439466561250e-01
-4.099896459446717434e-01
9.924439163831869637e-01
6.628911980638142465e-01
-6.698337757932808501e-01
6.372435144607067059e-01
-8.811745094842273751e-01
9.294355046104422202e-01
4.814238209212648445e-01
1.123328369211670452e+00
-7.138684916380776402e-01
-1.874872260242656630e+00
2.217278320190589014e+00
-9.285022006391691063e-02
1.268207410525754586e+00
1.178290234086342425e-01
-1.805721497259384467e+00
-3.378111820726097392e-01
-1.675642120356666043e+00
6.230539039822655667e-01
1.535311235074602765e+00
1.891362969843898068e+00
-1.404678071663935324e+00
5.273240622792170207e-01
-1.689037496236123759e-01
-1.882418206125509919e+00
7.084070469088326050e-01
3.113628820925376864e-02
5.518379165400993935e-01
3.679823716758729574e-02
-5.532187618706657650e-01
-1.333482484976115101e+00
-1.905268831192631795e+00
1.973916442502636759e+00
3.649401424553909701e-01
2.045215001858622372e+00
1.469436617868872696e+00
4.444081657497698790e-01
-2.036360595934040507e+00
-9.212128516651116872e-01
-2.373810753336336621e+00
-6.542559514705988954e-01
7.410430027085090909e-01
-1.885655293037574731e-01
-7.695906812798464225e-01
-1.482512433717567912e+00
1.408352442671878535e-01
-2.054331182116573284e+00
1.432175683688848178e+00
9.330840761579374254e-01
-9.845243877680323052e-01
-1.749156275371445801e+00
1.730034130945125703e+00
6.339769888865851022e-02
-9.351545234655449512e-01
1.842974397569899114e+00
9.443359241512524482e-01
6.110843234544344194e-01
-2.847219853772466891e+00
1.007018839415470435e+00
-1.207425142527810413e+00
1.814153664119924070e+00
1.663472634060120248e+00
2.007213369430642214e+00
-3.237075704375016016e+00
3.722899227695878555e+00
2.304499476268987157e-01
-4.240364031434616376e-01
-1.025346076582154486e+00
-4.849302315208449676e-01
-9.760364156732551644e-01
-2.245630975253919970e-01
1.785760057861672356e+00
-1.275148802973828710e+00
-9.195894025852475728e-01
4.676514072144657419e-01
4.908718859422254166e-01
-1.479933226698131321e+00
-1.416818507510871239e+00
5.298686891334692950e-01
-3.000231000204055309e+00
3.489824174603481044e+00
2.213531951659937658e+00
-2.298331433570500071e+00
2.319095843817299052e+00
-1.712828721496733708e+00
-3.712030410087672760e-01
7.634527484443807133e-01
-8.245160699677326344e-01
-8.321736427018462390e-01
-1.874418729680463747e+00
-8.082205794849047775e-01
7.988003968687765743e-01
-8.000597859742795970e-03
-4.179166539949231811e-03
8.934608936234256921e-03
8.112098940098591004e-01
2.319189307273451239e-01
1.118019537940008856e+00
9.254439382728530950e-01
-8.656402841020430783e-01
1.385999396905040149e+00
-1.708371958466516904e+00
-1.403183609153569433e+00
4.789979102152278068e-01
1.149844586166908655e+00
-7.672954600709423756e-02
6.583003571869394666e-01
1.460659687781337146e+00
-1.459270444464171979e+00
-1.599597568560998662e+00
5.049413089311012293e-01
1.086473251201667711e+00
8.133459154291099447e-01
2.425557626947997925e+00
-1.742779070732533686e+00
-9.930779166289351867e-01
1.416684780746683137e+00
-8.964724994644124312e-01
2.246597882723522677e+00
-1.654649705604258170e+00
-3.493760607430279053e-01
1.463253618987411242e+00
1.108200710478620898e+00
9.655854981331805087e-01
-1.514011608366934825e+00
8.779385889282187438e-01
1.349494124835213027e+00
6.595692795604592984e-01
-1.416853157189841284e+00
-1.533392719830030670e-01
1.736508012288623948e-01
1.771385598124467053e+00
-5.101889927533126423e-01
-1.669817786159874196e+00
-6.561057812373085607e-01
-9.407533156462059010e-01
3.462866347948731494e-01
-1.330898398961100737e+00
-9.291259184475305320e-04
1.910164419807110825e+00
-2.917300329994433616e-02
1.541161763439743870e+00
-5.156526582529573632e-01
3.062844527151936114e-01
4.307755849016107197e-01
-1.128036366386836242e+00
1.797751093113889143e+00
-1.917467011378749975e+00
-1.995078107176465387e+00
1.310054185810482386e+00
1.837982698525217007e+00
-1.172619839384666518e+00
1.732473140524909194e+00
3.985330704674102664e-01
1.581348961119237728e+00
-6.527568613730467817e-01
2.833354354382497942e+00
-2.070798511747089510e+00
-2.054278642216575523e+00
8.513490642789641738e-01
1.409862199229146018e+00
5.551514451779986092e-02
-4.345366049765355676e-01
7.743371539073469478e-02
-1.198053114878903980e+00
1.105831483861512005e-01
-8.170044271435762395e-01
6.237753657090249204e-01
-2.293703847688581821e+00
1.403920915933171143e+00
-4.454656697539551846e-01
7.303488171125860351e-01
8.306151665839466292e-01
-8.140882190317612066e-01
-2.660418739625141527e+00
3.452320300166378808e-01
-4.022504996904611718e-01
-9.343424500835707525e-01
8.177411479699937535e-01
3.923745274701551655e-01
-1.858393451819098763e+00
1.396860018692014149e+00
-5.211631153041248465e-01
-2.317243564503632947e-01
-8.883473066749469904e-01
1.443141448338242983e+00
1.327667432552281035e+00
-1.792405698332523167e+00
1.359048293987556333e+00
3.930449202682219645e-01
-1.726554199723900063e-01
2.125666320960593603e-01
1.457594128059675143e+00
-8.240131863150196301e-02
-5.260854770955820658e-01
4.276497451059509958e-01
-1.359527597958468670e+00
1.409556430770020352e+00
-2.987433393830964401e-01
-3.353429813869315268e-01
-5.506688839632665200e-01
1.366465740583532096e+00
-8.113850716092110282e-01
2.135058954834949674e+00
1.113750521373724434e+00
-8.599607016839276585e-02
-8.509698635229679953e-01
-1.969299899349413518e+00
-2.266057573693949778e-01
-1.130444075103157253e+00
7.456556421479847430e-01
-2.234896314242399651e+00
-3.431105543469850638e-01
-2.403374370084775169e+00
2.366962849531240032e+00
-1.337493992053152336e+00
1.082405969455415562e+00
-1.549992997764040314e+00
1.033872966430950946e+00
1.162490330708853881e+00
1.069788811300242726e+00
-5.308835837097973798e-01
7.041580358345141955e-01
1.622800039634781033e+00
-1.024180861323268132e+00
-1.742582163355390179e+00
1.908205197063321590e+00
1.195562065453049438e+00
-2.028212445044232926e-01
-1.439830078330054386e-01
-6.533424693835430119e-01
5.223051023263322046e-01
-3.369940579315096607e-01
3.570864505238148245e-01
1.133447546003197193e+00
-2.525859709409745135e-01
2.087752473033445355e+00
-7.091648691178848996e-01
8.699606190480388412e-02
1.437050872915988098e+00
-6.506838319078388500e-01
-1.025951737057936963e+00
6.089367015154779628e-01
-8.932248167367337066e-01
-6.781560473521762722e-01
8.966096577762823205e-01
-3.519419668393664047e-01
1.278593519316395255e-01
5.511205175757953878e-01
1.292854119485444819e+00
-1.973659131674014022e-01
-1.212509952221681786e+00
5.603956525482455264e-01
1.930897413831113019e-01
6.870064701443482358e-01
-9.190489055318227241e-01
1.924575437154395940e+00
2.592608500600223076e-01
-1.171807361522910318e+00
-6.051229064530119217e-01
2.655040959440364556e+00
-5.225550196356013588e-01
-1.195768573644258259e+00
-9.688422368151727859e-02
1.353153813154017726e+00
-7.901634908950657676e-01
1.857404590279604362e-01
2.556347790205034665e-01
-4.745593362195506537e-01
-6.345693662776559218e-01
-6.370332677815473410e-01
3.872928457108161804e-01
-1.628446714341210244e+00
6.621440113731091870e-01
-1.038918935556145007e+00
5.888660111855089641e-01
-6.177859700137292576e-01
-1.389361074769040139e+00
1.465795519271595237e+00
-1.067608926979526807e+00
-1.224881124480965422e+00
1.517327805411416319e+00
-1.010340055882990723e-01
-6.163640986727709770e-01
-3.269094579151556323e-01
-6.622997962818746309e-01
9.805638645164745926e-01
1.280131493217481431e+00
3.456218851665143754e-01
-3.371707452573948771e-01
-9.883611428335135896e-02
1.174084491153480014e+00
-1.280773427686188459e-01
-7.967727485790950803e-01
1.159261366210010413e+00
1.785187797371075913e+00
-2.336275042608297436e+00
3.104746649950523296e-01
-1.075025553883177221e+00
2.045611933303325802e+00
-1.777658614277125126e+00
-5.447686392674780942e-01
1.076484504234561657e-01
1.976888184902919898e-01
5.582334067907513964e-01
-1.103269062412512991e+00
5.454286564771544388e-01
-1.203825240212308689e-01
1.497199374039552389e+00
-5.099044087277556647e-01
1.443483751785406222e+00
4.494206106837882464e-01
-1.395939678306963971e+00
6.807445223647027310e-01
1.106679568852626971e+00
-1.565171923838544865e+00
-1.641494223303655797e+00
6.341941295382906851e-01
5.591663594192775033e-01
-1.227139556050845570e+00
3.442530836850745679e-01
-7.142733073295401969e-01
1.733824637224769427e+00
2.169478651236012468e+00
-1.349656590943065781e+00
-7.800638568947410034e-01
-2.410602376213460130e-01
1.193445935183819806e+00
2.419198383343076353e-01
-9.249661139702906043e-01
1.387797895794086633e+00
-4.310384857508005596e-01
-9.279144499045600680e-01
-1.770032953605958470e+00
1.002355828186785924e+00
1.089407540890357629e+00
-9.990177671274506066e-01
6.330772337542980299e-01
-1.205951106832460484e-02
-7.335264526835004739e-01
-4.898319464096091425e-01
6.059848777998977365e-01
8.173766821059887944e-01
1.212514518554142356e-01
4.291355742010977137e-01
-3.543411307106023034e-01
-3.021960637228666702e-01
5.016407203857035091e-01
7.673240798884963833e-03
9.394763254664226793e-01
-1.777768363805751095e+00
2.075141454656410644e+00
-2.732622543525137226e-01
5.247732941477580709e-02
-2.327694646213555874e-01
1.927708348809475114e-01
8.792595837432778394e-01
5.722856529350612842e-01
3.993922156966164816e-01
-1.172307660107928529e+00
6.693781450703054636e-01
-2.355573582268750410e-01
-1.561587456347396097e-01
2.469848323501155907e+00
-4.507567176417668353e-01
-2.831563908071220159e-01
5.183638964093419954e-01
2.675151956992971147e+00
-1.753573865734171955e+00
2.750194188695906372e-01
-1.800999570593522503e-01
-1.140560327862092826e+00
-1.134747913266406782e-01
9.024231711698377234e-01
3.577831201936529371e-01
-6.574206219519724836e-01
-5.968126444820007759e-01
-1.592207628661363783e+00
1.389920960548687745e+00
-1.083206639145382288e+00
1.004230874384641314e+00
-2.563012832467347901e-01
6.620956563382234261e-01
1.332173092082568733e+00
-1.739680053136591020e+00
2.301411531719114389e+00
-1.464028440607733517e+00
2.396037691568553729e+00
3.266871128622213932e-02
5.321815116940442625e-01
-5.831207817564855178e-01
1.065713941603742887e+00
6.860080081031354471e-01
1.808257503400796939e-01
5.417954861190034110e-01
-5.445023002955363262e-02
1.394687037682061481e+00
-1.301725049290115344e+00
-6.113341599188478748e-01
-1.587704632371439439e+00
1.402896288069016562e+00
-1.248294542422525355e+00
1.463325509966659999e+00
6.594146422956444209e-02
6.863736439798729938e-01
2.926333978783929660e-02
-6.342095192119100444e-01
-1.532465779547330875e+00
2.303230361633864798e-01
-1.097496082044942423e+00
2.312477134116144584e-01
3.223125716320372480e-01
1.210400728101002077e+00
-8.187911814093276064e-01
1.134381210462777345e-01
1.667449336694132658e-02
6.644584926990124152e-02
-7.331837445894757721e-01
-4.457174178840212497e-01
-2.538259999647800025e-01
9.579209280670292204e-01
-1.594293750955609879e+00
-5.214436421224328821e-01
1.195494872754299803e-01
-7.804963905609559882e-01
4.373576745911632035e-01
5.481023327423141245e-01
-6.622580210857982319e-01
8.510832684742466459e-01
9.366585237070309544e-01
9.589388505445175515e-01
-1.414257262074617882e+00
-6.632896696060830433e-01
1.070925356671229567e+00
-5.207115521652970758e-01
-7.216008855190632065e-01
-5.943923257447364383e-01
-5.230505609463982353e-01
-8.391130314939941603e-02
-6.102728415604781187e-01
4.431725859841927351e-01
5.824572671682091141e-01
-7.085919779640806881e-01
6.380870700361094272e-01
1.421684515914161118e+00
-1.349387233148388265e+00
1.039131962527951369e+00
2.276974944978799320e-01
1.927199438803418152e+00
-1.065845983464858371e+00
1.572928576927070665e-01
-1.160045386194104244e+00
-1.347305038100834906e+00
-1.011199343439657561e+00
1.323230739693627367e+00
-5.373424242727535827e-01
-1.122392927080910319e+00
7.477466718628783537e-01
6.591206237062474660e-02
7.127160301248183227e-01
5.742094269691312425e-01
9.839998504200954121e-01
-9.277526647441441954e-01
-3.012327050111316962e-01
2.322272895109843915e+00
-9.797585451999809569e-01
1.130737894205795929e-01
6.740243789969477817e-01
-4.686975305674790926e-01
1.876983319749683105e-02
4.004476015883231543e-01
-7.123736001886239455e-01
-1.078887659037864211e+00
7.930740106488560759e-01
1.379386292768267852e+00
8.767899890864847001e-02
5.394205644945846423e-01
-9.695748999547795233e-01
-5.275762031177393396e-01
1.304539036702885069e+00
-3.523306368238687813e-01
1.215340754129719869e+00
-4.435886891507151431e-01
1.179334318777137458e+00
-1.860649535876557792e+00
1.843273436475842963e+00
-4.225359363771296478e-02
-8.868168461621206422e-01
1.825257159957251130e+00
-1.830357626963534379e-01
-1.270755429586360119e+00
4.917174113459318874e-01
1.590348542908079088e-01
2.617350344501894743e-01
-1.227272953333954364e+00
1.380345156828342690e+00
-6.426072436413403643e-01
1.026608419061057376e+00
1.116260687688401143e+00
3.760882954459934258e-01
7.507299227851379486e-01
-2.789404122257588617e-02
9.725646099206939343e-01
-6.107951317500082133e-01
-8.925022278012421928e-02
-4.337606132762249489e-01
-7.724113456058127047e-01
-1.549059966540756311e-02
3.664159394461044550e-01
-1.250074440559879874e-01
-1.850397254464270641e-02
-2.792058408512444467e-01
-2.925715445802793413e-01
4.905778829398462215e-01
-8.617104049181276704e-01
6.410474279380815599e-01
-3.869010088270356806e-02
7.559029452227566948e-01
7.821484000516329971e-01
-4.228704421437061156e-01
1.775507276401002921e+00
-8.314480782372063450e-01
-6.090512142387242145e-01
2.931709768733130050e-01
2.528186998687886322e-01
-7.536770178439662349e-01
6.240173108890970655e-01
3.867267356323433880e-01
-1.263632523806002217e+00
-2.706220383898411685e-01
3.140047400894697693e-01
-4.991060723010590228e-01
-4.153987203060267031e-01
-8.378973069039842292e-01
2.309857073244224179e-01
9.711169500442839997e-02
-5.224245133860271340e-01
4.479123635521257141e-01
-2.567677976781860827e-01
2.880928478838932771e-01
-2.467547243104561416e-01
5.067445913267850655e-01
-1.382105117794170390e-01
9.047935798985392575e-01
-5.455180818571114809e-01
9.210998686894853460e-01
8.056003484961385963e-01
4.745643659700191641e-01
-7.417344587188521299e-01
6.030393741749215941e-01
-1.755686507977724631e+00
-7.182216658005555754e-01
-3.428533839291793006e-01
-7.551832200969179620e-01
-4.495131367415744483e-02
1.212352142429824031e+00
3.596110471758036109e-01
-6.423723893524363460e-01
3.258254095118164745e-02
1.357169846058480234e-01
2.503327723592191911e-01
9.049488647649127637e-01
-7.583843705516338241e-02
-4.106105509356683947e-01
6.089163668363256621e-01
-2.856067098148713512e-01
-2.881342690769976844e-01
-3.001364911810854852e-01
2.937459814790836510e-01
-1.868615227234373954e-01
4.462404974991688450e-02
-2.190060782477928625e-01
-8.432059530988080809e-01
-5.235834143110488711e-03
3.614186158735732124e-01
-8.625542574205724566e-01
1.146338099014458933e+00
-3.936351057197899905e-01
-7.350429126295634011e-03
6.152767581432164734e-01
4.369447405440227139e-01
-9.759343109373738723e-02
9.636812763112543312e-01
-5.813807587951742573e-01
-5.473451666212876265e-01
-1.251852305065673798e+00
4.626242847845333898e-03
-2.708068975273175139e-01
4.238958762571098937e-01
-5.729689967134105055e-01
-8.521561370541956837e-01
-4.865759323856003876e-02
5.124405668648743806e-01
1.547156689417765296e+00
-1.199526546673721050e+00
9.313921610733285616e-01
3.599229846307646086e-01
6.538866557907460075e-01
-1.385923484969892316e-01
1.822773597497746589e-01
1.973210113073921024e-01
-5.272852874216904517e-01
3.704008761065476496e-01
-9.030617101945120906e-01
-5.978901474328727206e-01
